3.744266924013358450e-02
2.241980884182960265e-01
1.063398887332880904e-01
2.271346262444381703e-01
7.136113980412293889e-02
2.021200272133080456e-01
0.000000000000000000e+00
0.000000000000000000e+00
0.000000000000000000e+00
4.996662985297550819e-02
0.000000000000000000e+00
nan
nan
0.000000000000000000e+00
0.000000000000000000e+00
0.000000000000000000e+00
0.000000000000000000e+00
0.000000000000000000e+00
nan
4.333256021258870966e-02
nan
0.000000000000000000e+00
0.000000000000000000e+00
0.000000000000000000e+00
0.000000000000000000e+00
0.000000000000000000e+00
0.000000000000000000e+00
nan
nan
3.145296665051020013e-02
0.000000000000000000e+00
nan
nan
3.288882975310019052e-01
nan
0.000000000000000000e+00
nan
nan
nan
nan
nan
0.000000000000000000e+00
nan
nan
nan
1.175669011061503469e-02
6.432948005763376720e-02
0.000000000000000000e+00
1.299848839844414683e-01
0.000000000000000000e+00
3.133551581968424538e-02
0.000000000000000000e+00
0.000000000000000000e+00
0.000000000000000000e+00
0.000000000000000000e+00
0.000000000000000000e+00
0.000000000000000000e+00
0.000000000000000000e+00
nan
0.000000000000000000e+00
0.000000000000000000e+00
nan
0.000000000000000000e+00
0.000000000000000000e+00
nan
nan
nan
0.000000000000000000e+00
nan
6.795980707065251147e-01
nan
nan
1.286876860710848280e-01
0.000000000000000000e+00
0.000000000000000000e+00
0.000000000000000000e+00
0.000000000000000000e+00
0.000000000000000000e+00
nan
nan
nan
0.000000000000000000e+00
nan
nan
0.000000000000000000e+00
0.000000000000000000e+00
0.000000000000000000e+00
0.000000000000000000e+00
nan
1.482560927779291889e-02
0.000000000000000000e+00
0.000000000000000000e+00
nan
nan
nan
nan
0.000000000000000000e+00
0.000000000000000000e+00
2.440079141783193240e-01
0.000000000000000000e+00
nan
0.000000000000000000e+00
0.000000000000000000e+00
nan
nan
nan
nan
nan
nan
nan
nan
0.000000000000000000e+00
nan
nan
nan
nan
nan
nan
7.490983559259434266e-02
9.722398623263500683e-02
0.000000000000000000e+00
1.492879059594232755e-02
3.946519111002481650e-01
1.636278814872897114e-01
nan
0.000000000000000000e+00
0.000000000000000000e+00
0.000000000000000000e+00
nan
0.000000000000000000e+00
nan
nan
0.000000000000000000e+00
0.000000000000000000e+00
0.000000000000000000e+00
nan
3.746729257005301794e-01
nan
nan
nan
nan
nan
0.000000000000000000e+00
nan
nan
nan
1.195291283185656006e+01
nan
nan
nan
nan
nan
nan
nan
6.081524510693420843e-02
7.589451880090772318e-02
0.000000000000000000e+00
9.263420669281453856e-02
0.000000000000000000e+00
0.000000000000000000e+00
5.739160976931646091e-02
0.000000000000000000e+00
0.000000000000000000e+00
8.162839964451462649e-01
0.000000000000000000e+00
2.897846510826637342e-02
2.754142674776395294e-01
0.000000000000000000e+00
0.000000000000000000e+00
nan
2.048876343176007919e-01
nan
0.000000000000000000e+00
0.000000000000000000e+00
0.000000000000000000e+00
0.000000000000000000e+00
nan
3.659762508103088507e-02
0.000000000000000000e+00
0.000000000000000000e+00
0.000000000000000000e+00
0.000000000000000000e+00
0.000000000000000000e+00
nan
1.924154914859970145e-01
nan
nan
nan
1.827362950713087852e-01
9.408269093702320562e-02
nan
nan
nan
1.964258710520503937e-01
8.132771091880877656e-02
nan
0.000000000000000000e+00
nan
nan
6.344533214485818286e-03
nan
nan
nan
nan
nan
6.944024628564234025e-02
0.000000000000000000e+00
0.000000000000000000e+00
nan
nan
8.074227105027512175e-02
0.000000000000000000e+00
nan
nan
nan
0.000000000000000000e+00
nan
5.054235678935053988e-01
nan
nan
nan
nan
2.673625981737515200e-01
nan
nan
3.990493472764224503e+00
1.041770143497524170e+00
1.450057182134629682e-02
7.405323799027420384e-02
2.198632083879977772e-01
0.000000000000000000e+00
nan
3.690009936457080975e-02
5.305666855533477388e-01
nan
nan
0.000000000000000000e+00
0.000000000000000000e+00
0.000000000000000000e+00
9.275241436608870627e-02
nan
nan
nan
nan
nan
nan
0.000000000000000000e+00
0.000000000000000000e+00
1.027932938429566706e-01
nan
5.810082985749856488e-02
nan
nan
nan
nan
nan
nan
nan
0.000000000000000000e+00
nan
nan
nan
nan
nan
nan
0.000000000000000000e+00
nan
nan
nan
0.000000000000000000e+00
1.070275179206039567e-01
0.000000000000000000e+00
1.101073009118551105e-01
0.000000000000000000e+00
0.000000000000000000e+00
8.588470832231028806e-01
0.000000000000000000e+00
nan
nan
0.000000000000000000e+00
2.270498378424306574e-01
1.178557880484076420e-01
nan
nan
nan
0.000000000000000000e+00
0.000000000000000000e+00
1.890968424737308196e-01
5.005736803883609892e-02
2.250401616535485094e-01
0.000000000000000000e+00
9.125222744539136788e-02
0.000000000000000000e+00
0.000000000000000000e+00
2.158267274183700846e-01
nan
1.369748049074150931e-01
nan
0.000000000000000000e+00
0.000000000000000000e+00
nan
nan
0.000000000000000000e+00
nan
nan
nan
0.000000000000000000e+00
4.031650440263565699e-02
0.000000000000000000e+00
1.954329131992247059e-01
0.000000000000000000e+00
0.000000000000000000e+00
0.000000000000000000e+00
nan
nan
nan
nan
nan
5.314101707827679349e-02
1.683604073427918124e-01
6.546917639837636360e-02
4.450389268633142548e-02
3.061689569139023140e-02
1.061902157741134306e-01
3.279775891162968193e-01
4.025791108166096866e-01
0.000000000000000000e+00
0.000000000000000000e+00
1.335317932852352896e-01
1.411560460444673815e-01
nan
1.796174192337794129e-01
4.656432151430337646e-02
2.877935444730301412e-02
6.662243942378721917e-02
0.000000000000000000e+00
1.135413402650796710e-01
0.000000000000000000e+00
0.000000000000000000e+00
2.343966814069047000e-02
nan
1.554061781871689807e-01
0.000000000000000000e+00
0.000000000000000000e+00
0.000000000000000000e+00
0.000000000000000000e+00
0.000000000000000000e+00
nan
0.000000000000000000e+00
nan
0.000000000000000000e+00
9.491224087002876619e-02
0.000000000000000000e+00
1.827611834528769866e-02
6.767296578153852993e-02
nan
nan
3.482336250419298951e-01
2.054117561733611597e-01
3.928704230080860005e-01
2.419332600351542170e-02
1.726679584756335706e-01
0.000000000000000000e+00
nan
0.000000000000000000e+00
nan
nan
nan
nan
0.000000000000000000e+00
0.000000000000000000e+00
0.000000000000000000e+00
nan
nan
nan
nan
nan
nan
3.746944346777769663e-02
0.000000000000000000e+00
nan
1.783719519193845970e-01
0.000000000000000000e+00
0.000000000000000000e+00
0.000000000000000000e+00
2.352289701553345325e-01
1.110754818149070344e-01
1.079412392810615989e-01
nan
7.399699563434330996e-02
nan
0.000000000000000000e+00
0.000000000000000000e+00
0.000000000000000000e+00
1.888811746009453618e-01
nan
nan
0.000000000000000000e+00
0.000000000000000000e+00
0.000000000000000000e+00
nan
3.836503317034872101e-02
nan
nan
8.511264944744013905e-02
6.762129561185215021e-02
0.000000000000000000e+00
0.000000000000000000e+00
0.000000000000000000e+00
0.000000000000000000e+00
9.448204687987178663e-02
0.000000000000000000e+00
nan
nan
1.106248328276375134e-02
nan
0.000000000000000000e+00
nan
0.000000000000000000e+00
0.000000000000000000e+00
nan
nan
7.351613390684451355e-02
2.268984569666810114e-01
8.846974904125334271e-01
0.000000000000000000e+00
0.000000000000000000e+00
2.924959562267780838e-02
nan
0.000000000000000000e+00
1.696267222241571171e-01
1.513433331159217410e+00
nan
4.533922143035499230e-01
0.000000000000000000e+00
nan
4.207516341662954629e-01
4.189024061360670237e-02
1.708677465674459384e-01
8.535345711384168324e-03
0.000000000000000000e+00
2.030147726766742267e-01
0.000000000000000000e+00
nan
nan
1.984859588480684944e-01
0.000000000000000000e+00
3.567471735520305054e-01
0.000000000000000000e+00
0.000000000000000000e+00
3.645455361147002110e-02
nan
nan
nan
nan
4.099042380286186532e-02
1.699878434481987000e-01
1.444268821488309817e-01
2.684651242410079353e-01
3.374907730164317110e-01
3.272028096501085059e-01
1.050191325739767700e-01
0.000000000000000000e+00
nan
nan
nan
1.004998165986994707e-01
nan
1.685190002018734923e-01
0.000000000000000000e+00
0.000000000000000000e+00
0.000000000000000000e+00
nan
0.000000000000000000e+00
2.342337702202386962e-01
0.000000000000000000e+00
1.401496601679309562e-01
2.311920616191171646e-02
0.000000000000000000e+00
nan
nan
nan
0.000000000000000000e+00
0.000000000000000000e+00
1.063588288552950595e-01
8.698878584978921025e-02
nan
2.750156873920900358e-01
2.299537689178968447e-01
0.000000000000000000e+00
2.035735568576970689e-01
2.245720783114241517e-02
1.794157109871489519e-01
0.000000000000000000e+00
1.386597228458753828e-01
nan
0.000000000000000000e+00
nan
3.012519816735535760e-02
4.816562765409061753e-02
3.426744440206184739e-01
0.000000000000000000e+00
8.117208329235806041e-02
nan
0.000000000000000000e+00
nan
5.165861351256266776e-01
1.186243748650449015e-01
4.886979926465651047e-02
0.000000000000000000e+00
0.000000000000000000e+00
6.036897885753862714e-02
5.310290784588670432e-01
1.166941451107690320e+00
0.000000000000000000e+00
0.000000000000000000e+00
nan
0.000000000000000000e+00
0.000000000000000000e+00
0.000000000000000000e+00
0.000000000000000000e+00
0.000000000000000000e+00
0.000000000000000000e+00
3.692123838237974520e-01
2.029465963177884066e-02
2.850689333970442552e-01
0.000000000000000000e+00
1.083914492884369557e-01
0.000000000000000000e+00
4.140194664799350804e-02
6.149516102419874120e-01
0.000000000000000000e+00
1.842128221525307363e-01
3.162358081369926466e-01
0.000000000000000000e+00
0.000000000000000000e+00
0.000000000000000000e+00
4.255496728481521218e-02
2.138093254544560506e-01
2.334305205639191361e-01
0.000000000000000000e+00
2.964301346468233289e-01
0.000000000000000000e+00
nan
3.906496398071504506e-01
0.000000000000000000e+00
0.000000000000000000e+00
2.573409695263901287e-01
0.000000000000000000e+00
0.000000000000000000e+00
2.883432822774603110e-01
1.853744208096359813e-01
7.626187526497595071e-02
2.309439166582507585e-01
0.000000000000000000e+00
0.000000000000000000e+00
nan
3.136276477124642914e-02
3.998545575395193175e-02
0.000000000000000000e+00
5.621019552669657970e-02
0.000000000000000000e+00
8.594261267555013128e-02
1.215185524876419010e-01
0.000000000000000000e+00
nan
3.683494518332887380e-02
0.000000000000000000e+00
8.262504160857042645e-02
nan
2.510778867745768750e-01
0.000000000000000000e+00
0.000000000000000000e+00
1.725938387764119675e+00
0.000000000000000000e+00
0.000000000000000000e+00
0.000000000000000000e+00
2.969354288130892638e-01
3.631064913799097460e-01
2.102574975384522427e-01
nan
0.000000000000000000e+00
0.000000000000000000e+00
1.355041364504574020e+00
2.983632573580144998e-01
0.000000000000000000e+00
0.000000000000000000e+00
0.000000000000000000e+00
2.521865771085513575e-01
0.000000000000000000e+00
0.000000000000000000e+00
0.000000000000000000e+00
1.093694184306377853e-01
1.165476186012761456e-02
2.184004632703817339e-01
nan
nan
2.344943973079290922e-01
3.413299486312894038e-01
nan
3.373577639219562108e-01
1.069170095596245346e-01
nan
0.000000000000000000e+00
nan
nan
1.500874500624254093e-01
3.455079357029524623e-01
nan
0.000000000000000000e+00
8.695033160125975602e-01
6.863717307282710643e-03
0.000000000000000000e+00
nan
0.000000000000000000e+00
0.000000000000000000e+00
1.531964926298895989e-02
1.008401380864011460e-01
0.000000000000000000e+00
nan
0.000000000000000000e+00
3.102059928134300870e-01
9.479103118808034079e-02
2.133973694501896390e-01
0.000000000000000000e+00
6.690744772475664126e-01
7.357873750495432311e-03
1.247624811214179535e-01
nan
0.000000000000000000e+00
5.475692417335550205e-02
7.523184709748434451e-02
8.151340194190000166e-02
3.220373648484841089e-01
4.180468196581734186e-01
1.764865377813338437e-02
0.000000000000000000e+00
6.357014777821602680e-02
0.000000000000000000e+00
9.922013759481139450e-02
1.611445585404338091e-02
4.485186163165899020e-01
0.000000000000000000e+00
1.663357803477767960e-01
0.000000000000000000e+00
0.000000000000000000e+00
5.661375118758693592e-01
2.912757601888394943e-01
5.214628075711891242e-02
0.000000000000000000e+00
nan
7.004632350064342317e-02
1.417683659933543505e-01
0.000000000000000000e+00
nan
5.121181598922187606e-01
2.193748083334378512e-02
0.000000000000000000e+00
0.000000000000000000e+00
0.000000000000000000e+00
8.965613635149918825e-02
7.554437090861949866e-02
0.000000000000000000e+00
0.000000000000000000e+00
6.168309285471418324e-02
8.414037647674104115e-01
0.000000000000000000e+00
nan
1.572009306035806464e+00
4.991642330711527215e-02
3.625334837275375199e-01
2.268934037760892558e-02
0.000000000000000000e+00
nan
5.827690795222721654e-02
0.000000000000000000e+00
1.320904263896925668e-01
0.000000000000000000e+00
nan
8.236155477464828303e-03
0.000000000000000000e+00
1.177553719847338892e-01
2.045982450250198315e-01
1.199424853072938828e-02
7.619579281469353316e-02
1.039363326998457571e-02
7.357641345076902650e-02
8.883540272735618304e-02
0.000000000000000000e+00
0.000000000000000000e+00
nan
0.000000000000000000e+00
0.000000000000000000e+00
4.101593530725731185e-01
0.000000000000000000e+00
1.113989745479477267e-01
0.000000000000000000e+00
0.000000000000000000e+00
3.757755376495020005e-01
0.000000000000000000e+00
2.657913275266989839e-01
1.857040017757976003e-01
0.000000000000000000e+00
0.000000000000000000e+00
0.000000000000000000e+00
0.000000000000000000e+00
2.184927314023352718e-01
0.000000000000000000e+00
2.171502536464504085e-01
2.660828022764264930e-02
6.009100888073030250e-02
1.948794440420749674e-01
3.245392025421000026e-01
0.000000000000000000e+00
0.000000000000000000e+00
0.000000000000000000e+00
0.000000000000000000e+00
1.919752769881057919e-01
3.765334575940126882e-01
0.000000000000000000e+00
0.000000000000000000e+00
2.112041266487662550e-01
8.146021364297315048e-02
7.474188124537308742e-01
3.825099322655821643e-01
nan
0.000000000000000000e+00
2.380782297747234197e-02
nan
0.000000000000000000e+00
0.000000000000000000e+00
1.076807788081380224e+00
0.000000000000000000e+00
0.000000000000000000e+00
5.909806035155128895e-02
2.029296960526749960e-01
5.051517866679680058e-01
2.877535118219617938e-01
2.484255078238186906e-02
2.075233901818815951e-01
1.585875606881308741e-01
0.000000000000000000e+00
3.228164744572421113e-02
0.000000000000000000e+00
5.095193029006024332e-01
6.312204288755310366e-02
2.220214891582125982e-01
2.493252078762210888e-01
1.965287744159801342e+00
3.436739233881799804e-01
nan
5.665176796152615601e-01
3.341510967847437230e-02
0.000000000000000000e+00
0.000000000000000000e+00
4.459637787589713076e-01
1.206131186813538536e-01
4.428390626781333883e-01
2.412527901239654854e-02
4.161524514325563584e-01
nan
nan
8.391328114803435489e-02
6.978220699273904315e-02
3.724797912480313222e-01
0.000000000000000000e+00
2.551765211066079342e-01
nan
0.000000000000000000e+00
3.864417625461930711e-02
0.000000000000000000e+00
0.000000000000000000e+00
1.235344879859462813e-01
6.454630900056318454e-02
9.719975400721445058e-02
4.619288910880667981e-02
nan
0.000000000000000000e+00
3.677521464893881986e-01
1.814565878482909678e-01
0.000000000000000000e+00
0.000000000000000000e+00
3.195303707145745742e-01
2.142340752038463247e-01
5.775508406532547240e-02
2.317136760350874403e-01
6.939097214053463469e-01
5.381222861634828852e-02
7.898300383937074953e-02
0.000000000000000000e+00
5.957319869359196940e-02
0.000000000000000000e+00
0.000000000000000000e+00
5.746743197636884348e-01
0.000000000000000000e+00
3.299442296848533185e-01
0.000000000000000000e+00
5.576709523833407733e-02
0.000000000000000000e+00
0.000000000000000000e+00
1.546593770991916639e+00
3.284518630657844995e-01
3.076399298428824647e-01
3.092160567050986422e-02
0.000000000000000000e+00
0.000000000000000000e+00
nan
2.349726069677650353e-01
9.258445452503605289e-02
1.367817263768761615e-01
nan
1.117127625125775431e-01
1.002180920390105534e+00
1.046114940960235079e-01
nan
0.000000000000000000e+00
1.703181675483978474e-01
nan
0.000000000000000000e+00
5.705591879614342610e-02
0.000000000000000000e+00
4.904596205790580365e-02
0.000000000000000000e+00
0.000000000000000000e+00
nan
1.433933372328997091e-01
6.254703239492628852e-02
8.773550106424279904e-02
nan
8.048822386366861759e-01
0.000000000000000000e+00
nan
0.000000000000000000e+00
0.000000000000000000e+00
0.000000000000000000e+00
7.148938613559867490e-03
2.475298773605169589e-01
6.632482160141740524e-01
5.518803150611441971e-02
2.028443255108585419e-01
1.293774783791401539e-01
0.000000000000000000e+00
1.802076555820368020e-01
0.000000000000000000e+00
3.564033638821311745e-01
1.299697460629926082e-01
0.000000000000000000e+00
3.339184811452946544e-01
0.000000000000000000e+00
3.552065403824709588e-01
7.973094544542140560e-02
4.524829596889288208e-01
0.000000000000000000e+00
1.834389622205102599e-01
0.000000000000000000e+00
2.854175196248394109e-01
3.546832911057289928e-01
1.670225791145467098e-01
nan
8.331958688332961882e-02
5.734708450567620464e-01
0.000000000000000000e+00
3.060637774547858014e-01
7.844836594077987668e-02
1.131054798184891325e-01
0.000000000000000000e+00
2.099920902341319839e-01
0.000000000000000000e+00
1.523147978252136284e-02
6.132036145704376079e-02
0.000000000000000000e+00
3.667358277800741306e-01
3.337375796679711848e-02
0.000000000000000000e+00
7.208074822826625594e-01
4.055166751844850315e-01
nan
4.082449797510517842e-01
0.000000000000000000e+00
2.380797894351151800e-01
0.000000000000000000e+00
0.000000000000000000e+00
9.102960810000490510e-02
0.000000000000000000e+00
nan
8.244595404188674592e-02
4.495176192568848261e-01
0.000000000000000000e+00
0.000000000000000000e+00
1.441028726570308671e-01
1.670297176340856948e-01
3.838774483594186715e-01
0.000000000000000000e+00
4.654015924343225807e-02
8.878154772443144771e-02
1.618760845769731394e-01
2.943912226767856910e-01
0.000000000000000000e+00
0.000000000000000000e+00
nan
2.518353662660141601e-01
3.365667098753269415e-01
0.000000000000000000e+00
2.165577570588886683e-02
2.924343911565827625e-01
0.000000000000000000e+00
7.016269404503001628e-01
1.728676599162111971e-01
1.552028570842550470e-01
5.658709272887582631e-02
3.965800555997375798e-01
2.385677815015179726e-01
1.601461312361745382e+00
1.920984740731227214e-01
0.000000000000000000e+00
2.617316781690841587e-01
1.919456779733122453e-01
0.000000000000000000e+00
4.621438794975592512e-01
0.000000000000000000e+00
4.349553793402122226e-01
0.000000000000000000e+00
0.000000000000000000e+00
3.213348721346145909e-01
0.000000000000000000e+00
5.438843254837660846e-01
4.498942037437665964e-01
9.222655868189567896e-02
0.000000000000000000e+00
0.000000000000000000e+00
0.000000000000000000e+00
5.063202387995446169e-02
0.000000000000000000e+00
7.389949231664660889e-02
3.163136042833749051e-01
0.000000000000000000e+00
1.795204037721876977e-01
0.000000000000000000e+00
0.000000000000000000e+00
5.195003894248627629e-01
0.000000000000000000e+00
nan
9.589607491718675492e-02
1.745926325958428171e-01
0.000000000000000000e+00
0.000000000000000000e+00
0.000000000000000000e+00
0.000000000000000000e+00
3.732035929635409421e-01
6.772302826424203559e-02
5.172649980630737998e-01
6.249776978651959691e-01
0.000000000000000000e+00
4.879733822942742272e-01
9.863932821389633995e-03
0.000000000000000000e+00
3.816865239368669172e-01
8.237743513186104316e-01
5.725457146454103474e-02
0.000000000000000000e+00
0.000000000000000000e+00
6.835368341168657214e-01
3.595212312358616602e-01
0.000000000000000000e+00
6.790938082677702159e-01
0.000000000000000000e+00
5.979989698869399989e-02
1.589302294684227790e-01
4.199151368583081134e-01
nan
0.000000000000000000e+00
0.000000000000000000e+00
0.000000000000000000e+00
0.000000000000000000e+00
2.907737917513262826e-01
1.437686437235628778e-01
0.000000000000000000e+00
nan
6.255215229280711164e-02
3.204692468261618465e-01
1.282147497724485941e-01
0.000000000000000000e+00
0.000000000000000000e+00
7.832498611690063423e-03
6.958318084221547517e-01
3.842575202605127971e-02
1.106826835108148804e-01
1.352366252061748542e-01
3.020767944543839012e-01
2.889289177605945946e-01
5.227509834486224888e-02
2.963541715220274209e-01
0.000000000000000000e+00
0.000000000000000000e+00
0.000000000000000000e+00
6.074186109792693161e-02
0.000000000000000000e+00
0.000000000000000000e+00
0.000000000000000000e+00
7.100397764194640304e-01
7.750007784160789726e+00
2.323568799713251753e-01
6.103532024688889529e-02
3.732942285434710794e-02
0.000000000000000000e+00
0.000000000000000000e+00
0.000000000000000000e+00
0.000000000000000000e+00
9.126716821130710644e-02
1.409792738605425699e-01
0.000000000000000000e+00
2.511860431289870133e-01
0.000000000000000000e+00
0.000000000000000000e+00
1.983206399336560899e-01
0.000000000000000000e+00
6.223009327931477985e-02
0.000000000000000000e+00
3.482533342144586985e-01
3.881742800568979690e-02
0.000000000000000000e+00
0.000000000000000000e+00
1.932853344140053053e-01
4.003918556797005923e-01
0.000000000000000000e+00
0.000000000000000000e+00
0.000000000000000000e+00
nan
7.203432012338435719e-02
6.738335943672205119e-02
0.000000000000000000e+00
0.000000000000000000e+00
2.841186463664032713e-01
1.201777016461379188e-01
0.000000000000000000e+00
0.000000000000000000e+00
0.000000000000000000e+00
3.532935484662911296e-01
1.910188225091905556e-01
0.000000000000000000e+00
1.555541055581167731e-01
1.282036187913110636e-01
0.000000000000000000e+00
5.123806427121536944e-02
2.240551526073518152e-01
0.000000000000000000e+00
6.085997800651223033e-02
0.000000000000000000e+00
6.028410353754554835e-02
nan
3.146051432199428732e-01
9.544645978073000234e-03
3.017373387219338121e-01
0.000000000000000000e+00
1.738256233812162099e-01
0.000000000000000000e+00
0.000000000000000000e+00
4.202099030340177288e-01
9.640845504525498155e-01
0.000000000000000000e+00
4.089660049102549211e-01
2.761086321765877094e-01
1.372179058042957700e-01
1.084360381319576377e-01
0.000000000000000000e+00
0.000000000000000000e+00
8.891711970200816273e-02
5.338936935794319494e-03
3.725351939847682536e-01
2.433398172010504401e-01
0.000000000000000000e+00
1.015514973187753162e-01
9.047336033925115761e-02
0.000000000000000000e+00
nan
0.000000000000000000e+00
0.000000000000000000e+00
2.621530442657833859e+00
3.340757068023193083e-02
0.000000000000000000e+00
3.785413782111421988e-01
3.242570848300387332e-01
3.939892361701785028e-01
1.330880750330891704e-01
0.000000000000000000e+00
1.336136182101614889e-01
5.422719799928389650e-02
1.371011335571651300e-02
1.166524835680520927e-01
5.571428089166459430e-02
0.000000000000000000e+00
0.000000000000000000e+00
0.000000000000000000e+00
7.637911057437449247e-02
6.663685946846413799e-01
2.126344993211767009e-01
5.020855140336389494e-02
0.000000000000000000e+00
0.000000000000000000e+00
1.132313400691578043e-01
2.856846352575896364e-01
1.532709657760006061e-01
0.000000000000000000e+00
6.630365380714396684e-02
5.566659165144471899e-02
0.000000000000000000e+00
0.000000000000000000e+00
2.588083889187222514e-02
3.565688435573037274e-01
2.021797666078137268e-01
0.000000000000000000e+00
6.462347049807127819e-01
7.764721341361311424e-01
2.440250267739068474e-02
0.000000000000000000e+00
0.000000000000000000e+00
0.000000000000000000e+00
5.068240238017911875e-02
1.083058815237226552e-01
6.744200657417874500e-02
2.933886694022727615e-02
4.309929046323541374e-02
0.000000000000000000e+00
0.000000000000000000e+00
1.569498228462829215e-01
3.605221236758431869e-01
0.000000000000000000e+00
1.008786078865812480e-01
1.995295900913596210e-01
nan
2.832368720428233289e-01
0.000000000000000000e+00
3.289541523307857318e-01
1.959380459134980601e-01
1.111621520640637545e-01
1.151770189286921431e-01
0.000000000000000000e+00
2.782009544025679931e-02
1.938330267770438653e-01
0.000000000000000000e+00
0.000000000000000000e+00
5.708059967927878176e-02
2.380343202226344324e-01
3.096132472011848824e-01
7.290535654603441662e-01
9.404342797308566648e-02
3.580865334782440956e-01
2.075793088976139456e-01
nan
3.520986623935206117e-01
0.000000000000000000e+00
0.000000000000000000e+00
0.000000000000000000e+00
0.000000000000000000e+00
1.530009863746270016e-01
1.103768030772250414e-01
0.000000000000000000e+00
0.000000000000000000e+00
6.716573968215455714e-02
0.000000000000000000e+00
1.066126985788619086e-01
0.000000000000000000e+00
1.216254595180806947e-01
0.000000000000000000e+00
2.509683746433079635e-02
0.000000000000000000e+00
0.000000000000000000e+00
nan
1.425013929513331057e+00
0.000000000000000000e+00
0.000000000000000000e+00
0.000000000000000000e+00
4.984242747414080466e-02
0.000000000000000000e+00
3.278952359483306433e-01
0.000000000000000000e+00
2.158565068286109057e-01
8.409115148093729286e-02
8.370690196797908600e-01
5.179951385884087878e-02
2.560857054228873539e-02
nan
0.000000000000000000e+00
0.000000000000000000e+00
6.311027082526167453e-02
8.479586515830058735e-01
0.000000000000000000e+00
0.000000000000000000e+00
3.739889152805025291e-02
3.842215228121139137e-01
0.000000000000000000e+00
5.171271330615053591e-02
0.000000000000000000e+00
2.869909477554812849e-01
9.600240873932203156e-02
0.000000000000000000e+00
2.099610991895977941e-01
0.000000000000000000e+00
0.000000000000000000e+00
0.000000000000000000e+00
nan
7.365243161855189458e-02
2.552028510822592078e-01
5.020223227945677102e-01
0.000000000000000000e+00
0.000000000000000000e+00
1.383714312855663549e-02
nan
2.330775532037070163e-01
3.301902180686003274e-01
0.000000000000000000e+00
0.000000000000000000e+00
2.729008916008989205e-01
0.000000000000000000e+00
5.194763948645277907e-01
2.254418615604267262e-01
3.401953736432218600e-02
4.127387866251789328e-01
0.000000000000000000e+00
0.000000000000000000e+00
0.000000000000000000e+00
2.264570810963085212e-01
1.798638313605019357e-01
0.000000000000000000e+00
3.868466294236921899e-01
6.104593654972447631e-02
3.849471514950076889e-01
2.456061251020316000e-02
0.000000000000000000e+00
0.000000000000000000e+00
1.792892683173060719e-01
2.900858962484062845e-02
0.000000000000000000e+00
1.090444821183368107e-01
2.612103811950036714e-02
0.000000000000000000e+00
8.197135198065939876e-02
4.792970038671361815e-02
3.169280355668217114e-02
1.644161722749407417e+00
0.000000000000000000e+00
2.405111698602887260e-01
1.519150225843556856e-01
0.000000000000000000e+00
0.000000000000000000e+00
6.857550772612450163e-02
7.129243155151419875e-02
1.062207547243016609e-01
0.000000000000000000e+00
0.000000000000000000e+00
9.989021596825495286e-02
1.143053328550564796e-01
7.406990583957442920e-02
2.347685236134308961e-01
0.000000000000000000e+00
0.000000000000000000e+00
9.060138585188602656e-02
0.000000000000000000e+00
0.000000000000000000e+00
5.819585265246454142e-01
2.931225475855070983e-01
2.306185090510562974e-01
6.384497543899421146e-01
4.197816745575622122e-02
1.864284048245895553e-01
7.600439498564891261e-02
0.000000000000000000e+00
1.068844061575152937e-01
0.000000000000000000e+00
4.874871673607918121e-02
8.634213971100851426e-02
2.251813919280949150e-01
3.559788526391388652e-02
0.000000000000000000e+00
9.766533060098527008e-02
nan
1.038110672484590102e+00
nan
0.000000000000000000e+00
9.700812098642307146e-02
4.148239775895603415e-02
0.000000000000000000e+00
0.000000000000000000e+00
4.952357319512377259e-02
0.000000000000000000e+00
1.385837646506932197e-01
0.000000000000000000e+00
1.452926218588961038e-01
1.223830767538365699e-01
3.191220239333678738e-02
9.823553790877255498e-02
0.000000000000000000e+00
0.000000000000000000e+00
3.348357359667576971e-01
0.000000000000000000e+00
2.484849012367805754e-01
1.680017146754682889e-01
0.000000000000000000e+00
6.088568763466288558e-02
0.000000000000000000e+00
0.000000000000000000e+00
2.120294509315891474e-01
3.435119810290214737e-01
6.487276858252671863e-02
3.167493819236097408e-02
0.000000000000000000e+00
4.418896274691746506e-01
0.000000000000000000e+00
2.978928642719116948e-01
0.000000000000000000e+00
3.118813764053126117e-02
1.382540183993808680e-01
5.450958855102157052e-01
2.845748202291537021e-02
1.141561013016360732e-01
0.000000000000000000e+00
0.000000000000000000e+00
nan
1.795640904504394730e-01
0.000000000000000000e+00
0.000000000000000000e+00
0.000000000000000000e+00
1.507314907022413997e-01
1.012461874780309135e+00
2.548070929706707996e-02
0.000000000000000000e+00
9.568233972043568847e-02
5.924938895449586435e-02
1.920204042526358068e-01
0.000000000000000000e+00
0.000000000000000000e+00
4.760513495452669552e-01
3.017087326235989853e-01
3.689231010857437626e-02
0.000000000000000000e+00
0.000000000000000000e+00
6.116242541801419907e-02
0.000000000000000000e+00
0.000000000000000000e+00
0.000000000000000000e+00
0.000000000000000000e+00
1.981951190483852709e-01
0.000000000000000000e+00
0.000000000000000000e+00
8.662554115342613326e-02
6.643189219427979297e-02
4.777601005867116585e-02
3.617509345145381028e-01
3.441023409437945491e-01
0.000000000000000000e+00
4.003026605347812517e-01
4.396739916514974533e-02
1.937552867574352800e-01
8.692638538108813373e-01
0.000000000000000000e+00
3.345079172092303016e-02
2.051217772190293831e-01
7.268759499059608553e-02
0.000000000000000000e+00
0.000000000000000000e+00
2.646671316316387412e-01
0.000000000000000000e+00
0.000000000000000000e+00
0.000000000000000000e+00
0.000000000000000000e+00
0.000000000000000000e+00
6.212905554439588363e-01
3.956330763144844109e-01
3.485711884077644651e-01
6.355996958665688368e-02
0.000000000000000000e+00
5.524069846879964274e-01
0.000000000000000000e+00
0.000000000000000000e+00
0.000000000000000000e+00
1.720932455237823566e-01
1.403472546601589599e-01
0.000000000000000000e+00
1.226635671336259586e-01
8.916614952000059824e-02
0.000000000000000000e+00
0.000000000000000000e+00
3.084196067496870475e-01
4.061516324247450155e-02
3.851261702919658858e-02
nan
0.000000000000000000e+00
nan
0.000000000000000000e+00
1.824301079030254402e-01
1.364066988674870751e-01
2.018383501922908219e-01
0.000000000000000000e+00
6.693250438658079893e-02
1.077154189039090937e-01
0.000000000000000000e+00
nan
2.716144455193639784e-01
1.082699712182487312e-01
0.000000000000000000e+00
1.640939780264391579e-01
1.371785137208534899e-01
2.981569695830587063e-01
0.000000000000000000e+00
0.000000000000000000e+00
4.972795529494303951e-02
3.444313076461716916e-01
9.942649012561902144e-02
1.566415149987209279e-02
3.809471959291318294e-02
0.000000000000000000e+00
7.507658772977304773e-02
0.000000000000000000e+00
6.805550988116594313e-01
2.098701664608360051e-01
0.000000000000000000e+00
0.000000000000000000e+00
2.068158957856850444e-01
3.738528977677888498e-01
1.803695286321209679e-01
9.930230327941280688e-02
5.241793370331416374e-02
4.773536937143912917e-02
8.783364020204034728e-02
0.000000000000000000e+00
nan
1.511077861425351096e-02
0.000000000000000000e+00
1.719836265983156198e-01
4.542421364772331049e-02
0.000000000000000000e+00
1.216154164430881084e-02
1.594102911657487576e-01
0.000000000000000000e+00
0.000000000000000000e+00
0.000000000000000000e+00
nan
0.000000000000000000e+00
7.275242231127557191e-02
4.299899522091724796e-02
0.000000000000000000e+00
1.693995917651962557e-01
7.521826639180188845e-02
1.455128655618893319e-01
0.000000000000000000e+00
6.800883386150070875e-02
0.000000000000000000e+00
1.116570662461801033e-01
1.261183958031849572e-01
5.645822194769531954e-01
0.000000000000000000e+00
0.000000000000000000e+00
7.122869930141492723e-02
2.403632780265873847e-01
0.000000000000000000e+00
0.000000000000000000e+00
0.000000000000000000e+00
4.579405655786264462e-01
0.000000000000000000e+00
0.000000000000000000e+00
0.000000000000000000e+00
1.336679322263644165e-01
0.000000000000000000e+00
0.000000000000000000e+00
5.423344240559612589e-02
0.000000000000000000e+00
0.000000000000000000e+00
1.634025932156306718e-02
0.000000000000000000e+00
2.845401776221824670e-03
0.000000000000000000e+00
0.000000000000000000e+00
1.213775833034674151e-01
3.900452913710136804e-01
4.046661111427171664e-02
0.000000000000000000e+00
0.000000000000000000e+00
0.000000000000000000e+00
0.000000000000000000e+00
0.000000000000000000e+00
0.000000000000000000e+00
1.864130423355593869e-01
4.413684676454127098e-02
nan
0.000000000000000000e+00
1.049598822038731449e-01
0.000000000000000000e+00
0.000000000000000000e+00
1.266145860237903042e-01
0.000000000000000000e+00
0.000000000000000000e+00
0.000000000000000000e+00
0.000000000000000000e+00
1.144836080982101767e-01
5.599602636057249283e-01
1.056262173329166193e-01
1.067453603587218969e-01
5.488837440193009010e-02
0.000000000000000000e+00
0.000000000000000000e+00
0.000000000000000000e+00
2.686662349097702560e-02
8.602681692951053005e-02
9.073613106129767292e-02
0.000000000000000000e+00
0.000000000000000000e+00
0.000000000000000000e+00
0.000000000000000000e+00
0.000000000000000000e+00
0.000000000000000000e+00
0.000000000000000000e+00
5.797735132428520621e-02
0.000000000000000000e+00
0.000000000000000000e+00
0.000000000000000000e+00
0.000000000000000000e+00
1.404491032683119478e-01
7.380709026795087557e-02
1.921771177601103442e-01
nan
0.000000000000000000e+00
0.000000000000000000e+00
0.000000000000000000e+00
0.000000000000000000e+00
2.780219667479598700e-01
0.000000000000000000e+00
0.000000000000000000e+00
1.994229061447414519e-01
0.000000000000000000e+00
1.995756172558104946e-01
0.000000000000000000e+00
1.727964822607784209e-02
1.388034260280442966e-01
0.000000000000000000e+00
0.000000000000000000e+00
4.278855909715947869e-01
7.055559495898711120e-02
1.430810783117539842e-01
2.036029974500505324e-01
3.380252647825645052e-01
2.684220857876109534e-01
2.042356132253133061e-01
nan
3.049059235745498753e-01
2.704612412916907252e-02
0.000000000000000000e+00
0.000000000000000000e+00
0.000000000000000000e+00
9.465021229255142499e-02
2.314125301866374607e-01
nan
1.589276657356416753e-02
1.163932947227444836e-01
5.175460380115612935e-01
1.475432911893741761e-01
0.000000000000000000e+00
0.000000000000000000e+00
0.000000000000000000e+00
0.000000000000000000e+00
0.000000000000000000e+00
0.000000000000000000e+00
7.148765517977671846e-02
9.494354016009054487e-02
3.378899128267428414e-02
9.671975628340014064e-02
3.109013996005938751e-01
0.000000000000000000e+00
0.000000000000000000e+00
1.941088448562379998e-01
2.301137445089910250e-01
1.912437312046375848e-01
0.000000000000000000e+00
0.000000000000000000e+00
1.576767145378833168e-01
8.126805680683318878e-02
1.267276347938695036e-01
0.000000000000000000e+00
5.949001024044275887e-02
3.455661205556771060e-02
0.000000000000000000e+00
1.117292437661992904e-01
1.540028623048544931e-01
0.000000000000000000e+00
0.000000000000000000e+00
6.445417956033769880e-01
0.000000000000000000e+00
0.000000000000000000e+00
1.718410605913228140e-01
0.000000000000000000e+00
0.000000000000000000e+00
nan
4.910770573836992225e-02
0.000000000000000000e+00
1.084666309531569089e-01
0.000000000000000000e+00
0.000000000000000000e+00
0.000000000000000000e+00
1.873518788265737534e-01
0.000000000000000000e+00
nan
8.983882631440671951e-02
3.005514548283798049e-01
2.085293552402259568e-02
0.000000000000000000e+00
0.000000000000000000e+00
0.000000000000000000e+00
2.797949608878652072e-01
2.389441030899384921e-02
0.000000000000000000e+00
2.684547569917030141e-01
3.735082166866009884e-02
0.000000000000000000e+00
0.000000000000000000e+00
7.126251380827092197e-02
4.052997087175094215e-01
0.000000000000000000e+00
8.739974707494234385e-02
0.000000000000000000e+00
1.350849177449287841e-01
0.000000000000000000e+00
0.000000000000000000e+00
0.000000000000000000e+00
2.753905945645950260e-01
0.000000000000000000e+00
1.749478641871477641e-02
2.613162024250004212e-01
0.000000000000000000e+00
0.000000000000000000e+00
0.000000000000000000e+00
2.800336044123507007e-01
nan
0.000000000000000000e+00
0.000000000000000000e+00
0.000000000000000000e+00
0.000000000000000000e+00
0.000000000000000000e+00
3.480310022400480430e-02
2.666123462121147702e-01
nan
0.000000000000000000e+00
0.000000000000000000e+00
nan
0.000000000000000000e+00
nan
8.146903961889866153e-02
0.000000000000000000e+00
3.822600812706994922e-01
nan
3.650935023659201972e-01
1.347613495889144752e-01
2.317944850015021818e-01
nan
3.363918199343041149e-01
1.723242301396578705e-02
5.443108030332931557e-01
2.578125747548203062e-02
nan
0.000000000000000000e+00
0.000000000000000000e+00
nan
1.493721398750088442e-02
0.000000000000000000e+00
0.000000000000000000e+00
0.000000000000000000e+00
0.000000000000000000e+00
2.477456561653837153e-01
3.839555063614715213e-01
0.000000000000000000e+00
9.699489475493516810e-01
4.166000679010370411e-01
8.536792663528786074e-02
0.000000000000000000e+00
0.000000000000000000e+00
6.852274311158663977e-02
4.359257087910488326e-02
0.000000000000000000e+00
0.000000000000000000e+00
0.000000000000000000e+00
1.866234118362286587e-01
0.000000000000000000e+00
5.109746247256070628e-01
nan
1.892710241802965376e-02
3.722844429530246524e-01
0.000000000000000000e+00
0.000000000000000000e+00
4.501799248433650813e-02
8.369464292578610021e-02
0.000000000000000000e+00
0.000000000000000000e+00
3.330509030687224814e-01
nan
1.759794908097039590e-01
0.000000000000000000e+00
0.000000000000000000e+00
7.683549719386710553e-02
0.000000000000000000e+00
2.242495127802375254e-01
2.141910030089080319e-01
0.000000000000000000e+00
1.611086393432653585e-01
0.000000000000000000e+00
4.115582024667430866e-02
0.000000000000000000e+00
5.386903794386247585e-02
1.225600475021151742e-01
1.979327617300591369e-01
0.000000000000000000e+00
2.268780951760202280e-01
3.214766813253253780e-02
1.192818319275274902e-01
0.000000000000000000e+00
0.000000000000000000e+00
0.000000000000000000e+00
3.254218068842898437e-01
4.949959693642414643e-02
8.039728671053478215e-02
0.000000000000000000e+00
2.157000507475192175e-01
0.000000000000000000e+00
2.062658587117245368e-01
0.000000000000000000e+00
0.000000000000000000e+00
2.703954770148194187e-01
2.573664678471211942e-01
9.024742909898993137e-02
2.616673487689893940e-02
nan
0.000000000000000000e+00
0.000000000000000000e+00
0.000000000000000000e+00
1.950268831239455047e-01
0.000000000000000000e+00
0.000000000000000000e+00
9.222366176484907141e-02
3.235300454564889461e-01
1.072512744305985505e-01
4.125272127813084944e-01
1.393156629129377322e-01
0.000000000000000000e+00
0.000000000000000000e+00
3.453110068429324220e-01
0.000000000000000000e+00
0.000000000000000000e+00
1.833721890820401712e-01
4.375166292768634807e-02
nan
0.000000000000000000e+00
1.131398989124059035e-01
0.000000000000000000e+00
0.000000000000000000e+00
nan
nan
0.000000000000000000e+00
0.000000000000000000e+00
0.000000000000000000e+00
8.057799493550608094e-01
7.600764303733448246e-01
0.000000000000000000e+00
0.000000000000000000e+00
3.956539133553309273e-02
nan
7.918587780493153705e-01
0.000000000000000000e+00
nan
5.028628622162296669e-01
0.000000000000000000e+00
1.362037462737389348e-01
1.828197089077168436e-01
0.000000000000000000e+00
5.196562691174361204e-01
1.230490843451681610e-01
nan
4.960876855313985367e-01
0.000000000000000000e+00
7.900904667191159525e-02
0.000000000000000000e+00
2.339192781599140625e-01
0.000000000000000000e+00
1.299167386812415115e-01
4.759676877477898860e-02
0.000000000000000000e+00
0.000000000000000000e+00
1.777759220217189073e-01
0.000000000000000000e+00
nan
3.103775238847046314e-01
1.029990177343562130e-01
2.006296561859565453e-01
2.620417658686605145e-01
1.918520925442264435e-02
0.000000000000000000e+00
nan
nan
3.929076196494683537e-01
0.000000000000000000e+00
1.525568359994785295e-01
1.274379875124637129e-01
0.000000000000000000e+00
0.000000000000000000e+00
0.000000000000000000e+00
1.938101306547692915e-01
nan
1.452941149861450010e-01
nan
nan
4.994760869786300794e-02
2.169350664681098384e-01
3.262625583470827872e-01
1.584164959660237793e-01
nan
3.787639635031408297e-02
3.637908775093021130e-01
0.000000000000000000e+00
1.616982454971046534e-01
4.169587913469972595e-01
0.000000000000000000e+00
3.007154438458830778e-02
5.771882401068594709e-02
3.267118233098815772e-01
5.740771574420042156e-02
nan
nan
3.132842965169360672e-02
nan
0.000000000000000000e+00
1.240134336729996206e-01
1.183639834381626788e-01
2.697118180857778144e-02
0.000000000000000000e+00
2.929016360400373276e-01
1.056471113107242538e-01
1.842840188088785969e-01
0.000000000000000000e+00
2.112330112289255782e-02
0.000000000000000000e+00
3.370589793257560557e-02
0.000000000000000000e+00
2.598259883664365555e-01
1.855394144496009257e-01
nan
nan
2.397008876228692298e-01
0.000000000000000000e+00
2.174003963119931493e-01
nan
nan
7.898514832234983241e-02
1.225117721973253693e-01
0.000000000000000000e+00
1.042035501184001428e-01
4.686951291402245007e-02
4.576801930478983059e-03
3.070756444503935367e-01
0.000000000000000000e+00
nan
2.268468160402471387e-02
1.832833578113165010e-02
nan
0.000000000000000000e+00
5.148105436873497837e-02
0.000000000000000000e+00
0.000000000000000000e+00
0.000000000000000000e+00
0.000000000000000000e+00
0.000000000000000000e+00
nan
0.000000000000000000e+00
8.490956840252164572e-02
0.000000000000000000e+00
0.000000000000000000e+00
3.967596012661047111e-01
4.505534005163260025e-02
0.000000000000000000e+00
0.000000000000000000e+00
9.336681176654752778e-03
1.214980651084555385e-01
5.228536181843748687e-02
0.000000000000000000e+00
0.000000000000000000e+00
0.000000000000000000e+00
2.152004618228333666e-01
0.000000000000000000e+00
1.689434135003838600e-01
1.011980758170066136e-01
nan
1.747926304099816849e-02
0.000000000000000000e+00
0.000000000000000000e+00
4.096154695520187045e-02
3.822932400682373943e-01
2.555443726594006093e-01
9.578191412113126746e-02
6.241187426698819873e-01
3.451916524478242099e-02
0.000000000000000000e+00
0.000000000000000000e+00
2.614871701808829316e-02
0.000000000000000000e+00
9.791291449653019563e-02
0.000000000000000000e+00
1.531824295479623788e-01
7.370645628321535747e-02
7.438962095679264863e-02
0.000000000000000000e+00
0.000000000000000000e+00
0.000000000000000000e+00
0.000000000000000000e+00
1.760021229271109544e-02
0.000000000000000000e+00
8.261024364270933007e-02
1.327721269140613447e-01
0.000000000000000000e+00
1.372331122927439584e-01
0.000000000000000000e+00
6.379347466868261207e-02
0.000000000000000000e+00
0.000000000000000000e+00
3.198366677225555899e-02
0.000000000000000000e+00
4.856922434673372618e-02
0.000000000000000000e+00
0.000000000000000000e+00
0.000000000000000000e+00
4.400450622697364006e-02
0.000000000000000000e+00
1.093512625283927647e-01
2.988659132327157186e-01
1.875976414373687062e-01
1.001431388846474452e-01
1.874954286027425421e-01
2.433195558312539197e-01
1.970903284100699454e-02
0.000000000000000000e+00
0.000000000000000000e+00
7.503393007940947768e-02
3.132325948407574390e-01
nan
1.335443941643238985e-01
1.215554062813881814e-01
nan
6.902427853285214576e-02
0.000000000000000000e+00
0.000000000000000000e+00
nan
1.088726149988341815e-02
1.588905286632096014e-01
3.799183855517073716e-01
5.441042857782978359e-01
0.000000000000000000e+00
8.254043004519089066e-02
3.618141645742116719e-01
1.623267209148448464e-01
nan
0.000000000000000000e+00
8.896640806689631864e-02
1.483641493739664419e-01
0.000000000000000000e+00
3.014866207298120826e-01
0.000000000000000000e+00
3.123224253934043793e-01
1.938743644695492194e-02
0.000000000000000000e+00
7.380492310807608425e-02
0.000000000000000000e+00
0.000000000000000000e+00
0.000000000000000000e+00
3.349974980876000430e-01
5.718257632315695838e-02
0.000000000000000000e+00
4.504671328190463231e-01
2.437508453295052779e-01
nan
0.000000000000000000e+00
0.000000000000000000e+00
0.000000000000000000e+00
0.000000000000000000e+00
0.000000000000000000e+00
2.189937937741234797e-01
0.000000000000000000e+00
0.000000000000000000e+00
1.672064800487263470e-01
2.818143030328202348e-01
9.074474510920722825e-02
1.241679568486761809e-01
0.000000000000000000e+00
2.811372249113528940e-02
1.496052902421127484e-01
6.961277657964719257e-02
1.748090397606099633e-01
0.000000000000000000e+00
2.407557844915277634e-01
3.657682682179501654e-01
2.139535321128898659e-01
1.157136509872546369e-02
nan
0.000000000000000000e+00
nan
0.000000000000000000e+00
9.461851088564943169e-02
1.854361703013076013e-01
0.000000000000000000e+00
0.000000000000000000e+00
4.852938229723651742e-01
0.000000000000000000e+00
0.000000000000000000e+00
0.000000000000000000e+00
1.770957601140280835e-01
0.000000000000000000e+00
2.343014139334485268e-01
0.000000000000000000e+00
1.900777637501792627e-01
0.000000000000000000e+00
0.000000000000000000e+00
0.000000000000000000e+00
4.020321945664628860e-02
2.851731476685082090e-01
1.741899653100030809e-01
8.915883459388963539e-01
0.000000000000000000e+00
0.000000000000000000e+00
0.000000000000000000e+00
0.000000000000000000e+00
0.000000000000000000e+00
1.203665527098789351e-01
9.438362199634792171e-02
3.305925453916834789e-01
0.000000000000000000e+00
nan
6.224183609928768401e-02
1.129678195681281250e-01
0.000000000000000000e+00
1.002116267040123986e-02
0.000000000000000000e+00
2.653023532006228147e-02
nan
2.920791274505767365e-01
0.000000000000000000e+00
0.000000000000000000e+00
2.181757696442868100e-01
7.745871042902029158e-02
nan
0.000000000000000000e+00
5.739208941266487479e-02
0.000000000000000000e+00
0.000000000000000000e+00
1.599041820947054438e-01
0.000000000000000000e+00
nan
7.737473821973325783e-02
2.354668170955394046e-01
0.000000000000000000e+00
5.069468053912225269e-02
2.639052702664000383e-01
0.000000000000000000e+00
1.211365179218349686e-01
0.000000000000000000e+00
3.453217055917896794e-02
nan
0.000000000000000000e+00
5.006649712606078828e-02
nan
3.836753421614471082e-01
1.880016952511770756e-01
0.000000000000000000e+00
4.824827433091174317e-02
nan
0.000000000000000000e+00
1.344835099633099121e-02
8.505684499998485137e-02
1.202386150409963383e-01
0.000000000000000000e+00
0.000000000000000000e+00
1.090466894369394313e-01
4.674152156388344803e-01
nan
3.520875197001163692e-01
2.039668179099345668e-01
nan
7.215604446122132754e-02
4.781711737563226067e-02
7.131239925905055732e-02
7.787230356868567183e-02
0.000000000000000000e+00
0.000000000000000000e+00
1.615885071255586669e-01
2.915880949584005039e-02
3.127372537857835838e-02
nan
2.620732012506784558e-01
0.000000000000000000e+00
3.039721249682716606e-02
8.386025214641623649e-02
0.000000000000000000e+00
2.095588343624531502e-01
3.685926774464069050e-02
1.679735299694262718e-01
0.000000000000000000e+00
1.676866142217792177e-01
0.000000000000000000e+00
0.000000000000000000e+00
2.953545933962816172e-01
1.124231994180969335e-01
0.000000000000000000e+00
nan
6.722339194883091007e-02
0.000000000000000000e+00
2.730834203422768947e-01
9.975764304176411301e-02
0.000000000000000000e+00
1.163126310710207133e-02
2.606566057601815145e-01
0.000000000000000000e+00
0.000000000000000000e+00
1.099789976348542198e-01
0.000000000000000000e+00
5.807222417196047926e-02
0.000000000000000000e+00
1.622018072016526424e-01
0.000000000000000000e+00
1.662844192772972851e-01
2.303369857827045897e-01
0.000000000000000000e+00
2.433887285577045756e-01
0.000000000000000000e+00
0.000000000000000000e+00
nan
0.000000000000000000e+00
0.000000000000000000e+00
nan
1.113509313103876464e-01
3.378138799855683883e-01
3.010490279797614632e-01
3.436064860735323356e-01
9.962377292512976379e-02
1.449855067670554609e-01
1.303542769597689777e-01
3.607473444616875191e-02
0.000000000000000000e+00
0.000000000000000000e+00
1.358337485955823098e-01
3.160522046388346551e-01
0.000000000000000000e+00
nan
0.000000000000000000e+00
6.755224953616641159e-02
1.742889163332799196e-01
4.239527582138600814e-01
nan
1.827695814756432335e-01
1.443421754387798350e-01
8.672366137954239107e-02
0.000000000000000000e+00
0.000000000000000000e+00
3.008618745511458248e-01
2.892759102669070076e-02
0.000000000000000000e+00
1.858289895562907357e-01
2.868215353961394709e-01
4.044966046324646042e-02
1.124536270001729038e-01
7.888717633566884324e-02
1.264267740323818112e-01
4.972894292908026093e-01
3.782096531519364424e-01
5.204828924978651683e-01
9.961406117052788722e-02
4.172594185832444458e-01
0.000000000000000000e+00
9.842215995729249045e-02
0.000000000000000000e+00
4.147516669645038290e-01
1.290314660359972720e-01
2.563601264905663313e-01
6.958416739993029954e-02
1.178991947119785721e-01
2.120953081798845341e-01
1.403309266785805753e-01
0.000000000000000000e+00
nan
1.779991043096287168e-02
0.000000000000000000e+00
3.085418402688891101e-02
0.000000000000000000e+00
6.559885086888236905e-02
1.186120448264349064e-01
0.000000000000000000e+00
1.835587168714414297e-01
0.000000000000000000e+00
3.744178810065144913e-02
0.000000000000000000e+00
2.319651472148484828e-01
1.911802689646934783e-01
nan
0.000000000000000000e+00
nan
5.016877639502582698e-01
3.299075284870568031e-02
nan
nan
1.501921445322758897e-01
2.932923451104439416e-01
7.316810143500997177e-02
7.612149590814312750e-02
1.143985771800043238e+00
3.437419520754838448e-02
7.484287489948965311e-02
4.636044647454778261e-02
3.910056887164367612e-01
4.281994672621030618e-01
0.000000000000000000e+00
7.520781841018392422e-02
0.000000000000000000e+00
0.000000000000000000e+00
0.000000000000000000e+00
1.032339692511547169e-01
3.868842181113745643e-02
2.970346488757604209e-01
1.745541638028992593e-01
nan
3.220652086413979265e-01
2.291683243187927488e-01
1.379645856774346091e-01
3.168906788807013819e-01
0.000000000000000000e+00
nan
0.000000000000000000e+00
9.209484035398336765e-02
1.108982109092146728e-01
8.936034152236587147e-01
2.892755373801141339e-01
4.290979347102837349e-01
0.000000000000000000e+00
4.281768876682844754e-02
3.340126927262500600e-01
5.608412943750240576e-01
0.000000000000000000e+00
0.000000000000000000e+00
2.834275782282175693e-01
0.000000000000000000e+00
1.523835713236899314e-01
1.168141057375460118e-01
0.000000000000000000e+00
4.805398516151845184e-02
7.191427626788921001e-02
5.373462699568404277e-01
0.000000000000000000e+00
4.139005079163995404e-01
6.241731653460914214e-03
1.588694614963234719e-01
6.539489176038430773e-02
1.741895946795783412e-01
nan
2.692059942526497385e-01
3.091744008530012411e-01
2.236988524120855637e-01
1.405788265598267306e-01
1.098449719581698486e-01
nan
1.451645767112004437e+00
1.607465941393381392e+00
0.000000000000000000e+00
5.254911282844737345e-03
0.000000000000000000e+00
0.000000000000000000e+00
1.973186092248911949e-01
3.074595888851653913e-01
0.000000000000000000e+00
9.668163487333087530e-03
2.970140120876501588e-01
2.286320478442653847e-01
3.955653468716893023e-02
0.000000000000000000e+00
nan
2.245808881280325353e-01
7.212398569806589832e-02
0.000000000000000000e+00
0.000000000000000000e+00
nan
0.000000000000000000e+00
0.000000000000000000e+00
1.297362232066684787e-02
3.765705753567440417e-01
1.161109926730901215e-01
2.310094957499921886e-01
0.000000000000000000e+00
5.320938271789630303e-01
0.000000000000000000e+00
1.162459774053328232e-01
2.267502744486573907e-01
7.272349798605481919e-02
4.079424156389711148e-02
4.634921161233057640e-01
1.145672372583808468e-01
2.702085575844613841e-01
1.014136099981719080e-01
0.000000000000000000e+00
0.000000000000000000e+00
0.000000000000000000e+00
nan
nan
4.637052376978288704e-02
0.000000000000000000e+00
7.720285407663456112e-02
2.162343519796399577e-02
6.249027153943632618e-01
nan
0.000000000000000000e+00
0.000000000000000000e+00
2.248854459288371632e-01
2.008477221331244345e-01
1.173194600774411650e-01
0.000000000000000000e+00
1.146873304673558802e-01
9.062118713920072621e-02
0.000000000000000000e+00
1.415466630331466691e-01
2.237705624041234909e-01
1.206540982054015165e-01
0.000000000000000000e+00
nan
1.185313845040828484e-01
4.987746772082551905e-01
7.813635291340445543e-02
3.571809040670479579e-02
1.664914700241913181e-01
2.738925569162294349e-01
1.354394509614432474e-01
nan
2.421094667136502177e-01
2.489470614982124963e-01
4.010867195263624618e-02
3.421630271211064667e-01
1.682891496991022751e-01
0.000000000000000000e+00
0.000000000000000000e+00
2.676441456330377333e-01
1.323453987489308509e-02
6.793772066106942287e-01
0.000000000000000000e+00
5.915822209140524784e-02
2.309493834819075497e-01
0.000000000000000000e+00
5.872225363185913649e-02
1.584546897793233100e-01
1.974910893479092655e-01
0.000000000000000000e+00
1.027081804840692253e-01
0.000000000000000000e+00
3.931863399316913588e-02
0.000000000000000000e+00
2.329610256006949542e-01
0.000000000000000000e+00
7.475945419002175130e-02
0.000000000000000000e+00
4.063969091020240565e-02
1.657970818210411645e-01
0.000000000000000000e+00
1.286992962715099997e-01
4.287324693397235459e-02
nan
0.000000000000000000e+00
1.492025119800083344e-01
5.526022376168637784e-02
0.000000000000000000e+00
5.125458416234271453e-02
2.744807302118297820e-01
2.902308793745797533e-01
2.635723205505594025e-01
0.000000000000000000e+00
2.583287334575124494e-01
1.378595164155583530e-01
5.932848541108701884e-02
4.083997255965381851e-02
0.000000000000000000e+00
0.000000000000000000e+00
3.941254344389465147e-02
0.000000000000000000e+00
1.186147764251385961e-01
1.905615046199173601e-01
0.000000000000000000e+00
0.000000000000000000e+00
4.992016502404175160e-01
0.000000000000000000e+00
3.623456505788589799e-01
0.000000000000000000e+00
0.000000000000000000e+00
0.000000000000000000e+00
1.532622373014752293e-01
0.000000000000000000e+00
nan
nan
3.617276771774711186e-01
1.465109035921593472e-01
8.696679716871943966e-02
4.275513145192809394e-02
0.000000000000000000e+00
3.291770810969044669e-01
4.721474108432792693e-01
7.537401839590124331e-02
2.708684590124303404e-01
0.000000000000000000e+00
1.067838586445107735e-01
0.000000000000000000e+00
0.000000000000000000e+00
0.000000000000000000e+00
4.200185847767439612e-02
2.116018220253465879e-02
4.078634658248865563e-02
2.532818863666772349e-02
0.000000000000000000e+00
nan
3.809456772035114958e-02
6.242110513600542809e-01
7.151495661591225628e-02
nan
1.684453585118033114e-01
1.481916422626916585e-01
8.706277170092449613e-02
2.439535748124080014e-02
3.376023504594747315e-01
8.078514000757962277e-02
0.000000000000000000e+00
2.522887843457293777e-01
1.754201673999728761e-01
7.512920155666921729e-02
1.987573756303909200e-01
2.405814989243663105e-01
0.000000000000000000e+00
0.000000000000000000e+00
9.311512753917994267e-02
nan
1.439339994203895079e-01
2.284317639644238909e-02
6.032511261439605504e-02
0.000000000000000000e+00
2.685845938582106518e-01
2.881084774077362076e-01
3.902756825864196755e-02
1.096262801387563462e-01
4.428947132328255876e-01
2.887460493956770513e-01
1.223898833718013307e-01
3.475334243190885686e-01
1.489685277831592491e-01
0.000000000000000000e+00
nan
0.000000000000000000e+00
1.051618969022148908e+00
3.121071811043422128e-01
1.697393526024030819e-01
8.764404331392255942e-02
1.590089165916987735e-01
1.776782191765505226e-01
0.000000000000000000e+00
2.320486028589461014e-01
2.989586347239791553e-01
1.918047675320829759e-01
1.487545139363135038e-01
2.521797455858133113e-02
0.000000000000000000e+00
1.634135180404891474e-01
3.766103763761007306e-01
8.353640994960083443e-02
0.000000000000000000e+00
1.088698485189719956e-01
4.270327080870409131e-01
7.335475547923289708e-02
3.635310659189972676e-02
5.989734317332598423e-02
2.167468045185894365e-01
1.260573490452911172e-01
1.904452403231498003e-01
3.584964903562493643e-01
0.000000000000000000e+00
nan
6.745216806840857726e-02
7.041500060241490111e-02
nan
0.000000000000000000e+00
0.000000000000000000e+00
8.660143885507047556e-02
0.000000000000000000e+00
0.000000000000000000e+00
6.345178060023488609e-01
0.000000000000000000e+00
0.000000000000000000e+00
0.000000000000000000e+00
0.000000000000000000e+00
0.000000000000000000e+00
0.000000000000000000e+00
1.527900044209099806e-01
0.000000000000000000e+00
0.000000000000000000e+00
nan
0.000000000000000000e+00
1.978903940756446961e-02
3.501413240730278931e-01
0.000000000000000000e+00
6.354699807685072754e-02
0.000000000000000000e+00
0.000000000000000000e+00
0.000000000000000000e+00
4.890862123570221542e-01
nan
1.496988167046095670e-02
0.000000000000000000e+00
0.000000000000000000e+00
nan
2.335475701226148726e-01
3.406137667422491910e-01
1.416375250349274362e-01
1.777212441816700128e-01
1.322601693873464990e-01
9.694340141241779285e-02
0.000000000000000000e+00
1.046192809090127768e-01
4.391725842018156523e-01
3.445398594716160279e-01
1.636953243134248517e-02
0.000000000000000000e+00
1.225636408306784719e-01
0.000000000000000000e+00
0.000000000000000000e+00
3.098370944746216549e-01
0.000000000000000000e+00
0.000000000000000000e+00
1.761906389994166711e-01
1.465004417747436116e-01
nan
0.000000000000000000e+00
nan
0.000000000000000000e+00
3.742217793953219740e-01
0.000000000000000000e+00
0.000000000000000000e+00
1.201497053961384509e-01
2.948056719164863226e-01
3.793859323308807624e-02
2.255802052854864737e-01
2.069038286769333546e-01
0.000000000000000000e+00
0.000000000000000000e+00
0.000000000000000000e+00
0.000000000000000000e+00
3.087488841231119108e-01
0.000000000000000000e+00
0.000000000000000000e+00
0.000000000000000000e+00
0.000000000000000000e+00
7.840761001756679782e-02
0.000000000000000000e+00
1.803123505160670464e-02
5.505467904046362770e-02
0.000000000000000000e+00
2.118991808122778209e-01
2.617886425644589399e-01
0.000000000000000000e+00
7.107266402706678698e-02
3.657078590351592329e-01
1.027755394555311674e-01
0.000000000000000000e+00
2.948209593503907655e-01
4.374906526672659446e-01
2.139463277223379867e-01
2.161303928165126675e-01
0.000000000000000000e+00
0.000000000000000000e+00
1.158033557565123634e-01
9.974859858859871919e-02
0.000000000000000000e+00
2.953336259189812130e-01
6.118751361349635820e-01
0.000000000000000000e+00
0.000000000000000000e+00
2.642257023778373654e-02
0.000000000000000000e+00
1.305361729267285886e-01
2.537195384056674663e-01
5.213639641905786631e-02
0.000000000000000000e+00
6.044790263134210834e-02
0.000000000000000000e+00
2.191807610217915703e-01
5.401700094634120930e-01
3.464404819300099247e-01
1.887554275491254707e-01
0.000000000000000000e+00
0.000000000000000000e+00
0.000000000000000000e+00
1.326005847756579238e-02
nan
8.436252497459345578e-02
2.191481770933947915e-01
0.000000000000000000e+00
0.000000000000000000e+00
4.815226722288879491e-01
4.432188958456160788e-01
1.395181852082814367e-01
0.000000000000000000e+00
1.059073402038006734e-01
7.094034731583305498e-02
2.927720053946933909e-01
2.444135333735956706e-01
1.308387715160846954e-01
6.994181080163888731e-02
5.479385085320209736e-01
2.727828313552820849e-01
7.180238815895899351e-02
3.925077591043039937e-02
1.480174336363924148e-01
1.419720215777698913e-01
2.011688739845030882e-01
2.242878414778970986e-01
1.221614398051021066e-01
6.476939559198267859e-02
0.000000000000000000e+00
0.000000000000000000e+00
1.761462665331900435e-01
0.000000000000000000e+00
4.415835973455235763e-02
8.030408762408190737e-02
nan
1.664152504183782355e-01
5.681814120783577060e-01
0.000000000000000000e+00
nan
3.509834974499768667e-01
nan
2.069106443807311735e-01
0.000000000000000000e+00
3.556029988593838870e-02
0.000000000000000000e+00
0.000000000000000000e+00
8.570936329324624348e-02
0.000000000000000000e+00
4.714287857333430143e-01
nan
7.261816050273389722e-02
1.267796532202569992e-01
4.647811966221033209e-01
7.052528279089660679e-02
0.000000000000000000e+00
0.000000000000000000e+00
5.122526358592137674e-01
7.984195715442556074e-02
0.000000000000000000e+00
1.765727179659032642e-01
nan
0.000000000000000000e+00
nan
1.669896122513017944e-01
3.065785602907007412e-01
4.230652742140662004e-01
5.635862908709193819e-02
8.619483318306672692e-02
1.579383443443123924e-01
1.988184904370614292e-02
1.049961773266944592e-01
0.000000000000000000e+00
6.810441402892482288e-02
2.530880709537365880e-01
3.042088065185818424e-01
7.744879247746165596e-02
4.382182682753194558e-01
0.000000000000000000e+00
0.000000000000000000e+00
0.000000000000000000e+00
1.647738042849215476e-02
1.328156433165262051e-01
1.316778408383056653e-01
6.548309111011409167e-02
1.263883299965983253e-01
0.000000000000000000e+00
4.698198069271504462e-02
0.000000000000000000e+00
nan
2.488818746020850792e-01
6.714206274937642438e-02
0.000000000000000000e+00
0.000000000000000000e+00
8.727641143148381353e-01
1.839920827239670542e-01
0.000000000000000000e+00
3.031823355085995209e-01
1.648670412294165333e-01
2.392343421937818959e-01
5.896161082156373828e-02
3.027896480957418257e-01
0.000000000000000000e+00
0.000000000000000000e+00
0.000000000000000000e+00
0.000000000000000000e+00
1.112341762418441876e-01
nan
2.734026167665193352e-01
2.648795551904231105e-01
4.860743719906474025e-01
2.018171157375507063e-01
8.494810172691981409e-02
1.558582658153055134e-01
1.375748117870121967e-01
nan
5.636764413000765195e-02
2.827145760141257513e-01
0.000000000000000000e+00
3.050604996592134466e-01
0.000000000000000000e+00
3.950984162840997516e-01
nan
0.000000000000000000e+00
0.000000000000000000e+00
0.000000000000000000e+00
0.000000000000000000e+00
nan
nan
0.000000000000000000e+00
3.289535826122184647e-01
0.000000000000000000e+00
7.185223911659147644e-01
2.122623194390941548e-01
0.000000000000000000e+00
4.064274821842406293e-02
1.654265589055147756e-01
2.143181906288166017e-01
1.675709165949183510e-01
0.000000000000000000e+00
0.000000000000000000e+00
0.000000000000000000e+00
0.000000000000000000e+00
3.532817149223343445e-01
0.000000000000000000e+00
2.294650909598224334e-02
nan
nan
1.384512045969551186e-01
6.730979593659333071e-01
0.000000000000000000e+00
0.000000000000000000e+00
2.089462762972335852e-01
5.848222805996867307e-02
0.000000000000000000e+00
0.000000000000000000e+00
4.368080896336866692e-01
2.724922616055079350e-01
0.000000000000000000e+00
2.435112669545529407e-01
0.000000000000000000e+00
2.342757321188753961e-01
2.336355027413515306e-01
0.000000000000000000e+00
3.641776427601725596e-02
2.177131158963819257e-01
1.952768914184995208e-01
0.000000000000000000e+00
8.543125820218502864e-02
2.176504110250266077e-01
0.000000000000000000e+00
8.640331795746418464e-02
1.284338114015448340e-01
5.548876650394601873e-01
0.000000000000000000e+00
8.823762549481199702e-02
nan
0.000000000000000000e+00
1.518402278610960221e-01
3.184991703204066438e-01
9.180759562422526054e-02
0.000000000000000000e+00
0.000000000000000000e+00
5.229565555842878855e-01
1.853082209864782837e-01
3.585291744934717140e-01
nan
3.712293138932361569e-01
2.198121106099892585e-01
nan
0.000000000000000000e+00
0.000000000000000000e+00
0.000000000000000000e+00
0.000000000000000000e+00
0.000000000000000000e+00
nan
3.469520189500978069e-01
0.000000000000000000e+00
1.556170216016336261e-01
2.127976227091524786e-01
2.266394986158438984e-01
3.569942156809893241e-01
3.073257998287395876e-01
3.420805164310330437e-01
2.513070240889274110e-01
1.671835237590483803e-01
6.964806507912416067e-02
1.423409469332325705e-01
3.642146284688795865e-01
nan
3.481551690272047250e-01
nan
1.253817403922828921e-01
1.128833629740556566e-01
nan
nan
9.068410638450209726e-02
nan
0.000000000000000000e+00
0.000000000000000000e+00
0.000000000000000000e+00
0.000000000000000000e+00
nan
nan
2.535026435373562981e-01
0.000000000000000000e+00
0.000000000000000000e+00
nan
1.643283265837242602e-01
2.279116090744517376e-01
1.184253936811933694e-01
nan
3.194330675860577173e-01
0.000000000000000000e+00
nan
2.459874969558918378e-01
2.995272145032469302e-01
0.000000000000000000e+00
1.570768026612711088e-01
2.284707499172374534e-01
0.000000000000000000e+00
2.461461822105766029e-01
0.000000000000000000e+00
3.087786128188041990e-01
nan
2.872866496316338614e-01
0.000000000000000000e+00
0.000000000000000000e+00
9.020006669823794898e-02
0.000000000000000000e+00
2.809723269195408824e-01
2.054020520252017867e-01
0.000000000000000000e+00
0.000000000000000000e+00
0.000000000000000000e+00
0.000000000000000000e+00
0.000000000000000000e+00
0.000000000000000000e+00
0.000000000000000000e+00
0.000000000000000000e+00
0.000000000000000000e+00
1.774756382656293430e-01
3.478774186591865880e-01
0.000000000000000000e+00
0.000000000000000000e+00
nan
nan
nan
