1.553837358951568604e-01
3.081537783145904541e-01
2.868919372558593750e-01
1.590331196784973145e-01
2.678851187229156494e-01
2.511590421199798584e-01
2.534264624118804932e-01
2.937358617782592773e-01
2.833554744720458984e-01
4.259234368801116943e-01
3.016315698623657227e-01
2.190135717391967773e-01
2.712376415729522705e-01
3.083908259868621826e-01
1.961322128772735596e-01
2.450987100601196289e-01
2.216792553663253784e-01
2.933386266231536865e-01
2.563413679599761963e-01
1.441691219806671143e-01
2.362484782934188843e-01
2.151590585708618164e-01
3.507761061191558838e-01
2.584727406501770020e-01
3.145834207534790039e-01
1.933675110340118408e-01
2.815970778465270996e-01
3.068805932998657227e-01
3.128500878810882568e-01
3.222684264183044434e-01
1.694409251213073730e-01
2.085484564304351807e-01
3.648153543472290039e-01
3.762351572513580322e-01
2.041596621274948120e-01
2.591504156589508057e-01
3.066088855266571045e-01
2.995208501815795898e-01
2.158757448196411133e-01
3.404130637645721436e-01
3.440867960453033447e-01
3.538584411144256592e-01
2.615936398506164551e-01
4.286868274211883545e-01
6.644413471221923828e-01
4.049431383609771729e-01
1.917756944894790649e-01
2.048558145761489868e-01
3.661376237869262695e-01
3.487041890621185303e-01
2.050078809261322021e-01
2.871761620044708252e-01
2.215017825365066528e-01
2.558453083038330078e-01
1.781336814165115356e-01
2.773018181324005127e-01
2.668807208538055420e-01
2.794224917888641357e-01
2.462873756885528564e-01
3.324076533317565918e-01
2.371251434087753296e-01
3.186086714267730713e-01
1.979564279317855835e-01
4.242420196533203125e-01
3.284803032875061035e-01
3.427286446094512939e-01
3.032442629337310791e-01
2.400775998830795288e-01
2.893790006637573242e-01
3.404853641986846924e-01
1.562610268592834473e-01
3.362533152103424072e-01
4.322539865970611572e-01
2.634384036064147949e-01
2.627679109573364258e-01
2.414962947368621826e-01
6.373901367187500000e-01
3.307162821292877197e-01
2.676495909690856934e-01
3.159765899181365967e-01
2.544308900833129883e-01
5.228229761123657227e-01
3.492016196250915527e-01
3.487041294574737549e-01
5.026143789291381836e-01
4.565145373344421387e-01
2.323502153158187866e-01
2.632759213447570801e-01
2.217889428138732910e-01
3.444417417049407959e-01
2.109567970037460327e-01
2.509464919567108154e-01
1.454376131296157837e-01
2.775405645370483398e-01
2.172596305608749390e-01
1.778202801942825317e-01
3.082775771617889404e-01
2.398185580968856812e-01
1.296900659799575806e-01
3.610014319419860840e-01
2.365371584892272949e-01
2.442203313112258911e-01
3.521331846714019775e-01
1.803402155637741089e-01
1.789577454328536987e-01
2.344877719879150391e-01
4.105782210826873779e-01
2.286231815814971924e-01
1.714253127574920654e-01
2.989721000194549561e-01
3.108402490615844727e-01
2.829685211181640625e-01
3.480596840381622314e-01
2.990162074565887451e-01
4.833829998970031738e-01
4.793328642845153809e-01
2.140181213617324829e-01
3.648923635482788086e-01
3.455754220485687256e-01
2.329996377229690552e-01
2.653589248657226562e-01
2.711412310600280762e-01
2.377483248710632324e-01
1.913112998008728027e-01
1.816019564867019653e-01
3.191587924957275391e-01
2.286860048770904541e-01
2.349524945020675659e-01
2.343727648258209229e-01
1.269490420818328857e-01
2.867189347743988037e-01
2.892407774925231934e-01
2.579565346240997314e-01
2.050162106752395630e-01
3.210668265819549561e-01
2.689954638481140137e-01
3.130994141101837158e-01
3.180435001850128174e-01
3.367341756820678711e-01
2.587171196937561035e-01
3.162065148353576660e-01
2.556086778640747070e-01
1.601077020168304443e-01
2.041319310665130615e-01
1.584545671939849854e-01
2.159110158681869507e-01
4.439431726932525635e-01
1.888506859540939331e-01
3.074508309364318848e-01
3.568807244300842285e-01
2.908207774162292480e-01
3.272088170051574707e-01
2.755579948425292969e-01
3.185340464115142822e-01
2.946631908416748047e-01
3.429879546165466309e-01
2.782639563083648682e-01
2.744432389736175537e-01
1.943829357624053955e-01
1.862815916538238525e-01
1.813828349113464355e-01
1.461413353681564331e-01
3.222790360450744629e-01
2.880191504955291748e-01
2.500192821025848389e-01
3.294576704502105713e-01
2.141465097665786743e-01
1.965039223432540894e-01
2.479670643806457520e-01
3.497958481311798096e-01
2.895284295082092285e-01
2.774561643600463867e-01
3.209756612777709961e-01
3.047414124011993408e-01
2.694316804409027100e-01
3.504798114299774170e-01
3.090125620365142822e-01
2.432974874973297119e-01
2.100444883108139038e-01
2.874940335750579834e-01
2.986337244510650635e-01
2.001419216394424438e-01
3.258399069309234619e-01
2.711583971977233887e-01
2.641475796699523926e-01
3.265291452407836914e-01
3.013196289539337158e-01
2.039948403835296631e-01
2.668382525444030762e-01
1.433330625295639038e-01
2.665624916553497314e-01
3.344747126102447510e-01
2.572583854198455811e-01
2.201106101274490356e-01
2.459131479263305664e-01
2.505128681659698486e-01
1.789665222167968750e-01
3.338189125061035156e-01
3.778811097145080566e-01
3.143312036991119385e-01
1.879348903894424438e-01
3.197524845600128174e-01
2.053832560777664185e-01
2.362166494131088257e-01
4.076783955097198486e-01
1.682530939579010010e-01
2.654370069503784180e-01
2.104009091854095459e-01
2.389170080423355103e-01
3.871030807495117188e-01
3.176643550395965576e-01
3.182769119739532471e-01
1.558192968368530273e-01
2.132733911275863647e-01
2.508467733860015869e-01
3.702654242515563965e-01
2.876136004924774170e-01
3.006670773029327393e-01
2.501178383827209473e-01
3.082799017429351807e-01
2.745449244976043701e-01
3.029954135417938232e-01
2.460412085056304932e-01
3.059704303741455078e-01
2.992745935916900635e-01
3.350867033004760742e-01
1.776509732007980347e-01
2.228593826293945312e-01
2.294693142175674438e-01
1.914889365434646606e-01
2.146418243646621704e-01
2.630829215049743652e-01
1.605991423130035400e-01
2.367896139621734619e-01
2.687128484249114990e-01
2.480260282754898071e-01
1.971507072448730469e-01
2.615238428115844727e-01
2.090486884117126465e-01
4.263027906417846680e-01
2.816716432571411133e-01
1.088169664144515991e-01
2.986130714416503906e-01
2.613818943500518799e-01
2.956288456916809082e-01
2.224370241165161133e-01
2.419442236423492432e-01
3.454041481018066406e-01
3.023190200328826904e-01
2.646946907043457031e-01
1.325239539146423340e-01
2.438902705907821655e-01
1.777347624301910400e-01
1.981454938650131226e-01
3.655884563922882080e-01
2.158397287130355835e-01
2.086008489131927490e-01
2.822605073451995850e-01
3.527290225028991699e-01
2.039102613925933838e-01
1.926048249006271362e-01
4.296257793903350830e-01
2.961565256118774414e-01
3.547636568546295166e-01
2.916111052036285400e-01
4.794919192790985107e-01
2.190761864185333252e-01
2.264574617147445679e-01
2.831426858901977539e-01
2.307519316673278809e-01
1.956573575735092163e-01
1.995256692171096802e-01
2.274816334247589111e-01
1.731193512678146362e-01
2.469647675752639771e-01
2.569262683391571045e-01
9.575603902339935303e-02
1.677829772233963013e-01
2.340649962425231934e-01
2.808677852153778076e-01
2.978318929672241211e-01
3.361215889453887939e-01
1.734695732593536377e-01
2.796538770198822021e-01
2.837347686290740967e-01
2.207311689853668213e-01
1.753766983747482300e-01
2.144713401794433594e-01
3.815273344516754150e-01
1.373962461948394775e-01
2.668079137802124023e-01
2.520716190338134766e-01
3.498824238777160645e-01
2.220091521739959717e-01
3.972534239292144775e-01
3.361024558544158936e-01
3.447371721267700195e-01
3.045996129512786865e-01
3.494571447372436523e-01
2.909143269062042236e-01
2.574535906314849854e-01
3.863419592380523682e-01
3.709425628185272217e-01
1.994133293628692627e-01
3.534094095230102539e-01
3.675946891307830811e-01
4.000791311264038086e-01
2.252743840217590332e-01
2.169987708330154419e-01
1.107183024287223816e-01
2.473906278610229492e-01
3.645145595073699951e-01
2.415283024311065674e-01
2.424268573522567749e-01
2.562106847763061523e-01
3.125680387020111084e-01
2.734088301658630371e-01
3.662030994892120361e-01
1.613467037677764893e-01
2.285249084234237671e-01
2.040242701768875122e-01
2.536645829677581787e-01
2.470141351222991943e-01
2.068425714969635010e-01
2.755346298217773438e-01
2.742110788822174072e-01
2.066450566053390503e-01
3.861507773399353027e-01
3.253472447395324707e-01
4.408870637416839600e-01
2.225846201181411743e-01
3.136398494243621826e-01
2.238782793283462524e-01
2.001277506351470947e-01
2.636296749114990234e-01
2.911606431007385254e-01
2.100947350263595581e-01
2.629692256450653076e-01
1.944847106933593750e-01
2.275901138782501221e-01
2.724051177501678467e-01
1.830609291791915894e-01
4.695744514465332031e-01
2.269311696290969849e-01
3.479484319686889648e-01
3.568040132522583008e-01
3.147275149822235107e-01
2.616998553276062012e-01
2.908418774604797363e-01
3.860689699649810791e-01
3.404416143894195557e-01
2.095838785171508789e-01
2.742347121238708496e-01
2.890914082527160645e-01
3.188953399658203125e-01
3.086250722408294678e-01
2.609306275844573975e-01
2.386679500341415405e-01
3.202939331531524658e-01
1.927406340837478638e-01
3.809649348258972168e-01
2.537219226360321045e-01
2.676211893558502197e-01
2.668145895004272461e-01
2.970432639122009277e-01
2.435544282197952271e-01
2.582440078258514404e-01
2.829542756080627441e-01
2.478277236223220825e-01
2.813099324703216553e-01
2.223746627569198608e-01
3.109601438045501709e-01
2.853932678699493408e-01
2.831199169158935547e-01
2.133090347051620483e-01
2.163481414318084717e-01
2.267974466085433960e-01
2.234960347414016724e-01
3.559454679489135742e-01
2.969011366367340088e-01
1.694760024547576904e-01
3.592474460601806641e-01
2.295385897159576416e-01
3.538401424884796143e-01
2.071318626403808594e-01
1.552737504243850708e-01
3.339365422725677490e-01
4.612676203250885010e-01
3.359163105487823486e-01
8.311664313077926636e-02
3.396340310573577881e-01
3.116009235382080078e-01
3.519482612609863281e-01
2.622944414615631104e-01
3.172257840633392334e-01
1.817302852869033813e-01
1.212788075208663940e-01
2.331528663635253906e-01
4.399713575839996338e-01
2.253723740577697754e-01
2.851065695285797119e-01
4.673180282115936279e-01
3.425018489360809326e-01
2.910520136356353760e-01
1.751708537340164185e-01
2.231408804655075073e-01
2.378899008035659790e-01
3.942221999168395996e-01
2.812563776969909668e-01
3.353857994079589844e-01
1.815742552280426025e-01
1.806065142154693604e-01
2.384858280420303345e-01
2.387233376502990723e-01
3.760795593261718750e-01
3.350818753242492676e-01
2.312548160552978516e-01
3.102353215217590332e-01
2.283013761043548584e-01
2.944324910640716553e-01
2.472856789827346802e-01
3.518347144126892090e-01
2.000324428081512451e-01
2.192194014787673950e-01
2.799652218818664551e-01
2.366929352283477783e-01
2.854357957839965820e-01
2.589774429798126221e-01
2.336932122707366943e-01
2.426940947771072388e-01
3.273082971572875977e-01
2.650323212146759033e-01
2.246047556400299072e-01
3.335785567760467529e-01
2.958291769027709961e-01
4.211294949054718018e-01
6.396984308958053589e-02
4.409076273441314697e-01
3.639675080776214600e-01
2.602027058601379395e-01
2.803209722042083740e-01
2.095882296562194824e-01
1.926853954792022705e-01
3.103553652763366699e-01
3.429484665393829346e-01
2.891250252723693848e-01
1.932431459426879883e-01
2.380513399839401245e-01
1.683388352394104004e-01
2.345232218503952026e-01
2.066756784915924072e-01
3.148177564144134521e-01
3.086918592453002930e-01
3.540505766868591309e-01
3.268428146839141846e-01
2.308089882135391235e-01
2.323775589466094971e-01
4.066482484340667725e-01
2.528533637523651123e-01
3.898419737815856934e-01
2.568570673465728760e-01
1.937049627304077148e-01
2.958347201347351074e-01
2.390471696853637695e-01
2.275867611169815063e-01
2.894687950611114502e-01
5.326743125915527344e-01
3.014345169067382812e-01
1.085691079497337341e-01
2.969466745853424072e-01
1.894634813070297241e-01
2.818716466426849365e-01
3.013467788696289062e-01
4.284942150115966797e-01
1.392536610364913940e-01
2.225130498409271240e-01
2.950202524662017822e-01
2.765693068504333496e-01
1.643190383911132812e-01
2.370233237743377686e-01
2.084813863039016724e-01
2.767777144908905029e-01
1.982821822166442871e-01
3.067018389701843262e-01
1.965785324573516846e-01
1.476527005434036255e-01
2.419791370630264282e-01
2.501684427261352539e-01
3.186652064323425293e-01
2.438128441572189331e-01
2.000118643045425415e-01
3.435101807117462158e-01
2.304916232824325562e-01
1.983190029859542847e-01
2.730554342269897461e-01
3.470613062381744385e-01
2.996117472648620605e-01
3.310702741146087646e-01
3.327335119247436523e-01
2.483382076025009155e-01
2.016601413488388062e-01
2.569979131221771240e-01
3.466963469982147217e-01
2.606507241725921631e-01
2.757405936717987061e-01
2.293323576450347900e-01
2.443349957466125488e-01
2.096306830644607544e-01
2.395900487899780273e-01
2.569811940193176270e-01
2.895140647888183594e-01
3.638683855533599854e-01
2.034987360239028931e-01
2.579108476638793945e-01
2.280928045511245728e-01
2.468444854021072388e-01
2.126262634992599487e-01
2.844181656837463379e-01
4.185246527194976807e-01
2.414985001087188721e-01
2.276237010955810547e-01
2.730953395366668701e-01
2.670078575611114502e-01
1.299549490213394165e-01
2.736858725547790527e-01
1.951337307691574097e-01
2.784354686737060547e-01
3.684412240982055664e-01
2.993957102298736572e-01
4.295217394828796387e-01
1.650581359863281250e-01
2.425799071788787842e-01
2.364316284656524658e-01
3.323447406291961670e-01
1.728180497884750366e-01
1.713181883096694946e-01
3.143977224826812744e-01
1.311784535646438599e-01
2.251971662044525146e-01
5.366505384445190430e-01
2.016266882419586182e-01
2.505260705947875977e-01
5.590487718582153320e-01
2.800258100032806396e-01
1.595771312713623047e-01
2.179293185472488403e-01
3.590730130672454834e-01
3.281033635139465332e-01
2.769483625888824463e-01
2.921381890773773193e-01
3.164244294166564941e-01
2.779675126075744629e-01
3.199321329593658447e-01
2.081010043621063232e-01
2.527492344379425049e-01
2.182426601648330688e-01
3.574939966201782227e-01
2.067489922046661377e-01
3.494388461112976074e-01
2.201628088951110840e-01
3.393537402153015137e-01
3.937868773937225342e-01
1.729797273874282837e-01
2.441179752349853516e-01
2.822740972042083740e-01
2.817472815513610840e-01
1.892669796943664551e-01
2.521070241928100586e-01
3.233555853366851807e-01
2.352109700441360474e-01
2.393325120210647583e-01
2.119802385568618774e-01
3.232766389846801758e-01
2.500525414943695068e-01
2.346470803022384644e-01
1.972855031490325928e-01
2.236042916774749756e-01
3.118641972541809082e-01
2.794203162193298340e-01
2.757389545440673828e-01
2.458986937999725342e-01
2.025447934865951538e-01
2.840758860111236572e-01
1.439854949712753296e-01
2.030605077743530273e-01
2.591817975044250488e-01
2.636128365993499756e-01
3.128142952919006348e-01
1.286587715148925781e-01
2.699652612209320068e-01
3.198220431804656982e-01
2.317289561033248901e-01
3.585561215877532959e-01
3.406991660594940186e-01
2.619640231132507324e-01
2.831971645355224609e-01
2.476256042718887329e-01
2.339875251054763794e-01
2.177309542894363403e-01
1.780527085065841675e-01
2.334640622138977051e-01
3.040202260017395020e-01
1.669667363166809082e-01
2.407258003950119019e-01
3.003998100757598877e-01
2.963187992572784424e-01
3.671966195106506348e-01
2.279352694749832153e-01
2.624326944351196289e-01
3.992107808589935303e-01
2.687301635742187500e-01
3.105799853801727295e-01
2.048087269067764282e-01
2.707122862339019775e-01
1.401769667863845825e-01
2.647010087966918945e-01
2.763216197490692139e-01
1.973411440849304199e-01
1.900949031114578247e-01
1.845845878124237061e-01
2.792978584766387939e-01
2.645647227764129639e-01
2.367863804101943970e-01
2.388926297426223755e-01
1.882518231868743896e-01
2.715703845024108887e-01
2.475735843181610107e-01
2.386277168989181519e-01
3.068505227565765381e-01
2.521036565303802490e-01
4.019797444343566895e-01
1.808612197637557983e-01
2.438665032386779785e-01
1.652427911758422852e-01
2.428300231695175171e-01
2.913692891597747803e-01
4.419942498207092285e-01
2.002362459897994995e-01
3.046731352806091309e-01
1.414788514375686646e-01
1.567726880311965942e-01
8.160290122032165527e-02
2.120583057403564453e-01
1.411952525377273560e-01
2.656589448451995850e-01
2.989130318164825439e-01
2.067132890224456787e-01
2.188670635223388672e-01
3.385051488876342773e-01
2.127476781606674194e-01
2.936479151248931885e-01
2.240150421857833862e-01
2.341258525848388672e-01
2.675862610340118408e-01
2.162776738405227661e-01
1.556359380483627319e-01
3.981836438179016113e-01
3.252621591091156006e-01
2.419757843017578125e-01
2.152219563722610474e-01
2.660841047763824463e-01
2.565722465515136719e-01
2.321123480796813965e-01
1.905982792377471924e-01
2.797557115554809570e-01
2.126845568418502808e-01
2.063479572534561157e-01
2.286530584096908569e-01
4.674000442028045654e-01
2.691607773303985596e-01
2.309996187686920166e-01
2.727641463279724121e-01
2.128028124570846558e-01
3.139300346374511719e-01
2.030321657657623291e-01
1.684216707944869995e-01
3.533470034599304199e-01
2.153140157461166382e-01
2.130631655454635620e-01
2.660582363605499268e-01
3.044238090515136719e-01
2.440181225538253784e-01
1.477575600147247314e-01
2.451177835464477539e-01
2.334930300712585449e-01
2.676132917404174805e-01
3.442592918872833252e-01
2.490839064121246338e-01
2.714352905750274658e-01
2.490051984786987305e-01
2.334237992763519287e-01
2.053277343511581421e-01
3.859881162643432617e-01
2.647686302661895752e-01
2.191700935363769531e-01
2.137881517410278320e-01
3.099618852138519287e-01
1.818515211343765259e-01
2.683965861797332764e-01
2.355223447084426880e-01
1.783420145511627197e-01
2.287226319313049316e-01
2.398223727941513062e-01
1.932391971349716187e-01
3.143398761749267578e-01
1.090905442833900452e-01
2.404117584228515625e-01
2.687821984291076660e-01
1.623340100049972534e-01
2.042024582624435425e-01
3.965113162994384766e-01
3.097926080226898193e-01
2.246775329113006592e-01
3.196544349193572998e-01
2.860731184482574463e-01
2.338766753673553467e-01
2.509210109710693359e-01
3.125615417957305908e-01
1.605757921934127808e-01
2.426981776952743530e-01
3.192165493965148926e-01
3.459852933883666992e-01
3.452964723110198975e-01
2.915482223033905029e-01
2.750490605831146240e-01
2.835916578769683838e-01
2.435498982667922974e-01
3.409499526023864746e-01
2.885372936725616455e-01
2.200782001018524170e-01
1.978136152029037476e-01
1.273256689310073853e-01
2.631891965866088867e-01
3.049731552600860596e-01
2.191347330808639526e-01
3.190177679061889648e-01
1.731692105531692505e-01
1.899450272321701050e-01
2.938233315944671631e-01
2.698625922203063965e-01
1.700707823038101196e-01
2.204525321722030640e-01
3.371951878070831299e-01
1.434682458639144897e-01
2.564470171928405762e-01
1.785145252943038940e-01
1.937876194715499878e-01
2.902928292751312256e-01
3.372712731361389160e-01
2.453031688928604126e-01
2.613263726234436035e-01
3.089385628700256348e-01
2.229977399110794067e-01
3.232771754264831543e-01
1.992860287427902222e-01
1.196500509977340698e-01
2.331512570381164551e-01
3.666118383407592773e-01
2.676160037517547607e-01
1.855429261922836304e-01
2.383663803339004517e-01
3.008804023265838623e-01
3.949044644832611084e-01
1.584177315235137939e-01
3.245266079902648926e-01
2.390208393335342407e-01
3.112934231758117676e-01
2.264875471591949463e-01
2.237653583288192749e-01
2.749619781970977783e-01
1.750798076391220093e-01
3.443346917629241943e-01
1.954487860202789307e-01
2.108964025974273682e-01
2.248448878526687622e-01
1.973818689584732056e-01
2.787374854087829590e-01
2.646560370922088623e-01
3.142427206039428711e-01
1.895049512386322021e-01
2.863403558731079102e-01
2.242974936962127686e-01
2.023465484380722046e-01
3.032434582710266113e-01
1.702329963445663452e-01
2.778092622756958008e-01
1.642248332500457764e-01
2.844029963016510010e-01
1.700360327959060669e-01
2.301354408264160156e-01
3.549036681652069092e-01
2.005955278873443604e-01
2.937781810760498047e-01
3.136217594146728516e-01
2.401097714900970459e-01
2.001788467168807983e-01
3.698528409004211426e-01
2.211250215768814087e-01
2.252116352319717407e-01
3.260322213172912598e-01
2.677819132804870605e-01
3.717342913150787354e-01
2.551206052303314209e-01
2.576994597911834717e-01
3.162775039672851562e-01
2.064779996871948242e-01
2.526393830776214600e-01
2.158954590559005737e-01
3.565087318420410156e-01
1.818603128194808960e-01
3.372301459312438965e-01
2.551703453063964844e-01
2.831155061721801758e-01
2.158829271793365479e-01
3.278441727161407471e-01
2.020148038864135742e-01
4.018516242504119873e-01
3.434112071990966797e-01
1.798423826694488525e-01
3.938866257667541504e-01
1.930076479911804199e-01
3.534587323665618896e-01
2.889542579650878906e-01
1.463657021522521973e-01
1.808665841817855835e-01
1.658466458320617676e-01
3.307516276836395264e-01
3.448515534400939941e-01
2.737833559513092041e-01
2.349905669689178467e-01
2.689507305622100830e-01
1.491099596023559570e-01
1.995862573385238647e-01
2.695135772228240967e-01
2.984862923622131348e-01
3.033448457717895508e-01
2.481438368558883667e-01
1.385851055383682251e-01
2.498898804187774658e-01
3.922329843044281006e-01
1.849321424961090088e-01
3.157538473606109619e-01
2.227843403816223145e-01
3.553222417831420898e-01
1.840525269508361816e-01
2.679635286331176758e-01
2.021105438470840454e-01
2.555305361747741699e-01
2.541050314903259277e-01
1.799579560756683350e-01
3.091477155685424805e-01
2.747886180877685547e-01
2.424496114253997803e-01
2.073180526494979858e-01
2.378690242767333984e-01
1.900483816862106323e-01
2.854525446891784668e-01
2.010763287544250488e-01
1.920576691627502441e-01
2.698585689067840576e-01
2.696091532707214355e-01
2.518507838249206543e-01
9.553305804729461670e-02
1.923529654741287231e-01
2.690760195255279541e-01
2.675799727439880371e-01
2.919354736804962158e-01
2.431876361370086670e-01
1.933110207319259644e-01
1.288983523845672607e-01
2.759011089801788330e-01
2.265976518392562866e-01
1.862072199583053589e-01
2.416130453348159790e-01
2.299716025590896606e-01
2.881569564342498779e-01
2.696485221385955811e-01
2.399001568555831909e-01
2.667979896068572998e-01
2.281521409749984741e-01
2.267899513244628906e-01
2.045543342828750610e-01
2.015752047300338745e-01
1.309249997138977051e-01
2.028934955596923828e-01
2.602533102035522461e-01
2.224278002977371216e-01
2.853008210659027100e-01
2.071575373411178589e-01
2.168376594781875610e-01
1.505492925643920898e-01
2.132998704910278320e-01
3.009008169174194336e-01
1.763925403356552124e-01
1.753813624382019043e-01
2.503270804882049561e-01
1.514113396406173706e-01
2.305390387773513794e-01
3.001291751861572266e-01
2.771431505680084229e-01
1.059074029326438904e-01
3.238519132137298584e-01
3.189673423767089844e-01
2.449081838130950928e-01
3.035272061824798584e-01
1.213436126708984375e-01
1.704768985509872437e-01
2.307998090982437134e-01
2.203976809978485107e-01
2.030315101146697998e-01
1.856839656829833984e-01
3.464259207248687744e-01
1.662088930606842041e-01
3.324472904205322266e-01
2.206923663616180420e-01
1.914745718240737915e-01
2.268066853284835815e-01
2.459002882242202759e-01
2.608160972595214844e-01
2.500558197498321533e-01
2.705035805702209473e-01
1.579123586416244507e-01
2.962463796138763428e-01
2.538841366767883301e-01
2.672727704048156738e-01
2.116597145795822144e-01
1.856905817985534668e-01
2.393554300069808960e-01
1.562251597642898560e-01
2.180077135562896729e-01
2.303200364112854004e-01
2.568349242210388184e-01
2.424000799655914307e-01
3.006490170955657959e-01
2.598997354507446289e-01
1.891847103834152222e-01
1.194623336195945740e-01
2.248895019292831421e-01
3.511929512023925781e-01
2.371810078620910645e-01
2.261474132537841797e-01
2.589222490787506104e-01
3.378456532955169678e-01
2.434962093830108643e-01
1.690458953380584717e-01
1.857968568801879883e-01
2.763518095016479492e-01
2.750895619392395020e-01
3.626958727836608887e-01
2.356909960508346558e-01
3.353491723537445068e-01
3.124717473983764648e-01
2.314058095216751099e-01
2.954148054122924805e-01
1.812634170055389404e-01
3.153226673603057861e-01
3.229029178619384766e-01
2.265867441892623901e-01
1.694349199533462524e-01
2.468214631080627441e-01
3.197457194328308105e-01
2.671881914138793945e-01
3.392936885356903076e-01
2.253296971321105957e-01
2.436123341321945190e-01
2.074360102415084839e-01
2.636203765869140625e-01
1.282379776239395142e-01
2.995150387287139893e-01
3.020142614841461182e-01
3.055240809917449951e-01
2.542659640312194824e-01
2.414239645004272461e-01
2.090395390987396240e-01
3.383954763412475586e-01
1.721608489751815796e-01
2.000241130590438843e-01
3.578537106513977051e-01
3.453333675861358643e-01
2.176118493080139160e-01
3.221561610698699951e-01
2.628746032714843750e-01
1.703881621360778809e-01
2.005395442247390747e-01
5.962836146354675293e-01
1.754412800073623657e-01
2.047670781612396240e-01
2.481861114501953125e-01
3.965366780757904053e-01
1.759245246648788452e-01
2.598437070846557617e-01
1.507026404142379761e-01
3.569016158580780029e-01
1.728459745645523071e-01
2.820367515087127686e-01
2.604563534259796143e-01
2.600027322769165039e-01
1.976989209651947021e-01
2.546218335628509521e-01
1.973634362220764160e-01
2.364275753498077393e-01
2.512896656990051270e-01
2.590998113155364990e-01
2.715296447277069092e-01
2.532789707183837891e-01
2.885375618934631348e-01
3.213514387607574463e-01
3.013186752796173096e-01
2.428521364927291870e-01
1.999275535345077515e-01
2.535976171493530273e-01
1.668751537799835205e-01
2.808866500854492188e-01
2.314490526914596558e-01
1.950393617153167725e-01
4.131717085838317871e-01
2.255520373582839966e-01
2.190704345703125000e-01
3.042630553245544434e-01
1.999253332614898682e-01
2.049834579229354858e-01
2.098579853773117065e-01
1.655989587306976318e-01
3.398124277591705322e-01
2.359365969896316528e-01
2.464820444583892822e-01
2.336952090263366699e-01
2.541366815567016602e-01
3.428635299205780029e-01
1.804944723844528198e-01
3.098863661289215088e-01
2.957081198692321777e-01
3.366180956363677979e-01
2.690958976745605469e-01
2.362493872642517090e-01
2.393348962068557739e-01
3.427387177944183350e-01
1.775694489479064941e-01
2.015847712755203247e-01
2.678232491016387939e-01
1.860548108816146851e-01
3.296194076538085938e-01
1.997407972812652588e-01
3.647099435329437256e-01
2.197435945272445679e-01
2.390397340059280396e-01
3.575069606304168701e-01
2.435422539710998535e-01
2.922126054763793945e-01
2.409684956073760986e-01
2.703118920326232910e-01
1.891566365957260132e-01
1.941318362951278687e-01
2.333990931510925293e-01
3.626008927822113037e-01
2.654727101325988770e-01
2.485898137092590332e-01
1.603043973445892334e-01
2.353557348251342773e-01
2.702254354953765869e-01
2.691478431224822998e-01
3.198581337928771973e-01
2.011369913816452026e-01
2.008826285600662231e-01
2.681613266468048096e-01
1.060827001929283142e-01
2.043381780385971069e-01
1.896519660949707031e-01
2.578760385513305664e-01
2.975499331951141357e-01
2.179805040359497070e-01
1.900294721126556396e-01
1.936231255531311035e-01
2.391046732664108276e-01
2.187051624059677124e-01
3.263711035251617432e-01
1.702253371477127075e-01
1.702971607446670532e-01
4.234586954116821289e-01
2.991237640380859375e-01
2.940046787261962891e-01
1.410665959119796753e-01
3.364294469356536865e-01
1.442745327949523926e-01
2.577657997608184814e-01
2.919798195362091064e-01
8.131539821624755859e-02
5.003967285156250000e-01
2.337062358856201172e-01
2.304686307907104492e-01
2.186188697814941406e-01
2.202834486961364746e-01
1.891402006149291992e-01
4.195099771022796631e-01
2.424545586109161377e-01
2.537752687931060791e-01
1.983287483453750610e-01
2.553088665008544922e-01
2.141536921262741089e-01
2.202239930629730225e-01
2.717477977275848389e-01
2.079862058162689209e-01
2.634869515895843506e-01
2.317856997251510620e-01
2.888051569461822510e-01
2.036000192165374756e-01
1.816717535257339478e-01
3.567629456520080566e-01
1.997357904911041260e-01
2.526667118072509766e-01
2.903409600257873535e-01
2.256132364273071289e-01
1.754035353660583496e-01
2.964702248573303223e-01
2.002071589231491089e-01
2.631199657917022705e-01
3.273819386959075928e-01
1.256531625986099243e-01
3.150124847888946533e-01
1.422385275363922119e-01
1.955513656139373779e-01
3.171322047710418701e-01
1.673767864704132080e-01
1.679192036390304565e-01
2.811512351036071777e-01
2.475130110979080200e-01
2.069391906261444092e-01
2.420365363359451294e-01
2.429571896791458130e-01
2.923755347728729248e-01
2.918323874473571777e-01
2.764658629894256592e-01
1.145970448851585388e-01
1.773597449064254761e-01
2.775714099407196045e-01
3.231436908245086670e-01
3.582608401775360107e-01
2.465262711048126221e-01
1.397417932748794556e-01
1.676985323429107666e-01
1.745456755161285400e-01
1.716009974479675293e-01
1.004976555705070496e-01
1.632624864578247070e-01
2.559279203414916992e-01
1.871246695518493652e-01
1.998012512922286987e-01
2.382029145956039429e-01
1.963538080453872681e-01
2.191116362810134888e-01
1.049351468682289124e-01
1.849191635847091675e-01
2.623820304870605469e-01
2.184685319662094116e-01
1.857406795024871826e-01
3.210837841033935547e-01
2.298660129308700562e-01
2.533100843429565430e-01
1.847282648086547852e-01
2.336944490671157837e-01
2.752908170223236084e-01
3.159248530864715576e-01
2.262703627347946167e-01
8.553984016180038452e-02
3.630504906177520752e-01
2.284474521875381470e-01
2.756083011627197266e-01
2.235756367444992065e-01
1.863952279090881348e-01
2.952904105186462402e-01
3.028202354907989502e-01
2.877359688282012939e-01
2.377228736877441406e-01
2.557010650634765625e-01
2.481705397367477417e-01
1.954815983772277832e-01
2.207302749156951904e-01
2.260574102401733398e-01
2.505420744419097900e-01
2.087735682725906372e-01
2.288718670606613159e-01
2.176074534654617310e-01
2.518631517887115479e-01
1.242123544216156006e-01
1.501864492893218994e-01
1.846981942653656006e-01
2.550048530101776123e-01
2.675330638885498047e-01
1.566540896892547607e-01
2.951168119907379150e-01
2.462672889232635498e-01
3.237253427505493164e-01
2.834923565387725830e-01
1.902071088552474976e-01
2.476030439138412476e-01
2.866966426372528076e-01
3.836034536361694336e-01
1.751949489116668701e-01
3.912478089332580566e-01
2.020120322704315186e-01
1.395772844552993774e-01
2.461156249046325684e-01
2.561586499214172363e-01
2.330025136470794678e-01
3.047106564044952393e-01
3.283761739730834961e-01
1.548537611961364746e-01
2.994976341724395752e-01
1.726103127002716064e-01
2.970927953720092773e-01
1.853395700454711914e-01
2.000033408403396606e-01
2.897896468639373779e-01
2.101706117391586304e-01
2.032967209815979004e-01
1.941294521093368530e-01
2.211704403162002563e-01
2.350088655948638916e-01
2.627157568931579590e-01
2.579430341720581055e-01
2.581989169120788574e-01
2.127416878938674927e-01
3.561572432518005371e-01
2.101876586675643921e-01
2.281001508235931396e-01
2.394829243421554565e-01
2.821320593357086182e-01
3.344655632972717285e-01
2.521064579486846924e-01
1.710999310016632080e-01
4.076904654502868652e-01
1.818363219499588013e-01
2.589445114135742188e-01
2.249790281057357788e-01
2.595130205154418945e-01
2.024391293525695801e-01
2.909685373306274414e-01
2.549469769001007080e-01
1.980702430009841919e-01
3.748275339603424072e-01
2.693819999694824219e-01
3.134937286376953125e-01
2.425967305898666382e-01
1.268652379512786865e-01
2.336364984512329102e-01
2.045383304357528687e-01
1.385335624217987061e-01
1.881486177444458008e-01
3.382911980152130127e-01
2.430946975946426392e-01
2.099874466657638550e-01
2.701529860496520996e-01
1.608966737985610962e-01
1.615775823593139648e-01
2.318087071180343628e-01
2.877480685710906982e-01
2.415347397327423096e-01
1.430971324443817139e-01
2.683738172054290771e-01
1.239769011735916138e-01
2.786724865436553955e-01
1.377459168434143066e-01
3.389951586723327637e-01
3.496304750442504883e-01
2.941023707389831543e-01
1.211244240403175354e-01
1.295067816972732544e-01
3.079280555248260498e-01
1.836840510368347168e-01
1.980716437101364136e-01
2.355137020349502563e-01
1.468165963888168335e-01
3.021889030933380127e-01
2.447233945131301880e-01
2.203738987445831299e-01
1.614090055227279663e-01
1.768737882375717163e-01
2.542168200016021729e-01
1.614923626184463501e-01
2.890263199806213379e-01
3.112535178661346436e-01
2.191155105829238892e-01
1.668972522020339966e-01
2.147672176361083984e-01
2.676645815372467041e-01
3.522637486457824707e-01
2.142783105373382568e-01
1.662286669015884399e-01
1.995281577110290527e-01
3.354877829551696777e-01
1.553661376237869263e-01
2.670749425888061523e-01
2.333130538463592529e-01
2.463647425174713135e-01
2.610126137733459473e-01
1.920088231563568115e-01
2.272346764802932739e-01
2.381948977708816528e-01
2.123879492282867432e-01
2.212835550308227539e-01
2.151120007038116455e-01
1.956653445959091187e-01
3.040584325790405273e-01
3.481878042221069336e-01
2.915700376033782959e-01
2.557651400566101074e-01
2.738166153430938721e-01
2.353025823831558228e-01
2.513247430324554443e-01
2.232055068016052246e-01
2.316556721925735474e-01
2.710376381874084473e-01
3.199980556964874268e-01
3.552723824977874756e-01
2.226025760173797607e-01
2.655341625213623047e-01
2.080243974924087524e-01
3.249698281288146973e-01
1.504222154617309570e-01
2.652275860309600830e-01
3.086762428283691406e-01
1.942475736141204834e-01
2.413427829742431641e-01
1.608472019433975220e-01
1.357868462800979614e-01
2.716314494609832764e-01
2.192273736000061035e-01
2.351179420948028564e-01
2.730953097343444824e-01
2.185091674327850342e-01
2.053103744983673096e-01
1.937083154916763306e-01
1.607755571603775024e-01
3.148828148841857910e-01
2.494050711393356323e-01
2.236484140157699585e-01
1.656379550695419312e-01
2.803086340427398682e-01
3.142856955528259277e-01
2.475987076759338379e-01
2.388573884963989258e-01
2.769129276275634766e-01
2.319518327713012695e-01
2.056606113910675049e-01
3.627873659133911133e-01
3.231916427612304688e-01
2.526399791240692139e-01
2.275272607803344727e-01
3.220443427562713623e-01
2.367448061704635620e-01
1.958967000246047974e-01
2.769969701766967773e-01
3.157075941562652588e-01
3.247764706611633301e-01
2.892892062664031982e-01
2.057699859142303467e-01
2.659907042980194092e-01
1.999278515577316284e-01
2.013390362262725830e-01
2.542621791362762451e-01
2.656843364238739014e-01
1.368979215621948242e-01
1.734229326248168945e-01
1.635468602180480957e-01
2.893601357936859131e-01
2.311241477727890015e-01
2.745303213596343994e-01
2.838077843189239502e-01
3.016358315944671631e-01
2.442155778408050537e-01
2.460716813802719116e-01
2.159728407859802246e-01
2.526174783706665039e-01
1.796095371246337891e-01
1.471942961215972900e-01
1.960909515619277954e-01
2.665979862213134766e-01
3.190052807331085205e-01
2.456951588392257690e-01
1.659162938594818115e-01
2.574352622032165527e-01
2.508780360221862793e-01
2.520108520984649658e-01
3.316433131694793701e-01
2.625423967838287354e-01
2.035336047410964966e-01
2.232765704393386841e-01
2.232911139726638794e-01
2.527220845222473145e-01
2.592870295047760010e-01
1.566954255104064941e-01
2.773857414722442627e-01
3.427977859973907471e-01
4.524286985397338867e-01
2.238645553588867188e-01
2.095779031515121460e-01
2.414027303457260132e-01
3.583464026451110840e-01
3.028019964694976807e-01
1.880657523870468140e-01
2.547123134136199951e-01
2.320726960897445679e-01
2.494400590658187866e-01
2.956808507442474365e-01
2.663345634937286377e-01
2.897139191627502441e-01
1.238264292478561401e-01
2.478120625019073486e-01
3.633717894554138184e-01
2.227924615144729614e-01
2.642719745635986328e-01
2.692651152610778809e-01
2.019625157117843628e-01
1.851247698068618774e-01
1.697096526622772217e-01
2.357528805732727051e-01
2.765102684497833252e-01
2.387973815202713013e-01
1.836619079113006592e-01
2.768081724643707275e-01
1.629063487052917480e-01
2.186223119497299194e-01
3.754821717739105225e-01
2.946851551532745361e-01
2.162655293941497803e-01
3.282281160354614258e-01
3.129702806472778320e-01
2.343159019947052002e-01
1.588752120733261108e-01
2.848214507102966309e-01
1.588276624679565430e-01
2.741376757621765137e-01
3.150267601013183594e-01
2.011668384075164795e-01
1.984572708606719971e-01
1.454375386238098145e-01
2.278310805559158325e-01
1.692733615636825562e-01
2.895050644874572754e-01
2.557862401008605957e-01
1.875449866056442261e-01
3.207114338874816895e-01
2.150546759366989136e-01
2.652711868286132812e-01
1.097874939441680908e-01
3.742169439792633057e-01
2.362320125102996826e-01
2.408542335033416748e-01
2.676945924758911133e-01
2.317693680524826050e-01
1.863978654146194458e-01
2.564760148525238037e-01
3.195282220840454102e-01
2.939583063125610352e-01
2.127274423837661743e-01
2.435945570468902588e-01
1.615806221961975098e-01
1.466999500989913940e-01
1.975407004356384277e-01
2.129633873701095581e-01
3.427785336971282959e-01
2.365755438804626465e-01
1.999994516372680664e-01
2.325339168310165405e-01
2.835558652877807617e-01
1.974259614944458008e-01
2.043000459671020508e-01
2.758289277553558350e-01
3.234159350395202637e-01
3.669503331184387207e-01
2.920229434967041016e-01
1.554935574531555176e-01
2.964542508125305176e-01
1.206458732485771179e-01
2.213549911975860596e-01
1.340481489896774292e-01
1.365300267934799194e-01
2.320459634065628052e-01
2.735993266105651855e-01
2.694734334945678711e-01
2.551645338535308838e-01
2.359080910682678223e-01
3.408001959323883057e-01
2.467099130153656006e-01
2.853872179985046387e-01
1.494772583246231079e-01
1.992632001638412476e-01
1.759856641292572021e-01
2.447679191827774048e-01
2.193000912666320801e-01
1.567273586988449097e-01
1.427745670080184937e-01
2.059883326292037964e-01
2.257177084684371948e-01
2.762360870838165283e-01
1.855951994657516479e-01
1.462886780500411987e-01
4.094525575637817383e-01
1.875007748603820801e-01
2.549014389514923096e-01
1.681836396455764771e-01
2.129243016242980957e-01
2.780654728412628174e-01
2.507007718086242676e-01
2.150034904479980469e-01
2.130409330129623413e-01
2.319023907184600830e-01
2.961619198322296143e-01
1.877581924200057983e-01
2.033217102289199829e-01
3.456549346446990967e-01
2.936184704303741455e-01
2.422099709510803223e-01
3.105773031711578369e-01
2.711431682109832764e-01
2.204553484916687012e-01
2.438000589609146118e-01
2.774724364280700684e-01
4.190797507762908936e-01
2.039636075496673584e-01
1.950663626194000244e-01
1.911444813013076782e-01
1.889283657073974609e-01
2.097858041524887085e-01
4.289815425872802734e-01
2.361954152584075928e-01
2.001439481973648071e-01
1.833019554615020752e-01
1.782792806625366211e-01
1.564171463251113892e-01
2.544799745082855225e-01
2.114932984113693237e-01
2.014577537775039673e-01
2.137342840433120728e-01
2.903018295764923096e-01
2.300336807966232300e-01
2.356048375368118286e-01
3.890813589096069336e-01
1.525073647499084473e-01
3.062575161457061768e-01
1.827146261930465698e-01
1.588465273380279541e-01
2.125193625688552856e-01
2.547628879547119141e-01
2.178217917680740356e-01
1.631244570016860962e-01
2.107229828834533691e-01
1.537232100963592529e-01
2.482439726591110229e-01
2.861320376396179199e-01
1.611690223217010498e-01
2.447619438171386719e-01
2.000583857297897339e-01
2.777579128742218018e-01
2.545494139194488525e-01
2.897666394710540771e-01
2.759992778301239014e-01
1.400032490491867065e-01
2.795965075492858887e-01
2.313775569200515747e-01
2.174219340085983276e-01
1.770228743553161621e-01
2.031886130571365356e-01
2.336518317461013794e-01
2.315394580364227295e-01
2.441911250352859497e-01
1.904650628566741943e-01
9.675102680921554565e-02
2.032042741775512695e-01
2.507561445236206055e-01
1.783575713634490967e-01
1.807495504617691040e-01
1.110617294907569885e-01
2.272621542215347290e-01
2.021966874599456787e-01
1.555721163749694824e-01
1.649595946073532104e-01
2.224209159612655640e-01
2.651296555995941162e-01
3.360462784767150879e-01
4.101521074771881104e-01
1.805528551340103149e-01
2.058437764644622803e-01
2.445423007011413574e-01
2.826124131679534912e-01
2.508956789970397949e-01
2.970547974109649658e-01
3.027670383453369141e-01
2.821950316429138184e-01
2.019496709108352661e-01
2.979990541934967041e-01
1.274057477712631226e-01
2.294756323099136353e-01
3.337439000606536865e-01
2.704361677169799805e-01
2.027157992124557495e-01
1.530867367982864380e-01
1.843779981136322021e-01
2.232299149036407471e-01
2.660044729709625244e-01
2.173220068216323853e-01
2.444270104169845581e-01
1.708696186542510986e-01
2.660964727401733398e-01
2.760348320007324219e-01
1.937520354986190796e-01
2.449004948139190674e-01
3.088284134864807129e-01
1.898918747901916504e-01
2.440803945064544678e-01
2.848514318466186523e-01
2.426603287458419800e-01
2.812173366546630859e-01
2.765595614910125732e-01
1.926122754812240601e-01
1.071276441216468811e-01
2.519476115703582764e-01
3.121771216392517090e-01
2.898374199867248535e-01
2.245096415281295776e-01
2.895364463329315186e-01
2.060294449329376221e-01
2.135712355375289917e-01
1.930566728115081787e-01
1.161238998174667358e-01
3.159180581569671631e-01
1.816214472055435181e-01
2.182741016149520874e-01
1.618755161762237549e-01
3.109548687934875488e-01
1.934651136398315430e-01
1.888835728168487549e-01
2.119427770376205444e-01
9.627096354961395264e-02
1.814131140708923340e-01
2.695678770542144775e-01
2.713240385055541992e-01
2.646159231662750244e-01
2.382144331932067871e-01
2.182622104883193970e-01
2.378828674554824829e-01
2.135567963123321533e-01
2.006714344024658203e-01
2.593020796775817871e-01
3.239660859107971191e-01
2.772651910781860352e-01
2.269726097583770752e-01
2.513981759548187256e-01
1.841431111097335815e-01
2.982561290264129639e-01
3.144353628158569336e-01
2.629216909408569336e-01
2.300779372453689575e-01
3.439741134643554688e-01
2.209778875112533569e-01
2.406426370143890381e-01
2.163619250059127808e-01
2.929859757423400879e-01
2.910008728504180908e-01
2.255384176969528198e-01
2.154666483402252197e-01
2.384149432182312012e-01
3.186144530773162842e-01
1.062209233641624451e-01
2.323219031095504761e-01
2.612051069736480713e-01
2.430424541234970093e-01
1.999253928661346436e-01
2.841060757637023926e-01
1.840960383415222168e-01
2.706273496150970459e-01
2.135273516178131104e-01
2.999806702136993408e-01
2.683510184288024902e-01
3.413175046443939209e-01
1.917789876461029053e-01
2.115952521562576294e-01
2.054855525493621826e-01
3.501211702823638916e-01
3.387618660926818848e-01
3.148171007633209229e-01
2.409929484128952026e-01
3.731655180454254150e-01
2.113893628120422363e-01
2.823211252689361572e-01
1.396998763084411621e-01
2.401319891214370728e-01
3.250714540481567383e-01
2.478250563144683838e-01
2.655785977840423584e-01
2.670675814151763916e-01
2.492214739322662354e-01
3.164050579071044922e-01
2.075735479593276978e-01
2.607513964176177979e-01
1.285603195428848267e-01
1.861589550971984863e-01
2.364979386329650879e-01
3.043778836727142334e-01
2.180691361427307129e-01
2.828861474990844727e-01
3.207824230194091797e-01
1.827077269554138184e-01
2.975995242595672607e-01
1.747071593999862671e-01
3.164378702640533447e-01
2.736613452434539795e-01
2.565713822841644287e-01
3.982711434364318848e-01
1.860292702913284302e-01
1.774160116910934448e-01
2.910481393337249756e-01
2.143083661794662476e-01
1.648377329111099243e-01
2.326133847236633301e-01
2.245915979146957397e-01
1.190828308463096619e-01
3.654238283634185791e-01
1.985783874988555908e-01
1.863511353731155396e-01
2.316716164350509644e-01
3.124020993709564209e-01
2.567925155162811279e-01
2.386437952518463135e-01
4.128006994724273682e-01
3.118996918201446533e-01
2.668818831443786621e-01
2.488623857498168945e-01
1.983415633440017700e-01
1.473420411348342896e-01
1.916011720895767212e-01
1.013846993446350098e-01
2.130869030952453613e-01
2.190514206886291504e-01
1.741312444210052490e-01
2.853986918926239014e-01
3.606764078140258789e-01
1.625744402408599854e-01
3.577491641044616699e-01
2.486330419778823853e-01
2.601904571056365967e-01
2.575376927852630615e-01
2.136099785566329956e-01
2.913947403430938721e-01
2.186597883701324463e-01
2.143501490354537964e-01
2.257429808378219604e-01
1.868401765823364258e-01
2.522239685058593750e-01
2.101418972015380859e-01
2.447244822978973389e-01
2.119623571634292603e-01
2.225005477666854858e-01
1.686230301856994629e-01
2.213075906038284302e-01
1.984012722969055176e-01
1.278166621923446655e-01
2.483806312084197998e-01
1.693238168954849243e-01
1.782811284065246582e-01
2.345319092273712158e-01
2.700399458408355713e-01
2.733532488346099854e-01
1.629105061292648315e-01
2.260159999132156372e-01
2.469425648450851440e-01
3.134391009807586670e-01
2.085169404745101929e-01
3.175098896026611328e-01
2.840254902839660645e-01
2.873954772949218750e-01
1.074814349412918091e-01
2.739416062831878662e-01
1.155280470848083496e-01
2.300952225923538208e-01
2.270122170448303223e-01
2.137975841760635376e-01
2.054060101509094238e-01
2.285211831331253052e-01
2.949993312358856201e-01
1.574399471282958984e-01
2.764553427696228027e-01
2.420918345451354980e-01
2.523389756679534912e-01
1.461966633796691895e-01
2.640903294086456299e-01
3.157097399234771729e-01
2.472165226936340332e-01
2.278552204370498657e-01
2.185808420181274414e-01
1.739787757396697998e-01
2.715376913547515869e-01
3.106568753719329834e-01
2.184575051069259644e-01
2.037143558263778687e-01
2.031316012144088745e-01
2.507407069206237793e-01
2.527489960193634033e-01
3.386199474334716797e-01
1.926112323999404907e-01
2.877908945083618164e-01
3.412535786628723145e-01
3.196428120136260986e-01
2.867685258388519287e-01
2.463775128126144409e-01
1.249328851699829102e-01
1.539646834135055542e-01
3.519927263259887695e-01
3.176930546760559082e-01
1.946487724781036377e-01
2.467577010393142700e-01
2.536955475807189941e-01
2.209959626197814941e-01
1.870098114013671875e-01
2.163701057434082031e-01
3.280104100704193115e-01
1.831336170434951782e-01
2.422969043254852295e-01
2.608972489833831787e-01
2.327381521463394165e-01
2.867612838745117188e-01
3.152912259101867676e-01
1.946568787097930908e-01
3.540926873683929443e-01
2.121703922748565674e-01
2.812620103359222412e-01
1.825245022773742676e-01
2.503078281879425049e-01
1.416938304901123047e-01
1.847385615110397339e-01
2.672428786754608154e-01
3.223302960395812988e-01
1.833587735891342163e-01
1.796316206455230713e-01
3.068328499794006348e-01
2.668189704418182373e-01
1.772178709506988525e-01
2.710746526718139648e-01
3.549956679344177246e-01
3.014077246189117432e-01
1.846505403518676758e-01
2.274037450551986694e-01
2.371654808521270752e-01
2.576389908790588379e-01
3.032992780208587646e-01
2.549590170383453369e-01
2.478946298360824585e-01
1.725930571556091309e-01
1.830698251724243164e-01
2.280587553977966309e-01
2.167692780494689941e-01
2.251231223344802856e-01
2.200730293989181519e-01
2.570763826370239258e-01
2.510361671447753906e-01
1.651075184345245361e-01
3.444373905658721924e-01
2.565448880195617676e-01
3.138194978237152100e-01
2.571582794189453125e-01
3.095741569995880127e-01
2.178891450166702271e-01
2.538383603096008301e-01
1.536200642585754395e-01
2.176787108182907104e-01
1.794270277023315430e-01
2.368366420269012451e-01
2.928432822227478027e-01
2.111998945474624634e-01
3.153584897518157959e-01
1.358172446489334106e-01
1.481965631246566772e-01
2.676696777343750000e-01
2.336840778589248657e-01
2.314785569906234741e-01
2.364452034235000610e-01
1.430856287479400635e-01
2.430283427238464355e-01
1.955221891403198242e-01
1.723356544971466064e-01
2.175540328025817871e-01
2.821249663829803467e-01
2.503393888473510742e-01
2.880820333957672119e-01
2.017416507005691528e-01
1.695742905139923096e-01
2.869212925434112549e-01
1.900944113731384277e-01
1.191267073154449463e-01
1.331863403320312500e-01
2.850192487239837646e-01
2.813635170459747314e-01
3.214153349399566650e-01
1.863124817609786987e-01
2.583936154842376709e-01
1.734632104635238647e-01
1.522703915834426880e-01
1.811055094003677368e-01
2.298136204481124878e-01
2.840912342071533203e-01
3.332802355289459229e-01
9.021534770727157593e-02
2.057950645685195923e-01
1.926369816064834595e-01
2.914094328880310059e-01
2.833265960216522217e-01
1.452252268791198730e-01
2.053431868553161621e-01
2.440072000026702881e-01
2.065393030643463135e-01
3.026303052902221680e-01
2.990692853927612305e-01
1.749243736267089844e-01
1.256740093231201172e-01
2.273363023996353149e-01
3.024769425392150879e-01
2.384952157735824585e-01
2.995148897171020508e-01
2.532522678375244141e-01
2.359835952520370483e-01
3.087363839149475098e-01
2.253988087177276611e-01
1.374328434467315674e-01
2.021104395389556885e-01
2.187930196523666382e-01
8.225810527801513672e-02
2.061595618724822998e-01
3.905028700828552246e-01
2.709032595157623291e-01
1.454540938138961792e-01
2.189035862684249878e-01
3.116405308246612549e-01
1.870699524879455566e-01
2.462182492017745972e-01
2.055350691080093384e-01
2.060066908597946167e-01
2.478225976228713989e-01
3.014753758907318115e-01
2.087023705244064331e-01
2.105925828218460083e-01
3.296167552471160889e-01
2.516164481639862061e-01
2.629082202911376953e-01
2.588831782341003418e-01
2.742526531219482422e-01
2.012926340103149414e-01
3.302847743034362793e-01
2.727499604225158691e-01
2.880389392375946045e-01
2.298204600811004639e-01
1.722906976938247681e-01
2.101893424987792969e-01
2.591451406478881836e-01
2.217065393924713135e-01
1.464004069566726685e-01
2.011113464832305908e-01
3.560811877250671387e-01
2.991341054439544678e-01
2.301283776760101318e-01
2.824204862117767334e-01
3.713175058364868164e-01
2.054570466279983521e-01
2.078472822904586792e-01
1.886717826128005981e-01
2.466941028833389282e-01
2.628588080406188965e-01
1.931254714727401733e-01
3.000561892986297607e-01
3.283022344112396240e-01
2.425058633089065552e-01
1.210496723651885986e-01
2.093176245689392090e-01
1.795489341020584106e-01
1.928194910287857056e-01
2.082836627960205078e-01
3.030740916728973389e-01
1.344061046838760376e-01
2.314331531524658203e-01
3.920027315616607666e-01
2.407873421907424927e-01
2.063697874546051025e-01
2.692435085773468018e-01
2.635685503482818604e-01
2.990376353263854980e-01
1.774327307939529419e-01
1.584002524614334106e-01
1.810929924249649048e-01
1.654303073883056641e-01
2.694662511348724365e-01
2.639361023902893066e-01
1.762987822294235229e-01
1.667408198118209839e-01
2.539263665676116943e-01
2.696476578712463379e-01
2.666778862476348877e-01
1.802442669868469238e-01
1.748611479997634888e-01
2.417683452367782593e-01
1.461106836795806885e-01
2.849452793598175049e-01
2.248558104038238525e-01
2.268263101577758789e-01
2.543517947196960449e-01
2.078731358051300049e-01
2.078056484460830688e-01
2.001281380653381348e-01
2.058821171522140503e-01
1.396606564521789551e-01
2.712649703025817871e-01
1.943378299474716187e-01
2.720715105533599854e-01
1.716326624155044556e-01
1.475914418697357178e-01
3.346380591392517090e-01
2.673331499099731445e-01
1.706492453813552856e-01
2.387833297252655029e-01
1.447404026985168457e-01
1.794424355030059814e-01
2.715052366256713867e-01
2.147272527217864990e-01
1.602025181055068970e-01
2.446324229240417480e-01
2.082457095384597778e-01
2.399408370256423950e-01
3.076805472373962402e-01
2.189980894327163696e-01
1.426598131656646729e-01
2.574065029621124268e-01
3.113345801830291748e-01
2.093603760004043579e-01
1.885738670825958252e-01
2.400131076574325562e-01
2.441903501749038696e-01
2.739720344543457031e-01
2.587827742099761963e-01
1.795026808977127075e-01
2.799215912818908691e-01
3.027841150760650635e-01
2.380333244800567627e-01
2.143743932247161865e-01
2.692638933658599854e-01
3.096721768379211426e-01
1.141352877020835876e-01
2.693913280963897705e-01
2.626496851444244385e-01
2.338217794895172119e-01
2.216282039880752563e-01
2.830590605735778809e-01
2.254236489534378052e-01
3.281962275505065918e-01
2.355638444423675537e-01
3.108476698398590088e-01
2.806024551391601562e-01
3.636309206485748291e-01
1.836565732955932617e-01
1.906605362892150879e-01
1.841769814491271973e-01
2.137417197227478027e-01
2.258519530296325684e-01
1.945518404245376587e-01
2.163565158843994141e-01
2.665753364562988281e-01
3.127272427082061768e-01
1.071670874953269958e-01
2.401089370250701904e-01
1.528959274291992188e-01
2.199428826570510864e-01
2.544566094875335693e-01
1.582689434289932251e-01
3.078458011150360107e-01
1.651511639356613159e-01
2.176508307456970215e-01
3.594765961170196533e-01
2.817395627498626709e-01
1.906912326812744141e-01
3.401510715484619141e-01
3.283755779266357422e-01
2.605850696563720703e-01
1.636060774326324463e-01
2.439280897378921509e-01
1.667503416538238525e-01
2.854154407978057861e-01
2.654510736465454102e-01
2.577014267444610596e-01
3.566076457500457764e-01
2.558566033840179443e-01
2.485942542552947998e-01
2.511615157127380371e-01
3.118268847465515137e-01
1.920810192823410034e-01
1.705481857061386108e-01
2.740901410579681396e-01
2.439284473657608032e-01
1.693665087223052979e-01
2.230195701122283936e-01
2.051379531621932983e-01
2.718127667903900146e-01
2.273678928613662720e-01
3.085679411888122559e-01
1.973870247602462769e-01
2.743051946163177490e-01
3.212820291519165039e-01
1.207224950194358826e-01
2.819630801677703857e-01
2.066695690155029297e-01
2.864666879177093506e-01
3.678130507469177246e-01
2.098242342472076416e-01
2.542625367641448975e-01
2.752537429332733154e-01
2.397461384534835815e-01
1.219349876046180725e-01
2.533064484596252441e-01
2.518693208694458008e-01
1.941437572240829468e-01
3.120513856410980225e-01
3.189748525619506836e-01
2.555779218673706055e-01
2.422895580530166626e-01
2.439047992229461670e-01
2.704481184482574463e-01
2.419264912605285645e-01
2.374643832445144653e-01
2.398961931467056274e-01
2.274361997842788696e-01
2.402559816837310791e-01
1.999952048063278198e-01
2.442368865013122559e-01
2.655123472213745117e-01
2.931762635707855225e-01
3.338037729263305664e-01
3.048288226127624512e-01
1.841786056756973267e-01
2.359975725412368774e-01
3.132413327693939209e-01
1.449583619832992554e-01
2.486428618431091309e-01
2.193219363689422607e-01
2.886441051959991455e-01
3.416066169738769531e-01
2.511272132396697998e-01
2.779178023338317871e-01
2.370928227901458740e-01
2.664394974708557129e-01
3.310287594795227051e-01
2.011972218751907349e-01
2.219915091991424561e-01
1.758722811937332153e-01
2.208997458219528198e-01
1.917454600334167480e-01
2.878703773021697998e-01
2.285827249288558960e-01
2.126555591821670532e-01
2.627076208591461182e-01
2.117554545402526855e-01
1.712742149829864502e-01
2.747853100299835205e-01
2.209534198045730591e-01
2.496823817491531372e-01
3.884814381599426270e-01
2.638227641582489014e-01
3.027870953083038330e-01
2.910977005958557129e-01
1.736917793750762939e-01
1.590076386928558350e-01
2.632353901863098145e-01
2.843349277973175049e-01
2.815099954605102539e-01
2.326413542032241821e-01
2.715479433536529541e-01
2.330898195505142212e-01
2.462869137525558472e-01
2.207876592874526978e-01
2.072632759809494019e-01
2.163608223199844360e-01
2.285512238740921021e-01
4.029356539249420166e-01
2.718377709388732910e-01
1.972337663173675537e-01
2.471523880958557129e-01
2.625897228717803955e-01
2.334897667169570923e-01
2.723565101623535156e-01
1.818981468677520752e-01
3.420823812484741211e-01
2.636626660823822021e-01
3.486902117729187012e-01
2.822894752025604248e-01
1.347504407167434692e-01
1.733572185039520264e-01
2.567996382713317871e-01
3.449532985687255859e-01
2.097124755382537842e-01
1.924330145120620728e-01
2.824977338314056396e-01
3.136429786682128906e-01
3.313179314136505127e-01
1.734166443347930908e-01
2.474692612886428833e-01
2.619768977165222168e-01
3.157279491424560547e-01
2.472982704639434814e-01
3.033027946949005127e-01
1.378771662712097168e-01
2.500669360160827637e-01
3.283405005931854248e-01
1.370848566293716431e-01
2.889737784862518311e-01
2.898695170879364014e-01
3.033933639526367188e-01
2.284876853227615356e-01
2.462173700332641602e-01
3.169610798358917236e-01
2.029805183410644531e-01
3.047247231006622314e-01
2.801639735698699951e-01
2.409039884805679321e-01
2.699809670448303223e-01
2.140461057424545288e-01
2.614613175392150879e-01
3.279884755611419678e-01
3.430375754833221436e-01
3.524740934371948242e-01
2.797371149063110352e-01
2.534787058830261230e-01
2.354488670825958252e-01
1.894836276769638062e-01
1.949612796306610107e-01
1.618362069129943848e-01
3.283344209194183350e-01
2.308020293712615967e-01
1.930293589830398560e-01
2.231623381376266479e-01
2.346643656492233276e-01
2.939092814922332764e-01
2.481430470943450928e-01
2.418985515832901001e-01
2.717400193214416504e-01
1.886476725339889526e-01
2.338410615921020508e-01
3.173467814922332764e-01
1.436917036771774292e-01
2.227491289377212524e-01
1.978547126054763794e-01
2.706762552261352539e-01
2.374728620052337646e-01
2.166824638843536377e-01
2.402612566947937012e-01
2.937624454498291016e-01
2.605792880058288574e-01
2.429485768079757690e-01
2.729605138301849365e-01
3.201484382152557373e-01
2.593042850494384766e-01
2.740812003612518311e-01
3.654619157314300537e-01
2.015036940574645996e-01
2.241420596837997437e-01
1.831023991107940674e-01
2.199385762214660645e-01
1.929344832897186279e-01
2.612665295600891113e-01
2.833070158958435059e-01
2.606549263000488281e-01
3.448531031608581543e-01
1.879854351282119751e-01
2.108794003725051880e-01
2.316366285085678101e-01
2.257174551486968994e-01
1.955628544092178345e-01
2.749548256397247314e-01
3.098739385604858398e-01
1.762906461954116821e-01
3.843058347702026367e-01
1.681430041790008545e-01
1.836842596530914307e-01
2.701671421527862549e-01
2.076098471879959106e-01
2.093835473060607910e-01
2.652781605720520020e-01
1.747432351112365723e-01
3.057392239570617676e-01
2.848733663558959961e-01
3.384322822093963623e-01
1.419087052345275879e-01
2.211615741252899170e-01
2.301280796527862549e-01
3.461111783981323242e-01
2.607015967369079590e-01
2.730551362037658691e-01
2.280227392911911011e-01
2.833457291126251221e-01
3.330606818199157715e-01
2.594158053398132324e-01
2.044138908386230469e-01
1.937476247549057007e-01
2.172169387340545654e-01
2.283052951097488403e-01
2.006778866052627563e-01
1.817018687725067139e-01
1.887006461620330811e-01
1.397143900394439697e-01
2.002503573894500732e-01
2.888824045658111572e-01
3.424425125122070312e-01
2.866822779178619385e-01
2.286098897457122803e-01
1.877522170543670654e-01
2.548116445541381836e-01
1.774808317422866821e-01
3.292835950851440430e-01
2.096059918403625488e-01
3.029058873653411865e-01
2.047799676656723022e-01
2.354457080364227295e-01
3.389896154403686523e-01
2.960691750049591064e-01
2.676932513713836670e-01
1.051922813057899475e-01
2.261857986450195312e-01
1.887642145156860352e-01
2.158104628324508667e-01
1.635759174823760986e-01
2.174042910337448120e-01
3.684764206409454346e-01
2.231085449457168579e-01
2.571350932121276855e-01
3.121820986270904541e-01
2.255052775144577026e-01
2.444616556167602539e-01
1.293850392103195190e-01
2.322910577058792114e-01
2.866340577602386475e-01
2.759285867214202881e-01
2.950737774372100830e-01
2.410966157913208008e-01
1.720779091119766235e-01
2.745800614356994629e-01
2.578513920307159424e-01
2.619548439979553223e-01
3.489523828029632568e-01
1.893414407968521118e-01
2.887647747993469238e-01
2.845690548419952393e-01
1.876228302717208862e-01
2.272901386022567749e-01
2.359463125467300415e-01
2.419890612363815308e-01
1.253756284713745117e-01
1.202868744730949402e-01
3.568895757198333740e-01
2.274105250835418701e-01
3.230994343757629395e-01
2.785884439945220947e-01
2.203109115362167358e-01
2.605204582214355469e-01
2.633208036422729492e-01
1.265263557434082031e-01
2.293331623077392578e-01
2.680571079254150391e-01
2.128939181566238403e-01
3.802213072776794434e-01
2.138099521398544312e-01
2.021883279085159302e-01
2.561283707618713379e-01
2.226822376251220703e-01
2.990744709968566895e-01
2.584402263164520264e-01
1.489228010177612305e-01
1.568877398967742920e-01
1.330570876598358154e-01
1.818932741880416870e-01
2.230097204446792603e-01
2.074421346187591553e-01
2.173365056514739990e-01
2.008543312549591064e-01
2.171738594770431519e-01
1.632742434740066528e-01
3.537705540657043457e-01
2.387345731258392334e-01
1.287413090467453003e-01
2.833530306816101074e-01
1.775436848402023315e-01
3.127805590629577637e-01
2.064546048641204834e-01
2.771619558334350586e-01
2.348307222127914429e-01
2.143819481134414673e-01
2.863105535507202148e-01
1.806742101907730103e-01
2.624037563800811768e-01
2.823390066623687744e-01
1.782886236906051636e-01
2.445340752601623535e-01
2.631685435771942139e-01
2.102836221456527710e-01
3.309257030487060547e-01
2.088939100503921509e-01
1.999373883008956909e-01
3.669678568840026855e-01
2.147876173257827759e-01
4.059299826622009277e-01
3.094272911548614502e-01
1.858371198177337646e-01
3.249311447143554688e-01
1.933382153511047363e-01
2.297574728727340698e-01
2.739819288253784180e-01
1.329879909753799438e-01
3.273431062698364258e-01
1.471738964319229126e-01
2.874605357646942139e-01
2.047861665487289429e-01
1.269985139369964600e-01
2.978164553642272949e-01
2.948965430259704590e-01
3.297408223152160645e-01
2.500652670860290527e-01
2.540907561779022217e-01
1.777216345071792603e-01
1.777180284261703491e-01
1.828716397285461426e-01
3.682523071765899658e-01
2.497436702251434326e-01
1.664142310619354248e-01
3.764787316322326660e-01
2.580074965953826904e-01
2.697083353996276855e-01
2.398921102285385132e-01
2.798517346382141113e-01
2.792432308197021484e-01
1.869278550148010254e-01
3.120793998241424561e-01
1.123870760202407837e-01
2.373835742473602295e-01
1.561890542507171631e-01
2.674300968647003174e-01
1.967022120952606201e-01
1.732066273689270020e-01
2.153587341308593750e-01
2.335698902606964111e-01
2.913368642330169678e-01
1.189006119966506958e-01
2.454027533531188965e-01
3.226352334022521973e-01
2.387699782848358154e-01
2.852784395217895508e-01
2.152912467718124390e-01
2.916617095470428467e-01
2.962126433849334717e-01
2.039133310317993164e-01
1.666921079158782959e-01
1.848558783531188965e-01
3.230196237564086914e-01
2.716043889522552490e-01
1.657716929912567139e-01
4.015142023563385010e-01
2.361554950475692749e-01
2.083164751529693604e-01
2.592279016971588135e-01
2.013328522443771362e-01
2.482384145259857178e-01
1.851494759321212769e-01
1.316807121038436890e-01
2.453468739986419678e-01
2.848514020442962646e-01
4.052794277667999268e-01
1.002376824617385864e-01
2.075168192386627197e-01
2.126297652721405029e-01
1.851847618818283081e-01
2.526535987854003906e-01
1.818909645080566406e-01
2.292021811008453369e-01
1.485253870487213135e-01
1.795506179332733154e-01
1.823474913835525513e-01
2.653503417968750000e-01
1.678986698389053345e-01
2.463356703519821167e-01
3.923525810241699219e-01
3.246068954467773438e-01
2.724619805812835693e-01
2.599427700042724609e-01
2.731474339962005615e-01
2.384440004825592041e-01
2.274793982505798340e-01
2.781712710857391357e-01
2.702910900115966797e-01
2.018925845623016357e-01
3.090963363647460938e-01
2.456490099430084229e-01
2.449416518211364746e-01
1.896665245294570923e-01
2.481608241796493530e-01
1.992776542901992798e-01
2.554249465465545654e-01
2.594485282897949219e-01
2.512342631816864014e-01
2.677367031574249268e-01
3.025846779346466064e-01
2.544957697391510010e-01
3.524854183197021484e-01
2.879104912281036377e-01
1.979335844516754150e-01
1.958899050951004028e-01
2.168701738119125366e-01
2.710364758968353271e-01
2.622446715831756592e-01
3.681821823120117188e-01
1.863727867603302002e-01
1.483644694089889526e-01
1.599790602922439575e-01
1.920657455921173096e-01
2.098427563905715942e-01
3.074528276920318604e-01
3.726162016391754150e-01
1.707177758216857910e-01
3.007703423500061035e-01
2.454846650362014771e-01
1.411525756120681763e-01
2.313829958438873291e-01
2.395384907722473145e-01
2.198006808757781982e-01
2.645955383777618408e-01
1.807272881269454956e-01
2.161310911178588867e-01
1.452753543853759766e-01
2.286131531000137329e-01
1.899930685758590698e-01
1.443062722682952881e-01
3.000919520854949951e-01
1.473006308078765869e-01
2.627635598182678223e-01
2.991226017475128174e-01
3.678811192512512207e-01
2.324533909559249878e-01
1.784582585096359253e-01
2.948518395423889160e-01
3.307742476463317871e-01
2.165945619344711304e-01
2.033620923757553101e-01
2.656936943531036377e-01
3.534089922904968262e-01
2.675857245922088623e-01
1.881735473871231079e-01
2.284828275442123413e-01
2.442080527544021606e-01
2.414393275976181030e-01
1.806551218032836914e-01
2.565868496894836426e-01
3.108287453651428223e-01
1.236326396465301514e-01
2.029823362827301025e-01
2.696296572685241699e-01
2.920208573341369629e-01
1.397761255502700806e-01
1.429336965084075928e-01
2.560185194015502930e-01
2.221934944391250610e-01
2.208734452724456787e-01
2.782941758632659912e-01
3.275825381278991699e-01
1.358088850975036621e-01
3.062457442283630371e-01
2.343171089887619019e-01
2.441005557775497437e-01
1.254715472459793091e-01
1.839057356119155884e-01
3.110000491142272949e-01
3.406600356101989746e-01
2.741154730319976807e-01
1.299289166927337646e-01
2.587429583072662354e-01
1.847516149282455444e-01
1.932049840688705444e-01
1.421635299921035767e-01
3.591687977313995361e-01
1.839606910943984985e-01
2.402260005474090576e-01
1.539455801248550415e-01
2.456751912832260132e-01
3.658335804939270020e-01
2.248649746179580688e-01
3.576741814613342285e-01
3.012503981590270996e-01
2.454383820295333862e-01
2.477906197309494019e-01
3.506476879119873047e-01
2.123939096927642822e-01
2.979785799980163574e-01
2.646903097629547119e-01
3.346508741378784180e-01
1.635240167379379272e-01
1.518958956003189087e-01
3.083391785621643066e-01
2.378597259521484375e-01
1.361552774906158447e-01
2.107719182968139648e-01
2.999273836612701416e-01
2.088724076747894287e-01
3.555948734283447266e-01
2.495767772197723389e-01
1.838690936565399170e-01
3.461795747280120850e-01
2.157419472932815552e-01
3.138423264026641846e-01
2.462952733039855957e-01
2.447853088378906250e-01
1.258179098367691040e-01
2.362746894359588623e-01
2.560151517391204834e-01
2.293252199888229370e-01
3.875186443328857422e-01
3.506000638008117676e-01
2.543242573738098145e-01
1.907350867986679077e-01
3.317562937736511230e-01
2.944713532924652100e-01
2.077468037605285645e-01
3.053056299686431885e-01
2.407534867525100708e-01
3.764562904834747314e-01
3.488278388977050781e-01
2.315233647823333740e-01
2.354131489992141724e-01
1.664728820323944092e-01
2.745731472969055176e-01
3.522707819938659668e-01
2.027265429496765137e-01
2.424400150775909424e-01
2.735623717308044434e-01
1.580711603164672852e-01
3.057504296302795410e-01
2.771134972572326660e-01
1.140561848878860474e-01
3.031925559043884277e-01
2.321042418479919434e-01
2.325574457645416260e-01
1.862379312515258789e-01
2.474067360162734985e-01
2.874326705932617188e-01
2.056242674589157104e-01
2.220865935087203979e-01
2.026318162679672241e-01
2.423076331615447998e-01
2.501199841499328613e-01
1.974843591451644897e-01
2.480789572000503540e-01
2.211044430732727051e-01
1.783802956342697144e-01
1.305915266275405884e-01
3.399982452392578125e-01
2.329066991806030273e-01
3.350962102413177490e-01
3.439994752407073975e-01
1.537237167358398438e-01
3.166155219078063965e-01
2.116247713565826416e-01
2.550789713859558105e-01
2.848508656024932861e-01
3.024354875087738037e-01
2.442295700311660767e-01
3.495325148105621338e-01
2.294882982969284058e-01
1.330961883068084717e-01
2.216767966747283936e-01
2.346853464841842651e-01
2.704397439956665039e-01
2.961900532245635986e-01
2.001592516899108887e-01
2.055975645780563354e-01
2.508010864257812500e-01
1.795476078987121582e-01
2.431036680936813354e-01
2.526204288005828857e-01
1.735215783119201660e-01
3.962585628032684326e-01
2.634824514389038086e-01
2.506372630596160889e-01
2.005377113819122314e-01
3.024775981903076172e-01
2.766485512256622314e-01
3.397366106510162354e-01
1.529435962438583374e-01
1.419348865747451782e-01
1.223036423325538635e-01
3.042158782482147217e-01
2.666358351707458496e-01
2.353183329105377197e-01
2.850996553897857666e-01
3.237715661525726318e-01
2.521078288555145264e-01
2.632398009300231934e-01
2.806022167205810547e-01
2.460945695638656616e-01
2.675938010215759277e-01
3.012635409832000732e-01
1.893911957740783691e-01
3.824166953563690186e-01
3.595930039882659912e-01
1.645034700632095337e-01
2.693695425987243652e-01
4.328767955303192139e-01
1.482246816158294678e-01
2.327302694320678711e-01
2.130254358053207397e-01
1.373320668935775757e-01
3.153846263885498047e-01
2.191167622804641724e-01
2.995204627513885498e-01
2.430506497621536255e-01
2.668683826923370361e-01
2.483264505863189697e-01
1.816976815462112427e-01
2.875233292579650879e-01
3.024418056011199951e-01
2.904375493526458740e-01
3.591370582580566406e-01
2.560640275478363037e-01
2.580946683883666992e-01
2.426810860633850098e-01
3.351700603961944580e-01
2.165267020463943481e-01
2.334210425615310669e-01
2.612434327602386475e-01
2.168439477682113647e-01
2.299040108919143677e-01
1.504640579223632812e-01
3.207786679267883301e-01
2.247478961944580078e-01
2.445119619369506836e-01
2.714295983314514160e-01
2.457885295152664185e-01
2.380480766296386719e-01
2.536067664623260498e-01
2.531287074089050293e-01
3.338484168052673340e-01
2.884289622306823730e-01
3.253621757030487061e-01
2.305840402841567993e-01
2.994864881038665771e-01
2.085570394992828369e-01
3.452020287513732910e-01
2.614763677120208740e-01
3.381613492965698242e-01
2.876724898815155029e-01
3.835740387439727783e-01
3.280364274978637695e-01
3.014668822288513184e-01
2.841885089874267578e-01
3.139974176883697510e-01
3.450519740581512451e-01
2.545738220214843750e-01
1.959341913461685181e-01
1.342192590236663818e-01
1.746760010719299316e-01
2.517349720001220703e-01
1.490720659494400024e-01
2.167695611715316772e-01
3.113054931163787842e-01
2.387921810150146484e-01
2.238142788410186768e-01
2.379367500543594360e-01
2.780635654926300049e-01
2.252398878335952759e-01
3.022715151309967041e-01
2.934035956859588623e-01
1.724594682455062866e-01
3.742167055606842041e-01
3.626832067966461182e-01
3.189696669578552246e-01
2.530300319194793701e-01
2.676142454147338867e-01
2.728394269943237305e-01
3.162355720996856689e-01
1.904428303241729736e-01
2.720958888530731201e-01
2.550845444202423096e-01
1.849372833967208862e-01
2.551775872707366943e-01
2.529495060443878174e-01
2.832969725131988525e-01
2.570196390151977539e-01
3.232931792736053467e-01
2.578379213809967041e-01
3.389571309089660645e-01
2.312667667865753174e-01
3.080697953701019287e-01
3.414033353328704834e-01
2.792891561985015869e-01
3.231994807720184326e-01
2.869098782539367676e-01
2.201973944902420044e-01
2.645124495029449463e-01
2.395277619361877441e-01
3.356563746929168701e-01
3.227371871471405029e-01
3.398468494415283203e-01
3.549279570579528809e-01
1.963117271661758423e-01
2.672677040100097656e-01
2.571055889129638672e-01
2.278320342302322388e-01
1.794794648885726929e-01
3.081719577312469482e-01
2.594603598117828369e-01
1.923819780349731445e-01
2.789543867111206055e-01
2.455205470323562622e-01
1.631758809089660645e-01
2.985490560531616211e-01
3.183720409870147705e-01
2.783094048500061035e-01
2.034676522016525269e-01
3.072167336940765381e-01
3.614779114723205566e-01
2.636238336563110352e-01
3.684062063694000244e-01
2.315511554479598999e-01
2.968596220016479492e-01
3.290138542652130127e-01
3.635114729404449463e-01
3.203558921813964844e-01
3.036534786224365234e-01
2.788240611553192139e-01
2.502223551273345947e-01
2.237297892570495605e-01
2.532629966735839844e-01
2.934055924415588379e-01
2.808463871479034424e-01
3.677309155464172363e-01
2.304863035678863525e-01
2.960438728332519531e-01
3.434013426303863525e-01
2.386731952428817749e-01
2.936436831951141357e-01
3.393060266971588135e-01
2.363738268613815308e-01
2.342787981033325195e-01
2.552103102207183838e-01
2.952057719230651855e-01
3.272125422954559326e-01
3.103421032428741455e-01
3.006040453910827637e-01
2.062231451272964478e-01
2.548986673355102539e-01
2.965793609619140625e-01
2.635334432125091553e-01
2.419172972440719604e-01
2.603954374790191650e-01
2.376167327165603638e-01
3.030088245868682861e-01
2.398352473974227905e-01
