-1.588004529476165771e-01
-3.282600780948996544e-03
6.733280606567859650e-03
-2.036048918962478638e-01
-3.042464330792427063e-02
-7.867270708084106445e-02
-5.604811012744903564e-02
-3.124705515801906586e-02
-3.638822585344314575e-02
1.633270680904388428e-01
-2.091437578201293945e-02
-1.482124179601669312e-01
-7.456614822149276733e-02
2.912839176133275032e-03
-1.134672313928604126e-01
-8.402632921934127808e-02
-1.278374344110488892e-01
3.023904748260974884e-03
-9.634079039096832275e-02
-1.349814087152481079e-01
-9.937395155429840088e-02
-7.858975231647491455e-02
4.924298450350761414e-02
-4.715889692306518555e-02
5.007543787360191345e-02
-9.847832471132278442e-02
3.017354570329189301e-02
2.537787705659866333e-02
-2.565086446702480316e-02
7.951605319976806641e-02
-1.347170621156692505e-01
-1.157990619540214539e-01
1.130670309066772461e-01
1.355343610048294067e-01
-1.292434036731719971e-01
-1.176240760833024979e-02
4.508323501795530319e-03
6.525608245283365250e-03
-8.622397482395172119e-02
-4.034930840134620667e-02
1.021315995603799820e-02
5.904853716492652893e-02
-3.367077559232711792e-02
1.255926787853240967e-01
3.862296938896179199e-01
1.176964268088340759e-01
-1.274442523717880249e-01
-1.372821182012557983e-01
4.234838858246803284e-02
4.377106949687004089e-02
-1.381307691335678101e-01
-1.197483390569686890e-02
-9.331160038709640503e-02
-7.383527606725692749e-02
-1.646661907434463501e-01
-1.515815686434507370e-02
1.203989703208208084e-02
-5.811971053481101990e-02
-6.843446195125579834e-02
7.680504024028778076e-02
-4.696846753358840942e-02
-5.833072587847709656e-02
-1.053219959139823914e-01
1.819939315319061279e-01
3.465367481112480164e-02
-9.389195591211318970e-03
5.671541672199964523e-03
-9.654005616903305054e-02
5.806118715554475784e-03
1.410633772611618042e-01
-1.470960974693298340e-01
3.760221600532531738e-02
1.850367337465286255e-01
1.768526062369346619e-02
-1.927830465137958527e-02
-4.823112115263938904e-02
3.788775503635406494e-01
8.609559386968612671e-02
-2.630347013473510742e-02
-6.484693381935358047e-03
-5.178112909197807312e-02
1.851265579462051392e-01
3.986050933599472046e-02
3.079617954790592194e-02
2.362438887357711792e-01
1.621643304824829102e-01
-7.115799933671951294e-02
-1.023910008370876312e-02
-8.701396733522415161e-02
7.517880946397781372e-02
-1.257854104042053223e-01
-3.533821180462837219e-02
-1.950322240591049194e-01
-5.290165171027183533e-02
-1.416993588209152222e-01
-1.908535808324813843e-01
-5.436677485704421997e-03
-5.046573281288146973e-02
-1.593658626079559326e-01
1.177944093942642212e-01
-1.639402210712432861e-01
-5.177611485123634338e-02
4.272725060582160950e-02
-1.518604308366775513e-01
-1.468947827816009521e-01
-1.433062553405761719e-01
7.028417289257049561e-02
-3.428333625197410583e-02
-1.759267598390579224e-01
-2.012032782658934593e-03
-5.135998595505952835e-03
1.766204647719860077e-02
8.592720329761505127e-02
-3.662078233901411295e-04
2.292197495698928833e-01
2.074819207191467285e-01
-1.007727533578872681e-01
3.486074879765510559e-02
5.389168858528137207e-02
-7.380732148885726929e-02
-8.350768685340881348e-02
-2.066169679164886475e-02
-8.663531392812728882e-02
-1.467508971691131592e-01
-1.413204818964004517e-01
1.523850951343774796e-02
-9.129130095243453979e-02
-9.199672937393188477e-02
-1.157194748520851135e-01
-2.014718800783157349e-01
-9.441494941711425781e-02
1.847863756120204926e-02
-5.982256960123777390e-03
-1.203167513012886047e-01
8.580340445041656494e-02
-6.826969981193542480e-02
1.116016805171966553e-01
2.342131361365318298e-02
7.140178233385086060e-02
-4.688653349876403809e-02
1.954890973865985870e-02
-5.161250755190849304e-02
-1.096216514706611633e-01
-9.940922260284423828e-02
-1.377471387386322021e-01
-1.112875714898109436e-01
1.443153321743011475e-01
-1.578938364982604980e-01
-2.565168775618076324e-02
4.400121048092842102e-02
-2.161895856261253357e-02
4.060216993093490601e-02
-1.764203980565071106e-02
-1.950337551534175873e-02
-8.242312073707580566e-02
7.100923359394073486e-02
-5.260590836405754089e-02
-1.183717790991067886e-02
-1.260743737220764160e-01
-1.325737237930297852e-01
-9.347423166036605835e-02
-2.259636223316192627e-01
7.768186181783676147e-02
3.193825483322143555e-02
-1.606021076440811157e-02
1.068015769124031067e-01
-2.521900832653045654e-02
-1.018121242523193359e-01
-1.186888758093118668e-02
2.612721361219882965e-02
7.236784696578979492e-02
-1.408546976745128632e-02
6.933401525020599365e-02
5.777668952941894531e-02
1.099338941276073456e-02
8.478000760078430176e-02
2.800200134515762329e-02
-4.874967783689498901e-02
-1.343827247619628906e-01
-6.257684528827667236e-02
-2.392144501209259033e-02
-9.836876392364501953e-02
2.722059562802314758e-02
-3.322863951325416565e-02
-2.306565828621387482e-02
3.374382480978965759e-02
1.259738672524690628e-02
-9.864848852157592773e-02
-7.670353353023529053e-02
-1.343686133623123169e-01
-3.783207014203071594e-02
-2.795811509713530540e-03
-6.695841252803802490e-02
-5.870956555008888245e-02
-1.026192028075456619e-02
-4.281296953558921814e-02
-1.077324077486991882e-01
5.860282108187675476e-02
1.131652947515249252e-02
5.755690857768058777e-02
-9.796556085348129272e-02
1.228456012904644012e-02
-8.319669216871261597e-02
-4.874310269951820374e-02
1.012002378702163696e-01
-1.515672653913497925e-01
-8.922112733125686646e-02
-1.287459135055541992e-01
-1.238437592983245850e-01
4.004986956715583801e-02
9.582741558551788330e-02
2.417197450995445251e-02
-1.904601603746414185e-01
-7.970023155212402344e-02
-5.061107501387596130e-02
1.062264740467071533e-01
-9.400289505720138550e-02
-1.640435867011547089e-02
-8.635617792606353760e-02
-1.874117879197001457e-03
-7.083088904619216919e-02
3.119089081883430481e-02
2.856954000890254974e-02
-2.158679999411106110e-02
-4.415681958198547363e-02
5.093327537178993225e-02
-2.044229805469512939e-01
-1.140960156917572021e-01
-6.709560751914978027e-02
-1.291488409042358398e-01
-1.394306421279907227e-01
-2.062051557004451752e-02
-1.187736243009567261e-01
1.210545655339956284e-02
-4.277571663260459900e-02
-4.390881210565567017e-02
-1.196098178625106812e-01
-1.870874874293804169e-02
-1.087018698453903198e-01
2.411142438650131226e-01
1.039097271859645844e-02
-2.221970856189727783e-01
1.411595474928617477e-02
-6.939236074686050415e-02
2.918518148362636566e-02
-8.305682241916656494e-02
-5.984168499708175659e-02
8.071754872798919678e-02
1.095579266548156738e-01
-3.279828652739524841e-02
-1.730447262525558472e-01
-1.113329306244850159e-01
-1.304767727851867676e-01
-1.267336159944534302e-01
8.676584810018539429e-02
-1.004394590854644775e-01
-7.517988979816436768e-02
-8.197016082704067230e-03
1.361284852027893066e-01
-1.015109345316886902e-01
-1.953759789466857910e-01
7.692623138427734375e-02
3.169584088027477264e-03
3.746569529175758362e-02
-7.418683264404535294e-03
1.597912907600402832e-01
-6.775382161140441895e-02
-1.333552598953247070e-01
-1.816838607192039490e-02
-1.275729984045028687e-01
-1.146055087447166443e-01
-1.503746360540390015e-01
-7.503817975521087646e-02
-1.956833750009536743e-01
-6.405614316463470459e-02
-1.195958722382783890e-02
-2.123572826385498047e-01
-1.682950109243392944e-01
-8.248696476221084595e-02
5.442756693810224533e-03
6.363438069820404053e-02
1.026792973279953003e-01
-1.732369661331176758e-01
-6.400304287672042847e-02
2.186194062232971191e-02
-1.414695382118225098e-01
-1.989415287971496582e-01
-5.055709555745124817e-02
1.184566169977188110e-01
-1.587671786546707153e-01
-1.484012044966220856e-02
-2.126035280525684357e-02
5.140201374888420105e-02
-1.238403543829917908e-01
1.778802573680877686e-01
-9.343199431896209717e-03
1.186619922518730164e-01
-9.174382686614990234e-02
9.368839859962463379e-02
2.782402187585830688e-02
-4.372561350464820862e-02
1.235256418585777283e-01
1.360293030738830566e-01
-1.358882188796997070e-01
5.572702735662460327e-02
5.211592838168144226e-02
9.624027460813522339e-02
-7.835160940885543823e-02
-8.278586715459823608e-02
-1.781598776578903198e-01
-5.067352578043937683e-02
1.369683593511581421e-01
9.949414990842342377e-03
-7.558068633079528809e-02
-5.052906274795532227e-02
4.705249518156051636e-02
-1.468977052718400955e-02
8.535651117563247681e-02
-1.527427285909652710e-01
-4.801746457815170288e-02
-1.228466778993606567e-01
-8.628285676240921021e-02
-9.875135868787765503e-02
-1.448332369327545166e-01
-5.362413823604583740e-02
-6.226036697626113892e-03
-1.231614574790000916e-01
8.875362575054168701e-02
6.773988902568817139e-02
2.159825712442398071e-01
-1.634495109319686890e-01
1.959696598351001740e-02
-4.576802998781204224e-02
-1.382505446672439575e-01
-3.344473242759704590e-02
-8.365990966558456421e-02
-7.730026543140411377e-02
-1.965810917317867279e-02
-1.374553292989730835e-01
-5.809822678565979004e-02
-1.082222443073987961e-02
-7.668450474739074707e-02
1.221767440438270569e-01
-4.710309579968452454e-02
1.113068908452987671e-01
1.273523569107055664e-01
-3.546414151787757874e-02
-2.193552069365978241e-02
-1.160728931427001953e-01
1.967089436948299408e-02
3.960340097546577454e-02
-1.392312347888946533e-01
-7.712060958147048950e-02
-2.025634283199906349e-03
4.751263186335563660e-02
-4.366788547486066818e-03
-5.934031680226325989e-02
-6.171604245901107788e-02
3.636907786130905151e-02
-1.472277492284774780e-01
9.201895445585250854e-02
-4.791374132037162781e-02
-1.370794139802455902e-02
-8.394007571041584015e-03
-1.145769096910953522e-02
-3.105949796736240387e-02
-1.812328584492206573e-02
-3.747588768601417542e-02
-6.811605393886566162e-02
9.279517689719796181e-04
-1.098257154226303101e-01
7.067613303661346436e-02
4.531789571046829224e-03
-4.004382342100143433e-02
-6.542067229747772217e-02
-7.589016109704971313e-02
-7.078889757394790649e-02
-1.103280857205390930e-01
6.938070803880691528e-02
-8.081208914518356323e-02
-1.970929950475692749e-01
1.174658685922622681e-01
-1.097805500030517578e-01
9.982511401176452637e-02
-9.122409671545028687e-02
-1.106700524687767029e-01
1.042107716202735901e-01
2.169316112995147705e-01
5.173642188310623169e-03
-2.493381351232528687e-01
4.512821137905120850e-02
4.446243867278099060e-02
2.116293879225850105e-03
-1.467223279178142548e-02
5.714520066976547241e-02
-2.003390341997146606e-01
-2.136274427175521851e-01
-7.847864925861358643e-02
2.009411752223968506e-01
-4.442971572279930115e-02
-3.236161172389984131e-02
2.615193128585815430e-01
3.011964261531829834e-02
-6.945334840565919876e-03
-1.652837246656417847e-01
-1.328925788402557373e-01
-3.368176892399787903e-02
3.879066929221153259e-02
1.793327182531356812e-02
1.014115512371063232e-01
-1.632451713085174561e-01
-1.936754584312438965e-01
-1.161383688449859619e-01
-1.030473411083221436e-01
1.255730241537094116e-01
1.116704940795898438e-02
-1.129769310355186462e-01
-2.237685024738311768e-02
-1.316203773021697998e-01
2.408470213413238525e-02
-8.117233216762542725e-02
6.434509158134460449e-02
-1.002139449119567871e-01
-1.018772870302200317e-01
-9.317667782306671143e-02
-6.137923151254653931e-02
-1.003268733620643616e-02
1.272385288029909134e-02
-4.140189662575721741e-02
4.406913183629512787e-03
1.061947345733642578e-01
8.831959217786788940e-03
-1.070428416132926941e-01
1.285516619682312012e-01
2.648532204329967499e-02
1.181780770421028137e-01
-2.466428279876708984e-01
1.664722859859466553e-01
7.270004600286483765e-02
-1.335612684488296509e-02
-7.424766197800636292e-03
-2.678912691771984100e-02
-1.350183486938476562e-01
2.059452980756759644e-02
-4.057044908404350281e-02
-3.136941045522689819e-02
-1.364215761423110962e-01
-4.419880360364913940e-02
-1.665801703929901123e-01
-6.711895763874053955e-02
-6.303799897432327271e-02
1.772184111177921295e-02
-3.835158422589302063e-02
5.304701253771781921e-02
1.177262421697378159e-02
-1.170602887868881226e-01
-8.362255990505218506e-02
1.872850507497787476e-01
1.467554271221160889e-02
1.965960115194320679e-01
-1.197920590639114380e-01
-1.020811721682548523e-01
-9.156688302755355835e-02
-1.239121779799461365e-01
-4.849819466471672058e-02
-5.993804894387722015e-03
3.352702260017395020e-01
-2.443401888012886047e-02
-2.349544018507003784e-01
-9.743811190128326416e-02
-1.396800875663757324e-01
-2.503450214862823486e-02
2.665567398071289062e-02
1.737264841794967651e-01
-1.846198588609695435e-01
-9.763804078102111816e-02
-2.554512582719326019e-02
-1.966914394870400429e-03
-1.422550529241561890e-01
-6.100216880440711975e-02
-7.758883386850357056e-02
-1.851361431181430817e-02
-1.128896102309226990e-01
-1.754564419388771057e-02
-1.780718415975570679e-01
-1.755596548318862915e-01
-9.339099377393722534e-02
-6.676806509494781494e-02
1.310111861675977707e-02
-1.472551822662353516e-01
-1.304132938385009766e-01
1.365245133638381958e-01
-9.558182209730148315e-02
-1.443724781274795532e-01
3.353583440184593201e-02
7.913338020443916321e-03
6.175974756479263306e-02
1.173533592373132706e-02
9.909287095069885254e-03
-6.176387518644332886e-02
-7.522129267454147339e-02
-4.181578382849693298e-02
1.396800875663757324e-01
-2.565970644354820251e-02
2.374818362295627594e-02
-4.101261869072914124e-02
-1.044228523969650269e-01
-1.052581295371055603e-01
-1.161806434392929077e-01
-4.833367839455604553e-02
-2.770332153886556625e-03
7.131440937519073486e-02
-1.214081943035125732e-01
-4.682142287492752075e-02
-7.243341952562332153e-02
-6.614802405238151550e-03
-9.593452513217926025e-02
1.859268918633460999e-02
1.989849805831909180e-01
-9.384752064943313599e-02
-1.239222660660743713e-01
-1.074744388461112976e-02
5.804739426821470261e-03
-1.427764296531677246e-01
-4.482961818575859070e-02
-1.312987655401229858e-01
-2.365659736096858978e-02
1.309486627578735352e-01
2.831744030117988586e-02
1.517824977636337280e-01
-1.631448417901992798e-01
-7.392788678407669067e-02
-8.933164179325103760e-02
1.001076996326446533e-01
-1.000318825244903564e-01
-1.102786958217620850e-01
7.135258615016937256e-02
-1.946251094341278076e-01
-5.527095496654510498e-02
3.017795383930206299e-01
-8.334130793809890747e-02
2.533253282308578491e-03
3.678868114948272705e-01
-6.062415242195129395e-02
-1.344202458858489990e-01
-1.478391438722610474e-01
4.775448143482208252e-02
1.160058826208114624e-01
-9.203677065670490265e-03
5.011612549424171448e-02
5.962496250867843628e-02
2.447547577321529388e-02
8.980783820152282715e-02
-9.009593725204467773e-02
-1.451474055647850037e-02
-7.250860333442687988e-02
8.666917681694030762e-02
-1.028431653976440430e-01
7.428893446922302246e-02
-7.137926667928695679e-02
3.092970326542854309e-02
1.596488207578659058e-01
-1.816363632678985596e-01
-6.767682731151580811e-02
-7.061398774385452271e-02
-5.465157330036163330e-02
-1.491937339305877686e-01
-2.819528244435787201e-02
2.672125399112701416e-02
-6.448970735073089600e-02
-6.425262242555618286e-02
-1.379697620868682861e-01
2.792743965983390808e-02
-9.982794523239135742e-02
-3.316261246800422668e-02
-1.707338839769363403e-01
-8.194433897733688354e-02
2.928222715854644775e-02
-6.396889686584472656e-03
4.874831065535545349e-02
-4.542088508605957031e-02
-1.390004456043243408e-01
2.858413010835647583e-02
-2.024641633033752441e-01
-1.184735000133514404e-01
-7.666300516575574875e-03
-4.248553141951560974e-02
7.291229814291000366e-02
-1.626244038343429565e-01
1.319419220089912415e-02
8.043225109577178955e-02
-1.217415034770965576e-01
8.524969965219497681e-02
1.129439845681190491e-01
-4.104816820472478867e-03
2.366147004067897797e-03
-8.105838298797607422e-02
-1.229003351181745529e-02
-1.387212425470352173e-01
-1.552151143550872803e-01
-2.648675441741943359e-02
5.627886205911636353e-02
-1.772262156009674072e-01
-8.508896082639694214e-02
2.008231729269027710e-02
3.947398439049720764e-02
6.251603364944458008e-02
-3.083569556474685669e-02
-3.164897486567497253e-02
1.619469821453094482e-01
-5.058274790644645691e-02
2.047927677631378174e-02
-1.334675252437591553e-01
-4.113576561212539673e-02
-1.752257645130157471e-01
-6.719751656055450439e-02
2.603331208229064941e-02
-1.384352594614028931e-01
-1.584587246179580688e-01
-1.420543789863586426e-01
-2.726686745882034302e-02
-8.083762228488922119e-02
-9.218648821115493774e-02
-4.107509925961494446e-02
-9.875456988811492920e-02
-6.458626687526702881e-02
-4.402928799390792847e-02
-7.102515548467636108e-02
1.704950258135795593e-02
-7.038047909736633301e-02
1.921780556440353394e-01
-1.479677855968475342e-01
-3.964248299598693848e-02
-1.753356307744979858e-01
-6.998208165168762207e-02
4.027675464749336243e-02
1.304584741592407227e-01
-1.268819719552993774e-01
-1.307296473532915115e-02
-1.745027452707290649e-01
-1.536547690629959106e-01
-1.947792321443557739e-01
-1.135242432355880737e-01
-1.273031681776046753e-01
-2.560434862971305847e-02
6.639749556779861450e-02
-9.027276188135147095e-02
-7.918420433998107910e-02
1.049180328845977783e-01
-8.914801478385925293e-02
-5.506194755434989929e-02
-5.653050541877746582e-02
-4.697613790631294250e-02
-2.448786050081253052e-02
-1.108838915824890137e-01
-1.207335665822029114e-01
1.614473760128021240e-01
1.759990677237510681e-02
-2.737423963844776154e-02
-9.843243658542633057e-02
-1.703267917037010193e-02
-5.124947801232337952e-02
-8.373690396547317505e-02
-7.030642032623291016e-02
1.075148303061723709e-02
-7.494317740201950073e-02
-8.794730901718139648e-02
-1.117436587810516357e-01
2.167133837938308716e-01
-2.940494194626808167e-02
-2.746756188571453094e-03
-1.469791028648614883e-02
-1.119756475090980530e-01
-1.778397709131240845e-02
-9.508706629276275635e-02
-1.542368382215499878e-01
5.999244004487991333e-02
-6.032373011112213135e-02
-1.071763411164283752e-01
-6.252674013376235962e-02
1.686518080532550812e-02
-5.130324885249137878e-02
-1.213454157114028931e-01
-3.942008316516876221e-02
6.610412616282701492e-03
-9.332990273833274841e-03
7.058566808700561523e-02
-1.254111826419830322e-01
2.463742159307003021e-02
-5.663339048624038696e-02
-9.215345978736877441e-02
-9.121944010257720947e-02
1.450355648994445801e-01
-5.825881659984588623e-02
-8.626100420951843262e-02
-1.240219920873641968e-01
2.202353440225124359e-02
-1.109618917107582092e-01
4.883756488561630249e-02
-7.902435213327407837e-02
-1.548141092061996460e-01
-9.588984400033950806e-02
-2.951702848076820374e-02
-8.948585391044616699e-02
4.716081917285919189e-02
-2.027946114540100098e-01
-6.358905136585235596e-02
-5.229056999087333679e-02
-1.843022257089614868e-01
-9.539227932691574097e-02
1.212766170501708984e-01
-5.809307843446731567e-02
-8.614139258861541748e-02
-2.004106529057025909e-02
-3.610793128609657288e-02
-6.570039689540863037e-02
-3.781650960445404053e-02
8.084250986576080322e-02
-1.421995311975479126e-01
-1.504407376050949097e-01
-4.208389203995466232e-03
1.260498613119125366e-01
1.248492747545242310e-01
5.733198300004005432e-02
-2.822414785623550415e-02
-9.864581748843193054e-03
-9.301900118589401245e-02
1.063920408487319946e-01
1.611818745732307434e-02
-1.010321080684661865e-01
-1.001269295811653137e-01
-1.533453166484832764e-01
-3.953838720917701721e-02
5.163665488362312317e-02
-1.353975236415863037e-01
3.986920043826103210e-02
-1.341465264558792114e-01
-3.011579066514968872e-02
-2.263573743402957916e-02
-1.555639971047639847e-02
-1.518733501434326172e-01
-5.837031453847885132e-02
3.674691170454025269e-02
-1.865065991878509521e-01
1.593531668186187744e-02
-8.096820116043090820e-02
-1.155763342976570129e-01
8.767675608396530151e-02
8.649124205112457275e-02
-7.936453819274902344e-02
-5.283209681510925293e-02
-6.166603416204452515e-02
-1.048773452639579773e-01
8.271554857492446899e-02
-8.264985680580139160e-02
-2.046952396631240845e-01
-5.203017219901084900e-02
1.452161371707916260e-01
3.906189277768135071e-02
-1.063609793782234192e-01
-1.177018359303474426e-01
2.367832884192466736e-02
1.185925304889678955e-01
-1.985959857702255249e-01
1.173340678215026855e-01
-4.726417362689971924e-02
2.717109024524688721e-02
-1.183102428913116455e-01
-1.068305820226669312e-01
1.106405397877097130e-03
-1.497430801391601562e-01
3.641635552048683167e-02
-9.933623671531677246e-02
-5.438711494207382202e-02
-1.374720185995101929e-01
-1.070079952478408813e-01
-1.523522939532995224e-02
7.576309610158205032e-03
1.531553268432617188e-02
-1.095113828778266907e-01
4.148592054843902588e-02
-4.103096947073936462e-02
-1.355248838663101196e-01
3.710170090198516846e-02
-1.026638001203536987e-01
3.679971396923065186e-02
-8.277255296707153320e-02
-6.376031786203384399e-03
-1.669618487358093262e-01
-1.089945882558822632e-01
9.783115237951278687e-02
-1.393404304981231689e-01
-8.345503360033035278e-03
-7.048691064119338989e-02
-7.747248560190200806e-02
-1.145559027791023254e-01
1.614651978015899658e-01
-7.497603446245193481e-02
-1.487441509962081909e-01
3.061017394065856934e-02
-4.113195091485977173e-02
1.403766423463821411e-01
-6.068100407719612122e-02
1.060534454882144928e-02
5.418234691023826599e-02
-1.342995464801788330e-01
-5.093340575695037842e-02
-9.264077991247177124e-02
6.572956591844558716e-02
-9.831367433071136475e-02
2.387266978621482849e-02
-3.522360324859619141e-02
-5.215251445770263672e-02
-9.478415548801422119e-02
2.871271409094333649e-02
-1.541505604982376099e-01
2.149946838617324829e-01
8.802396059036254883e-02
-1.417180746793746948e-01
1.794964373111724854e-01
-1.054797470569610596e-01
5.907510593533515930e-02
-6.280700117349624634e-02
-1.661920696496963501e-01
-1.436240226030349731e-01
-1.272210031747817993e-01
2.854185923933982849e-02
1.509748101234436035e-01
-2.055214345455169678e-02
-1.278004348278045654e-01
-6.917569041252136230e-02
-1.556035280227661133e-01
-1.354508697986602783e-01
-7.324872538447380066e-03
2.300469577312469482e-02
8.821812458336353302e-03
1.184351276606321335e-02
-1.845853328704833984e-01
-5.988473445177078247e-02
1.494255512952804565e-01
-1.076897829771041870e-01
4.997360706329345703e-02
-1.056363359093666077e-01
1.007904335856437683e-01
-1.499569714069366455e-01
-7.198036462068557739e-02
-1.051521226763725281e-01
2.344304509460926056e-02
-1.170941889286041260e-01
-1.641697734594345093e-01
3.116434067487716675e-02
3.105267696082592010e-02
-8.390901982784271240e-02
-1.403598487377166748e-01
-8.156595379114151001e-02
-9.757698327302932739e-02
3.765481710433959961e-02
-9.098764508962631226e-02
-1.482821553945541382e-01
-3.836854919791221619e-02
-5.047835037112236023e-02
-7.108656223863363266e-03
-2.411628812551498413e-01
-1.370300352573394775e-01
-4.979503899812698364e-02
-1.172707602381706238e-01
-3.432174026966094971e-02
-6.070752814412117004e-02
-1.837523579597473145e-01
-1.550554931163787842e-01
-3.861021623015403748e-02
-7.079764455556869507e-02
-1.171185895800590515e-01
-4.601718857884407043e-02
-9.239324182271957397e-02
-6.144560407847166061e-03
-3.990324586629867554e-02
-8.114559203386306763e-02
-4.623790271580219269e-03
-9.559389203786849976e-02
-5.826304852962493896e-02
-1.194514185190200806e-01
-1.141655370593070984e-01
-2.337616980075836182e-01
-1.707725077867507935e-01
8.630363270640373230e-03
-1.090121865272521973e-01
-2.051146142184734344e-02
-8.803889155387878418e-02
-3.322109580039978027e-02
-1.617731451988220215e-01
-1.012448817491531372e-01
-2.004011534154415131e-02
-1.451307833194732666e-01
-1.085544377565383911e-01
-3.165767295286059380e-03
-1.538297235965728760e-01
-6.786000728607177734e-02
7.849556207656860352e-02
-8.061395026743412018e-03
-1.736827045679092407e-01
5.001794919371604919e-02
-8.373660035431385040e-03
-3.167027607560157776e-02
6.009190157055854797e-02
-1.946724802255630493e-01
-1.361702084541320801e-01
-2.539437264204025269e-02
-4.321982339024543762e-02
-7.126877456903457642e-02
-1.509305238723754883e-01
1.310019195079803467e-01
-1.662795990705490112e-01
9.241765737533569336e-02
-1.340930461883544922e-01
-1.497055143117904663e-01
-5.951819941401481628e-02
-1.530613284558057785e-03
-5.482933670282363892e-02
-1.313784811645746231e-02
-5.981304496526718140e-02
-2.272531688213348389e-01
-1.340370858088135719e-03
-5.862032249569892883e-02
-4.722956940531730652e-02
-6.820312142372131348e-02
-1.603416204452514648e-01
-5.477726832032203674e-02
-1.488563418388366699e-01
-1.794693022966384888e-01
-1.196888238191604614e-01
-5.040447413921356201e-02
-4.718593508005142212e-02
2.194488607347011566e-02
-1.147081106901168823e-01
-1.233644783496856689e-01
-1.898977160453796387e-01
-3.885685652494430542e-02
-4.160463064908981323e-02
-7.773791253566741943e-02
-2.869014069437980652e-02
-1.732780970633029938e-02
5.148327723145484924e-02
-4.617265239357948303e-02
-1.567864418029785156e-01
-1.592185646295547485e-01
-3.370865434408187866e-02
-2.270361967384815216e-02
8.559489250183105469e-02
-3.749411553144454956e-02
1.243871822953224182e-01
6.791061162948608398e-02
-8.705382049083709717e-02
8.249733597040176392e-02
-1.395997554063796997e-01
-1.373879984021186829e-02
9.327077120542526245e-02
-1.130005344748497009e-01
-1.427432745695114136e-01
-6.667041778564453125e-02
-7.062920928001403809e-02
-8.704452216625213623e-02
-2.183525450527667999e-02
-6.426985561847686768e-02
1.839145459234714508e-02
-1.550674438476562500e-01
4.691714420914649963e-03
-2.229779213666915894e-01
5.237196455709636211e-04
-1.683000847697257996e-02
-4.841452464461326599e-02
-2.746599726378917694e-03
-7.893356680870056152e-02
-1.147879138588905334e-01
1.098301932215690613e-01
-1.096534430980682373e-01
-1.018938124179840088e-01
1.462203450500965118e-02
1.287911534309387207e-01
-1.179759204387664795e-01
1.001149341464042664e-01
-1.591000333428382874e-02
-1.653674691915512085e-01
-1.018047928810119629e-01
3.581147491931915283e-01
-1.434280425310134888e-01
-4.927369579672813416e-02
-7.134973257780075073e-02
1.896802783012390137e-01
-1.145332530140876770e-01
-2.887498959898948669e-02
-1.621906012296676636e-01
4.845464229583740234e-02
-2.103065103292465210e-01
-9.399665892124176025e-02
-4.569431766867637634e-02
-2.605986781418323517e-02
-1.421538889408111572e-01
-1.066857427358627319e-01
-1.245972439646720886e-01
-8.387256413698196411e-02
-3.471614420413970947e-02
-2.317876741290092468e-02
1.783261261880397797e-02
-4.052387177944183350e-02
-7.699501514434814453e-02
2.420747466385364532e-02
-4.988211207091808319e-03
2.195522189140319824e-02
-1.421862393617630005e-01
-2.745880559086799622e-02
-1.593690365552902222e-01
-4.622010141611099243e-02
-8.382876217365264893e-02
-3.477842360734939575e-02
7.237564772367477417e-02
-9.386368095874786377e-02
-5.441513285040855408e-02
6.998620927333831787e-02
-1.156691312789916992e-01
-6.436957418918609619e-02
-1.252401173114776611e-01
-1.910341531038284302e-01
1.117367148399353027e-01
-6.755843758583068848e-02
-8.776743710041046143e-02
-9.098371863365173340e-02
-4.325702413916587830e-02
2.353240735828876495e-02
-1.133661940693855286e-01
7.045209407806396484e-02
-6.889893114566802979e-02
1.149427369236946106e-01
-8.181808888912200928e-02
-7.508938759565353394e-02
-1.121112406253814697e-01
7.943806052207946777e-02
-8.947376906871795654e-02
-7.423713058233261108e-02
-3.853049129247665405e-02
-8.812899887561798096e-02
3.319471701979637146e-02
-1.293202340602874756e-01
6.656568497419357300e-02
-9.275159239768981934e-02
-7.348780333995819092e-02
7.577628642320632935e-02
-8.884552866220474243e-03
1.020570867694914341e-03
-1.016306057572364807e-01
-3.040470927953720093e-02
-1.024673432111740112e-01
-8.928194642066955566e-02
-6.924603134393692017e-02
1.462415009737014771e-01
-1.619719713926315308e-02
-1.647877506911754608e-02
-1.862524151802062988e-01
-9.967656433582305908e-02
-5.766970105469226837e-03
-2.834723144769668579e-02
8.666247129440307617e-02
-7.706113159656524658e-02
-1.090693846344947815e-01
3.047235310077667236e-02
-2.549992501735687256e-01
-9.522673487663269043e-02
-1.066618487238883972e-01
-7.838921248912811279e-02
6.198463961482048035e-02
-8.630669862031936646e-02
-1.205601319670677185e-01
-9.295742958784103394e-02
-6.919044256210327148e-02
-8.496935665607452393e-02
-9.745567105710506439e-03
-1.577803492546081543e-01
-1.604571938514709473e-01
1.964269280433654785e-01
3.110781311988830566e-02
6.610973272472620010e-03
-1.860791593790054321e-01
9.546491503715515137e-02
-1.580872833728790283e-01
-6.564408540725708008e-02
1.511712465435266495e-02
-2.377860248088836670e-01
2.295577824115753174e-01
-9.895300120115280151e-02
-1.286290772259235382e-02
-1.075036376714706421e-01
-8.599185943603515625e-02
-1.106510162353515625e-01
1.510964483022689819e-01
-8.514621108770370483e-02
-4.786422848701477051e-02
-9.933662414550781250e-02
-5.503068119287490845e-02
-8.687466382980346680e-02
-8.800741285085678101e-02
3.386332467198371887e-02
-9.202024340629577637e-02
-5.278859660029411316e-02
-6.620473414659500122e-02
-7.940527284517884254e-04
-1.099784076213836670e-01
-1.904143393039703369e-01
8.142344653606414795e-02
-1.279408186674118042e-01
-7.424517720937728882e-02
-2.006448619067668915e-02
-2.581357397139072418e-02
-1.473483145236968994e-01
-1.186516019515693188e-04
-9.141301363706588745e-02
-4.503780603408813477e-02
2.536044269800186157e-02
-1.948741376399993896e-01
7.820616662502288818e-02
-1.709056943655014038e-01
-1.026544570922851562e-01
1.071855146437883377e-02
-1.376257687807083130e-01
-1.652319431304931641e-01
9.131763363257050514e-04
-5.539177358150482178e-02
-1.239417567849159241e-01
-1.180711090564727783e-01
-8.326556533575057983e-03
3.938008844852447510e-02
-4.310627002269029617e-03
-2.065838500857353210e-02
-2.228560894727706909e-01
-1.314199417829513550e-01
-1.257884036749601364e-02
1.351979672908782959e-01
6.053398828953504562e-03
-4.487184062600135803e-02
-1.283271014690399170e-01
-1.531668603420257568e-01
-1.227297335863113403e-01
-1.456635594367980957e-01
-2.243952155113220215e-01
-1.536624729633331299e-01
-1.125178411602973938e-01
-1.057437509298324585e-01
-1.179460659623146057e-01
-4.932333901524543762e-02
-1.271633058786392212e-01
-7.114516198635101318e-02
-2.363787144422531128e-01
-1.370285004377365112e-01
9.129640646278858185e-03
-1.001143455505371094e-01
-1.686186194419860840e-01
2.612306922674179077e-02
-8.830858021974563599e-02
-2.291420847177505493e-02
-1.438337713479995728e-01
-7.638419419527053833e-02
-1.475575286895036697e-02
8.895383030176162720e-02
-6.351509690284729004e-02
-2.839316725730895996e-01
8.593149483203887939e-02
-9.804561734199523926e-02
-2.712130174040794373e-02
-8.807078748941421509e-02
-1.167491152882575989e-01
1.990012079477310181e-02
-1.799926161766052246e-02
-1.862181723117828369e-02
-6.956633180379867554e-02
-6.088788062334060669e-02
-8.593390136957168579e-02
-1.240935698151588440e-01
-8.969957381486892700e-02
-1.096317470073699951e-01
4.658559337258338928e-02
-9.604220837354660034e-02
-8.115567266941070557e-02
-8.545063436031341553e-02
-3.892522677779197693e-02
-2.373487502336502075e-01
-1.399542540311813354e-01
-1.369096636772155762e-01
-8.150140196084976196e-02
-4.930127039551734924e-02
-1.298413574695587158e-01
6.664455682039260864e-02
-5.993355810642242432e-02
7.168705016374588013e-02
-4.968705773353576660e-02
-9.770157933235168457e-02
-3.638766333460807800e-02
-4.431623592972755432e-02
1.825306117534637451e-01
-1.460385620594024658e-01
1.339558959007263184e-01
-1.350258737802505493e-01
-1.632579118013381958e-01
-5.902423337101936340e-02
-8.644676208496093750e-02
-7.741893082857131958e-02
4.242935683578252792e-03
6.132521480321884155e-02
-1.155472546815872192e-01
-3.858859837055206299e-02
-1.405332684516906738e-01
-4.329514631535857916e-04
-2.028346359729766846e-01
-1.008950024843215942e-01
-1.640279963612556458e-02
-1.561419665813446045e-01
-9.728512912988662720e-02
-1.186569929122924805e-01
-7.661742717027664185e-02
-1.002007722854614258e-02
-4.928503185510635376e-02
-6.819082796573638916e-02
-2.660230174660682678e-02
-1.085939258337020874e-01
1.382469385862350464e-01
-1.580421328544616699e-01
-6.147650256752967834e-02
-3.343066945672035217e-02
7.159574329853057861e-02
5.496985837817192078e-02
-5.518309026956558228e-02
-1.811527013778686523e-01
1.917846053838729858e-01
-1.058893054723739624e-01
-4.382742568850517273e-02
-5.972407758235931396e-02
-4.869497194886207581e-02
-1.301828473806381226e-01
6.547713279724121094e-02
-5.464822426438331604e-02
-6.707198172807693481e-02
6.929218024015426636e-02
-3.136131539940834045e-02
8.861344307661056519e-02
-7.584731280803680420e-02
-2.956577539443969727e-01
-6.203420832753181458e-02
-7.819351553916931152e-02
-2.052052319049835205e-01
-2.094467133283615112e-01
-9.331561625003814697e-03
-4.702889546751976013e-02
-5.994181707501411438e-02
9.984022937715053558e-03
-1.565905362367630005e-01
-1.473444700241088867e-01
-2.025166712701320648e-02
-1.075524091720581055e-01
-8.801321685314178467e-02
-2.024267017841339111e-01
4.782919771969318390e-03
-1.653110980987548828e-01
5.141636356711387634e-02
-1.299970000982284546e-01
5.181782320141792297e-02
7.928100228309631348e-02
-2.804518118500709534e-02
-2.490410953760147095e-01
-1.781580448150634766e-01
3.944013267755508423e-02
-1.436874717473983765e-01
-8.672949671745300293e-02
-5.744865164160728455e-02
-1.750275492668151855e-01
1.678340137004852295e-02
-1.142713725566864014e-01
-5.512750893831253052e-02
-2.037180513143539429e-01
-1.647040545940399170e-01
-8.553569763898849487e-02
-1.398644298315048218e-01
-9.066419675946235657e-03
3.621711954474449158e-02
-9.625080227851867676e-02
-1.871269643306732178e-01
-1.072791293263435364e-01
-4.423193633556365967e-02
6.284487992525100708e-02
-1.213842034339904785e-01
-1.487722843885421753e-01
-1.170016229152679443e-01
1.267573684453964233e-01
-1.522500067949295044e-01
-4.191974177956581116e-02
-5.084475502371788025e-02
-4.368868470191955566e-02
-8.205163478851318359e-02
-1.298351734876632690e-01
-4.145774245262145996e-02
-7.494379580020904541e-02
-7.163657248020172119e-02
-1.072271317243576050e-01
-3.883924707770347595e-02
-1.119173988699913025e-01
1.156283095479011536e-01
1.205134242773056030e-01
-1.902936212718486786e-02
-5.714203417301177979e-02
6.554605811834335327e-02
-6.080166995525360107e-02
1.900647208094596863e-02
-6.941152364015579224e-02
-2.734639495611190796e-02
-4.119612649083137512e-02
1.259064972400665283e-01
7.323656231164932251e-02
-1.186741739511489868e-01
-4.156269878149032593e-02
-1.225363090634346008e-01
5.337018892168998718e-02
-1.579745262861251831e-01
-7.109259814023971558e-02
-7.158849388360977173e-02
-1.677848696708679199e-01
-6.705947965383529663e-02
-7.612778991460800171e-02
-1.385009139776229858e-01
-3.003472834825515747e-02
-9.659709036350250244e-02
-9.541136771440505981e-02
6.423851847648620605e-02
-8.094022423028945923e-02
-7.728467881679534912e-02
-1.038501858711242676e-01
-1.850432157516479492e-01
2.356335148215293884e-02
-8.209466934204101562e-02
-8.683691173791885376e-02
-1.546160578727722168e-01
-2.210718048445414752e-05
3.318838775157928467e-02
6.105982698500156403e-03
-1.343937516212463379e-01
-1.250202488154172897e-02
-1.058113798499107361e-01
-1.152321323752403259e-01
1.331813037395477295e-01
4.668984934687614441e-02
-6.876344233751296997e-02
-6.507883965969085693e-02
8.184515684843063354e-02
-9.832798689603805542e-02
-7.318098843097686768e-02
1.075299829244613647e-02
8.063998818397521973e-02
3.855083137750625610e-02
3.788936138153076172e-02
-7.891506701707839966e-02
2.430182136595249176e-02
-8.387385308742523193e-02
-7.914333045482635498e-02
-2.050367370247840881e-02
4.461158812046051025e-02
-1.701797246932983398e-01
-1.113152056932449341e-01
-1.625547707080841064e-01
-5.535448342561721802e-02
-6.118437275290489197e-02
-2.760589122772216797e-02
-6.021979078650474548e-02
9.524407237768173218e-02
-1.982920989394187927e-02
-3.163374587893486023e-02
-1.199717372655868530e-01
-1.703087426722049713e-02
-1.421227157115936279e-01
-1.676350831985473633e-01
-1.470496952533721924e-01
-1.986847259104251862e-02
3.910660371184349060e-02
-4.067607596516609192e-02
-1.181401759386062622e-01
-2.294196188449859619e-02
-6.677939090877771378e-03
3.935521468520164490e-02
5.550812184810638428e-02
-3.558628633618354797e-02
-1.325381100177764893e-01
-1.125272363424301147e-01
-1.031025797128677368e-01
-4.761189967393875122e-02
2.601814642548561096e-02
-1.287964731454849243e-01
1.270655635744333267e-02
5.203120410442352295e-02
2.389959990978240967e-01
-8.525815606117248535e-02
-7.027072459459304810e-02
-4.146463423967361450e-02
1.035217717289924622e-01
2.135028503835201263e-02
-1.242780089378356934e-01
-2.429284900426864624e-02
-2.534448169171810150e-02
-1.200123131275177002e-02
2.903489954769611359e-02
-5.020293965935707092e-02
2.968290820717811584e-02
-2.035782039165496826e-01
4.301275592297315598e-03
9.608215838670730591e-02
-5.466510728001594543e-02
-4.297106340527534485e-02
1.556994579732418060e-02
-1.124939918518066406e-01
-1.515335738658905029e-01
-1.103173345327377319e-01
1.719557866454124451e-02
-5.414108559489250183e-02
-9.085944294929504395e-02
-1.554517596960067749e-01
-6.557538360357284546e-02
-1.387243419885635376e-01
-1.079279780387878418e-01
9.053216129541397095e-02
4.558276850730180740e-03
-6.509649753570556641e-02
2.120219729840755463e-02
3.690420463681221008e-02
-4.398560151457786560e-02
-1.226920634508132935e-01
1.590227708220481873e-02
-1.976864337921142578e-01
1.646330952644348145e-02
7.698252052068710327e-02
-1.438929438591003418e-01
-1.269742995500564575e-01
-1.958568096160888672e-01
-1.457222849130630493e-01
-1.585442274808883667e-01
5.643114820122718811e-02
-3.748505562543869019e-02
-1.005442216992378235e-01
-3.053402155637741089e-02
-1.011887043714523315e-01
-5.543691292405128479e-02
-2.128832042217254639e-01
1.500005573034286499e-01
-1.028225943446159363e-01
-7.154853641986846924e-02
3.582607256248593330e-03
-4.048053547739982605e-02
-8.513342589139938354e-02
-5.619454011321067810e-02
2.670995891094207764e-02
1.362905371934175491e-02
-1.565150618553161621e-01
-1.002028286457061768e-01
-1.461539715528488159e-01
-1.785811334848403931e-01
-1.327935308218002319e-01
-6.901146471500396729e-02
4.399611055850982666e-02
-3.772402927279472351e-02
-9.288086742162704468e-02
-1.354510784149169922e-01
-9.980404283851385117e-04
-1.188332438468933105e-01
-1.532717049121856689e-01
-9.250346571207046509e-03
6.503269542008638382e-03
7.069918513298034668e-02
-1.183214969933032990e-02
-1.791240572929382324e-01
3.267915174365043640e-02
-2.145178765058517456e-01
-9.555924683809280396e-02
-1.885430067777633667e-01
-2.349686622619628906e-01
-9.860093146562576294e-02
-4.534763470292091370e-02
-5.151698365807533264e-02
-5.239774286746978760e-02
-2.766034565865993500e-02
1.129556819796562195e-01
-1.080100685358047485e-01
1.504317391663789749e-03
-1.890299767255783081e-01
-9.399186819791793823e-02
-1.168371587991714478e-01
-4.673712328076362610e-02
-6.647145003080368042e-02
-1.750981211662292480e-01
-1.775107085704803467e-01
-1.190140321850776672e-01
-4.163713753223419189e-02
4.294692724943161011e-02
-9.993402659893035889e-02
-1.574580222368240356e-01
1.765503436326980591e-01
-1.592651456594467163e-01
-4.821868240833282471e-02
-1.361339986324310303e-01
-9.092569351196289062e-02
-7.208736613392829895e-03
-9.570877999067306519e-03
-1.044201478362083435e-01
-1.171039491891860962e-01
-7.888855040073394775e-02
3.296319022774696350e-02
-1.162950247526168823e-01
-8.832805603742599487e-02
1.016497611999511719e-01
-1.681633852422237396e-02
-6.001986190676689148e-02
1.235279999673366547e-02
-2.987999655306339264e-02
-7.258829474449157715e-02
-5.873807519674301147e-02
-1.570573449134826660e-02
2.149960398674011230e-01
-1.528726369142532349e-01
-1.122087687253952026e-01
-9.666933119297027588e-02
-1.254139840602874756e-01
-1.214343532919883728e-01
2.204298824071884155e-01
-7.883568853139877319e-02
-8.403103798627853394e-02
-5.677387863397598267e-02
-1.447091847658157349e-01
-1.282107234001159668e-01
-1.036379039287567139e-01
-7.561864703893661499e-02
-7.987628877162933350e-02
-9.279887378215789795e-02
-2.202006801962852478e-02
-9.486665576696395874e-02
-4.479670152068138123e-02
1.612412035465240479e-01
-1.955150216817855835e-01
8.287210762500762939e-02
-6.688140332698822021e-02
-1.430054008960723877e-01
-7.143479585647583008e-02
5.219887476414442062e-03
-7.390299439430236816e-02
-1.839189976453781128e-01
-8.399859070777893066e-02
-2.044112086296081543e-01
-2.146939933300018311e-02
5.390486121177673340e-02
-2.101658880710601807e-01
-3.218661993741989136e-02
-9.417472779750823975e-02
7.877867668867111206e-02
-2.280967868864536285e-02
-6.662461091764271259e-04
1.337164267897605896e-02
-1.848226487636566162e-01
-7.570487447082996368e-03
-6.761541962623596191e-02
-1.090011075139045715e-01
-1.012682169675827026e-01
-6.311953067779541016e-02
-3.774930164217948914e-02
-7.619469612836837769e-02
2.975770272314548492e-02
-1.384516656398773193e-01
-2.488811463117599487e-01
-4.405426979064941406e-02
2.664947183802723885e-03
-7.969652861356735229e-02
-1.384682655334472656e-01
-2.209706157445907593e-01
-5.026864260435104370e-02
-6.840315461158752441e-02
-1.318319141864776611e-01
-1.277430057525634766e-01
-7.418219000101089478e-02
-2.330447174608707428e-02
3.918031230568885803e-02
1.789634674787521362e-01
-1.211973577737808228e-01
-8.933189511299133301e-02
-8.485830575227737427e-02
1.171996630728244781e-02
-6.534489989280700684e-02
1.747261546552181244e-02
6.453531235456466675e-02
-2.993166074156761169e-02
-1.368679404258728027e-01
-1.516287494450807571e-02
-1.834880113601684570e-01
-4.302773624658584595e-02
9.125342965126037598e-02
-4.497414920479059219e-03
-9.362350404262542725e-02
-1.951885223388671875e-01
-1.132468059659004211e-01
-9.911460429430007935e-02
-3.390088304877281189e-02
-1.034295111894607544e-01
-5.138363316655158997e-02
-8.801036328077316284e-02
-6.937429308891296387e-02
-3.770178183913230896e-02
-1.052804961800575256e-01
1.531973108649253845e-02
7.725206017494201660e-02
-1.061721965670585632e-01
-2.291753701865673065e-02
7.032607216387987137e-03
-8.192954957485198975e-02
-8.021698892116546631e-02
-9.053178131580352783e-03
-1.056846752762794495e-01
-2.195749133825302124e-01
-4.010046832263469696e-03
1.024511735886335373e-02
-2.864675363525748253e-03
-6.521748751401901245e-02
3.218826279044151306e-02
-8.552595973014831543e-02
-2.962437644600868225e-02
-1.459708362817764282e-01
-2.093281149864196777e-01
1.096035838127136230e-01
-1.482397615909576416e-01
-1.107450723648071289e-01
-1.810501813888549805e-01
8.948278427124023438e-02
-9.613282978534698486e-02
-9.790682047605514526e-02
-1.229735091328620911e-01
-2.713177502155303955e-01
-1.376891732215881348e-01
-3.288346901535987854e-02
-1.594646833837032318e-02
-9.647071361541748047e-03
-5.891138315200805664e-02
-1.050651744008064270e-01
-6.760247796773910522e-02
-1.259947866201400757e-01
-1.257336735725402832e-01
-4.023515805602073669e-02
1.025007292628288269e-02
-6.592561304569244385e-02
-9.777101874351501465e-02
-6.778592616319656372e-02
-6.508217751979827881e-02
3.844654932618141174e-02
8.165447413921356201e-02
-9.276589006185531616e-02
-9.505745768547058105e-02
6.125890091061592102e-02
-8.781794458627700806e-02
-4.091504588723182678e-02
-1.467053890228271484e-01
1.422930322587490082e-02
-1.671940088272094727e-02
-9.043391048908233643e-02
-9.108258038759231567e-02
-1.695700921118259430e-02
7.763475924730300903e-02
-1.888852715492248535e-01
-1.149206459522247314e-01
-3.274784609675407410e-02
-5.020508915185928345e-02
-1.248209178447723389e-01
2.789708320051431656e-03
-1.606889665126800537e-01
-2.616889402270317078e-02
-1.663936823606491089e-01
-1.750767044723033905e-02
-2.259835042059421539e-02
8.257452398538589478e-02
-1.702691018581390381e-01
-7.423547655344009399e-02
-1.008125171065330505e-01
1.326937824487686157e-01
6.337647140026092529e-02
7.281433045864105225e-02
-1.096729338169097900e-01
8.690124005079269409e-02
-3.513723239302635193e-02
-1.708612032234668732e-02
-1.653136014938354492e-01
-4.643056914210319519e-02
5.360880121588706970e-02
-7.598475366830825806e-02
-2.742753550410270691e-02
7.083396613597869873e-02
-9.453748166561126709e-02
6.348759680986404419e-02
-6.931398063898086548e-02
-3.872425109148025513e-02
-1.876586824655532837e-01
-1.466201990842819214e-01
-3.154699876904487610e-02
3.300474584102630615e-02
-6.972070038318634033e-02
5.609658733010292053e-02
9.664826095104217529e-02
-1.082614883780479431e-01
-3.844258561730384827e-02
-1.085033565759658813e-01
1.300214789807796478e-02
-4.661364480853080750e-02
-1.137636974453926086e-02
1.756013929843902588e-01
-1.019483804702758789e-01
-1.130091324448585510e-01
-3.814798314124345779e-03
-7.457831501960754395e-02
-1.455908715724945068e-01
-4.846713691949844360e-02
-9.734277427196502686e-02
-1.785723417997360229e-01
8.964391052722930908e-02
-1.238597333431243896e-01
-1.353544890880584717e-01
-6.208628788590431213e-02
3.470639511942863464e-02
-4.776813834905624390e-02
-2.022907510399818420e-02
1.950819939374923706e-01
3.641230612993240356e-02
-5.758864805102348328e-03
-5.852439999580383301e-02
-1.087188646197319031e-01
-1.812755167484283447e-01
-9.135326743125915527e-02
-1.772321462631225586e-01
-9.717541933059692383e-02
-5.794523656368255615e-02
-1.273778825998306274e-01
3.166822716593742371e-02
1.286827623844146729e-01
-1.454906314611434937e-01
1.047065034508705139e-01
-6.439229846000671387e-02
-2.432835660874843597e-02
1.227056887000799179e-02
-1.101198866963386536e-01
-2.183198928833007812e-02
-6.610347330570220947e-02
-8.244812488555908203e-02
-1.058860644698143005e-01
-1.348193436861038208e-01
-3.355543315410614014e-02
-1.009277179837226868e-01
-6.318545341491699219e-02
-1.021544262766838074e-01
-7.704128324985504150e-02
-1.628466397523880005e-01
-6.563147157430648804e-02
-1.138666570186614990e-01
-1.842761933803558350e-01
-7.383300364017486572e-02
-1.913595646619796753e-01
-1.267227232456207275e-01
-5.790045484900474548e-02
-4.919816926121711731e-02
5.574829503893852234e-02
-1.582914292812347412e-01
-1.090741753578186035e-01
3.080568090081214905e-02
-1.430813223123550415e-02
-7.317826151847839355e-02
2.536918409168720245e-02
-1.023753196932375431e-03
4.907354712486267090e-02
-1.802072227001190186e-01
-5.864639207720756531e-02
-2.310590744018554688e-01
-8.536215126514434814e-02
-5.683521926403045654e-02
-7.399851083755493164e-02
-5.950481072068214417e-02
-1.717640832066535950e-02
8.693850599229335785e-03
-1.244200170040130615e-01
-6.018146499991416931e-02
-3.780651092529296875e-02
-4.784104973077774048e-02
-1.890069842338562012e-01
-1.020568050444126129e-02
5.289321392774581909e-02
-3.244179859757423401e-02
-7.733722776174545288e-02
-8.422483503818511963e-02
-1.074560955166816711e-01
-2.758400747552514076e-03
-3.240913525223731995e-02
-1.663960814476013184e-01
-9.246055781841278076e-02
-1.058045104146003723e-01
-1.527673378586769104e-02
-3.503339365124702454e-02
1.214989349246025085e-01
-1.390924304723739624e-01
1.443387567996978760e-02
1.033013164997100830e-01
1.763346232473850250e-02
5.338393617421388626e-03
-1.105843260884284973e-01
-2.015819251537322998e-01
-1.335347294807434082e-01
1.297337263822555542e-01
9.090816974639892578e-02
-1.196070238947868347e-01
-8.887024968862533569e-02
-2.087102457880973816e-02
-2.786653488874435425e-02
-1.614244133234024048e-01
-3.455045819282531738e-02
4.230687022209167480e-02
-1.186212077736854553e-01
-3.643225133419036865e-02
5.650998558849096298e-03
-3.987458720803260803e-02
8.018557913601398468e-03
-6.658393144607543945e-02
-1.259290575981140137e-01
8.716817200183868408e-02
-1.514219641685485840e-01
-2.604667469859123230e-02
-9.507846087217330933e-02
-3.845997899770736694e-02
-1.455733180046081543e-01
-1.038646548986434937e-01
3.787137940526008606e-02
1.270252913236618042e-01
-1.217197105288505554e-01
-1.224827989935874939e-01
1.083425432443618774e-02
1.556410174816846848e-02
-9.980367869138717651e-02
1.349356258288025856e-03
1.543127745389938354e-01
3.607492148876190186e-02
-2.008815556764602661e-01
-9.507849067449569702e-02
-2.925057336688041687e-02
-7.515299320220947266e-02
6.948717683553695679e-02
-3.265638276934623718e-02
-5.319416895508766174e-02
-1.254347562789916992e-01
-7.931077480316162109e-02
-5.364695563912391663e-02
-5.368848890066146851e-02
-6.991289556026458740e-02
-3.692534565925598145e-02
-1.826168037950992584e-02
-4.916729405522346497e-02
-1.797834932804107666e-01
6.389740854501724243e-02
-1.520855445414781570e-02
-1.238460280001163483e-02
-7.108500599861145020e-02
3.276543319225311279e-02
-9.348264336585998535e-02
-4.445471987128257751e-02
-1.848223358392715454e-01
-8.653663843870162964e-02
-1.476576626300811768e-01
-1.141750961542129517e-01
3.438442200422286987e-02
-8.705207705497741699e-02
5.343826860189437866e-02
-1.732674837112426758e-01
-1.934082806110382080e-01
-1.109024602919816971e-02
-6.031097099184989929e-02
-5.176307633519172668e-02
-3.959549218416213989e-02
-1.572562009096145630e-01
-3.784972056746482849e-02
-1.509930044412612915e-01
-1.579036265611648560e-01
-7.954612374305725098e-02
6.359305977821350098e-02
-8.066458627581596375e-03
-4.890866111963987350e-03
-9.929153323173522949e-02
-1.724588871002197266e-01
-6.006849464029073715e-03
-1.519414782524108887e-01
-1.557298153638839722e-01
-1.665163934230804443e-01
5.351343005895614624e-02
5.861806496977806091e-02
1.140909045934677124e-01
-3.590892627835273743e-02
-5.882327444851398468e-03
-1.158979237079620361e-01
-1.429175734519958496e-01
-1.037030145525932312e-01
-6.309998780488967896e-02
1.839755848050117493e-02
1.061018034815788269e-01
-2.001859992742538452e-01
-1.195920258760452271e-01
-8.911070227622985840e-02
4.529411345720291138e-02
6.526168901473283768e-03
-1.566150337457656860e-01
-1.032858937978744507e-01
-4.440227523446083069e-02
-5.670184642076492310e-02
5.828011780977249146e-02
5.868383124470710754e-02
-1.854860335588455200e-01
-1.596597731113433838e-01
-6.032724305987358093e-02
4.386823251843452454e-02
-1.698139682412147522e-02
3.637441899627447128e-03
-3.433860838413238525e-02
-7.876021414995193481e-02
3.010017611086368561e-02
-4.865324869751930237e-02
-1.909463554620742798e-01
-1.158539131283760071e-01
-8.231372386217117310e-02
-2.295829802751541138e-01
-9.264421463012695312e-02
1.720155477523803711e-01
2.170334197580814362e-02
-1.394446939229965210e-01
-6.321737170219421387e-02
2.667792327702045441e-02
-1.071340665221214294e-01
-2.926059812307357788e-02
-9.720721095800399780e-02
-7.078841328620910645e-02
-7.283753156661987305e-02
-5.770747549831867218e-03
-5.635363236069679260e-02
-5.414184927940368652e-02
-9.485226124525070190e-03
-5.803593993186950684e-02
-1.645436137914657593e-02
-5.484359804540872574e-03
-2.697264589369297028e-02
-8.561558276414871216e-02
1.001331061124801636e-01
2.464930713176727295e-02
4.307704791426658630e-02
-8.083478361368179321e-02
-9.206157922744750977e-02
-1.062211841344833374e-01
-1.201632060110569000e-02
-1.198889315128326416e-01
-1.498855799436569214e-01
-9.322348982095718384e-02
1.471682041883468628e-01
5.889861285686492920e-02
-3.939003869891166687e-02
-5.876139551401138306e-02
1.407950073480606079e-01
-8.173927664756774902e-02
-1.281420588493347168e-01
-9.992878139019012451e-02
-1.782016828656196594e-02
-2.183593623340129852e-02
-8.072382211685180664e-02
6.404726952314376831e-02
5.191467329859733582e-02
-6.842906773090362549e-02
-1.431100815534591675e-01
-6.353218108415603638e-02
-1.567604392766952515e-01
-1.152296364307403564e-01
-1.203624755144119263e-01
9.508419781923294067e-03
-2.163292169570922852e-01
-5.697825178503990173e-02
1.672210395336151123e-01
-2.840620093047618866e-02
-1.448651403188705444e-01
-8.229753933846950531e-03
-1.991361938416957855e-02
4.016084969043731689e-02
-9.886113554239273071e-02
-1.674445271492004395e-01
-1.223426610231399536e-01
-1.090499535202980042e-01
1.331511139869689941e-02
3.471036255359649658e-02
-1.250663548707962036e-01
-1.027645096182823181e-01
-6.340008974075317383e-02
3.339994698762893677e-02
4.203405231237411499e-02
-1.470357030630111694e-01
-1.267533600330352783e-01
-9.642232954502105713e-02
-1.621242612600326538e-01
1.751314289867877960e-02
-4.116160422563552856e-02
-5.503109470009803772e-02
-5.400551855564117432e-02
-4.995476454496383667e-02
-8.244436979293823242e-02
-1.089971810579299927e-01
-8.060933649539947510e-02
-1.463012546300888062e-01
-3.696469217538833618e-02
-6.352990120649337769e-02
-2.967390418052673340e-02
-1.165546849370002747e-01
-1.385226398706436157e-01
1.436831708997488022e-02
-1.938415458425879478e-03
-1.119051054120063782e-01
-3.073410503566265106e-02
-1.271190643310546875e-01
-1.206265911459922791e-01
1.989947864785790443e-03
-7.354480028152465820e-02
-1.758835166692733765e-01
-4.286019504070281982e-02
-1.325260549783706665e-01
-4.548676311969757080e-02
6.861211359500885010e-02
-3.574180230498313904e-02
-1.575194448232650757e-01
-5.821900442242622375e-02
3.832593560218811035e-02
-6.055558100342750549e-02
-1.255488991737365723e-01
-1.933053508400917053e-02
-4.852407053112983704e-02
-2.675853203982114792e-03
-2.128522843122482300e-02
-5.412085354328155518e-02
1.582456007599830627e-02
2.106693200767040253e-02
1.649386249482631683e-02
-6.710004806518554688e-02
-3.885312005877494812e-02
7.755015045404434204e-02
-1.784133911132812500e-01
-5.559402331709861755e-02
-4.847660288214683533e-02
-2.863234840333461761e-02
-4.210857301950454712e-02
-6.007381156086921692e-02
-1.402846872806549072e-01
1.087753772735595703e-01
-8.080494403839111328e-02
3.623683750629425049e-02
2.967401221394538879e-02
1.280207037925720215e-01
-1.336269378662109375e-01
-7.252126187086105347e-02
-9.963022172451019287e-02
-1.118142083287239075e-01
-9.226014465093612671e-02
-8.460365235805511475e-02
-1.346065551042556763e-01
-1.801938936114311218e-02
4.584705829620361328e-02
-1.915211826562881470e-01
-6.835415959358215332e-02
-1.305304318666458130e-01
-6.114127859473228455e-02
-2.451905608177185059e-02
-1.175895631313323975e-01
6.486223638057708740e-02
-1.406740993261337280e-01
-7.983089983463287354e-02
8.546202629804611206e-02
1.697676815092563629e-02
-1.142072230577468872e-01
1.053639352321624756e-01
1.211818829178810120e-01
-7.982545346021652222e-02
-1.118742227554321289e-01
-3.345666825771331787e-02
-1.088055819272994995e-01
4.751012474298477173e-02
-1.070098392665386200e-02
-2.814213931560516357e-02
1.186313778162002563e-01
-2.555204369127750397e-02
-2.531778067350387573e-02
-8.447150141000747681e-02
8.764286339282989502e-02
-7.160769402980804443e-02
-1.124621331691741943e-01
1.784354448318481445e-02
-6.054790318012237549e-02
-1.003378927707672119e-01
-5.572926253080368042e-02
-5.427150428295135498e-02
-3.558875992894172668e-02
-7.496501319110393524e-03
1.746251992881298065e-02
-1.016020476818084717e-01
5.296645313501358032e-02
8.393619209527969360e-02
-1.939479112625122070e-01
-3.609372302889823914e-02
-5.218827351927757263e-02
-3.661761060357093811e-02
1.145909205079078674e-01
-5.948919430375099182e-02
-4.962991178035736084e-02
2.767933905124664307e-02
-1.469445601105690002e-02
-2.050106674432754517e-01
-4.012705758213996887e-02
-6.160444580018520355e-03
-1.324272602796554565e-01
2.009492181241512299e-02
5.899922922253608704e-02
5.883735418319702148e-02
-3.584873303771018982e-02
-1.214391831308603287e-02
-3.248768672347068787e-02
-4.370926693081855774e-02
-1.847009919583797455e-02
-1.252962742000818253e-02
-6.281092017889022827e-02
-7.872726023197174072e-02
-1.080280914902687073e-01
-8.287297934293746948e-02
-4.855090379714965820e-02
3.648123890161514282e-02
1.361041218042373657e-01
6.500458717346191406e-02
-9.736347198486328125e-02
-3.370364382863044739e-02
6.917219609022140503e-02
-1.711742430925369263e-01
-2.167231589555740356e-02
-8.843799680471420288e-02
1.068958954419940710e-04
1.320043206214904785e-01
7.040450582280755043e-04
9.716190397739410400e-03
-9.797862917184829712e-02
-4.710303619503974915e-02
1.146540194749832153e-01
-5.711974203586578369e-02
-1.074529439210891724e-02
-1.372165977954864502e-01
-5.433506891131401062e-02
-8.284312486648559570e-02
3.407134860754013062e-02
-4.886820167303085327e-02
-9.098231047391891479e-02
-1.127651985734701157e-02
-8.666650950908660889e-02
-1.252939403057098389e-01
2.441469579935073853e-02
-5.463486909866333008e-02
3.158529102802276611e-02
1.868718713521957397e-01
2.270527370274066925e-02
8.211019635200500488e-02
1.733683049678802490e-02
-5.081079527735710144e-02
-9.835746884346008301e-02
5.874923896044492722e-03
5.920414254069328308e-02
-8.427156135439872742e-03
-2.697636559605598450e-02
4.631685558706521988e-03
1.277764607220888138e-02
-9.167481213808059692e-03
-1.665158569812774658e-02
-5.956965312361717224e-02
-7.578760385513305664e-02
-2.320492640137672424e-02
1.664623320102691650e-01
9.983871132135391235e-03
-7.597982138395309448e-02
-3.922791406512260437e-02
4.254419822245836258e-03
-4.508912190794944763e-02
-1.068055536597967148e-02
-1.006806045770645142e-01
1.137249246239662170e-01
-1.356207020580768585e-02
1.286771744489669800e-01
-4.400781821459531784e-03
-1.804472953081130981e-01
-1.261155456304550171e-01
2.322917617857456207e-02
1.304581314325332642e-01
-1.453317254781723022e-01
-1.436858922243118286e-01
-1.244647987186908722e-02
8.252298086881637573e-02
9.561374038457870483e-02
-1.287391483783721924e-01
-7.506375014781951904e-02
4.094694554805755615e-02
9.618144482374191284e-02
-2.818611077964305878e-02
6.493058800697326660e-02
-9.324626624584197998e-02
-1.602569594979286194e-02
7.256554067134857178e-02
-1.449443250894546509e-01
5.198224261403083801e-02
4.342768713831901550e-02
3.817413747310638428e-02
-4.453361406922340393e-02
-7.037156075239181519e-02
7.834991812705993652e-02
-9.623629599809646606e-02
2.851752191781997681e-02
4.844751209020614624e-02
-3.790064656641334295e-04
1.318766269832849503e-02
-8.450146764516830444e-02
-2.875827951356768608e-03
1.110745146870613098e-01
1.095501631498336792e-01
1.457733511924743652e-01
-1.693606935441493988e-02
-3.518354520201683044e-02
-5.952446535229682922e-02
-7.061441242694854736e-02
-8.064340054988861084e-02
-1.187794432044029236e-01
9.988698363304138184e-02
-2.492488361895084381e-02
-1.114059239625930786e-01
-6.576035916805267334e-02
1.279649697244167328e-02
7.204346358776092529e-02
-7.641786336898803711e-02
-8.875308930873870850e-02
2.789000794291496277e-02
-1.066830605268478394e-01
-2.187374606728553772e-02
6.672284007072448730e-02
-1.551724821329116821e-01
-5.375961586833000183e-02
-8.647674322128295898e-02
5.748607218265533447e-02
-3.653473407030105591e-02
-5.616569891571998596e-02
-4.426565952599048615e-03
3.442517295479774475e-02
4.224877059459686279e-02
-2.570323646068572998e-02
-4.865773394703865051e-02
8.762149512767791748e-02
8.943853899836540222e-03
4.350665956735610962e-02
1.461343169212341309e-01
-9.121736139059066772e-02
-7.346054911613464355e-02
-6.163169443607330322e-02
-1.095161810517311096e-01
-1.001711040735244751e-01
6.040328647941350937e-03
2.356364578008651733e-02
-6.164168938994407654e-02
1.272240281105041504e-01
-6.653631478548049927e-02
-7.169461250305175781e-02
-5.263869464397430420e-02
-2.310163900256156921e-02
-1.014481782913208008e-01
4.154780763201415539e-04
7.018031924962997437e-02
-1.274669319391250610e-01
1.643617749214172363e-01
-9.677509963512420654e-02
-1.202676445245742798e-01
1.568461395800113678e-02
-1.077834665775299072e-01
-5.298741906881332397e-02
-7.551202923059463501e-02
-7.536528259515762329e-02
9.306327253580093384e-02
5.449271574616432190e-02
1.177396625280380249e-01
-1.592484563589096069e-01
-7.291571237146854401e-03
-5.604351684451103210e-02
1.112223416566848755e-01
-7.010072004050016403e-03
3.646276891231536865e-02
-3.518073633313179016e-02
5.434920638799667358e-02
6.646880507469177246e-02
2.733927592635154724e-02
-1.077394783496856689e-01
-1.299631297588348389e-01
-9.225444495677947998e-02
-7.587125897407531738e-02
-1.077474057674407959e-01
-1.449414640665054321e-01
-8.740101754665374756e-02
-1.649720072746276855e-01
-8.818177133798599243e-02
3.325342014431953430e-02
1.219627037644386292e-01
1.886744797229766846e-02
-1.596480980515480042e-02
-1.202723905444145203e-01
1.704721152782440186e-02
-9.245732426643371582e-02
1.080893501639366150e-01
-8.343738317489624023e-02
7.803083211183547974e-02
-6.000669673085212708e-02
-6.595969200134277344e-02
1.029178798198699951e-01
6.144720315933227539e-02
2.466862834990024567e-02
-1.852508485317230225e-01
-1.022966206073760986e-01
-8.195590227842330933e-02
4.850351251661777496e-03
-1.123636141419410706e-01
-4.637016728520393372e-02
1.333921402692794800e-01
-5.988109856843948364e-03
-2.292616106569766998e-02
2.707863040268421173e-02
-3.884796798229217529e-02
-2.144182100892066956e-02
-1.471582204103469849e-01
2.631139941513538361e-03
6.629636138677597046e-02
-1.835907250642776489e-02
1.358665525913238525e-02
-8.001405745744705200e-03
-1.063828691840171814e-01
7.896104454994201660e-02
-1.986765861511230469e-02
9.016829542815685272e-03
1.187524721026420593e-01
-1.106327846646308899e-01
7.692106813192367554e-02
3.131017833948135376e-02
-6.462305784225463867e-02
-4.873047769069671631e-02
-3.555496037006378174e-02
-4.716989025473594666e-02
-1.365842670202255249e-01
-1.788926124572753906e-01
1.235772520303726196e-01
-5.581709370017051697e-02
8.059131354093551636e-02
2.772732637822628021e-03
-5.299859121441841125e-02
3.515081014484167099e-03
-1.522855367511510849e-02
-1.563918590545654297e-01
-5.203706026077270508e-02
-5.063879489898681641e-02
-7.047585397958755493e-02
1.380055248737335205e-01
-6.746025383472442627e-02
-1.096162572503089905e-01
2.188365161418914795e-02
-6.480381637811660767e-02
6.516613811254501343e-02
1.782839000225067139e-02
-1.668798029422760010e-01
-1.167210787534713745e-01
-1.463665217161178589e-01
-1.059317514300346375e-01
-3.611245751380920410e-02
-5.041813850402832031e-02
-9.905678778886795044e-02
-5.052391439676284790e-02
-7.378741353750228882e-02
-1.086764335632324219e-01
1.489130258560180664e-01
-3.092452511191368103e-02
-1.907147765159606934e-01
4.497770220041275024e-02
-1.005578935146331787e-01
7.461417466402053833e-02
-5.768139660358428955e-02
-1.638513803482055664e-02
-3.796861320734024048e-02
-5.604139715433120728e-02
1.307590119540691376e-02
-1.064317524433135986e-01
-4.334025084972381592e-02
7.021595537662506104e-02
-9.973248094320297241e-02
-1.870193891227245331e-02
4.020321648567914963e-03
-9.673301130533218384e-02
1.252059638500213623e-01
-2.066153287887573242e-02
-6.200978159904479980e-02
1.452539712190628052e-01
-1.046513542532920837e-01
1.849705278873443604e-01
7.116220146417617798e-02
-9.054352343082427979e-02
9.063012152910232544e-02
-8.505023270845413208e-02
-5.741047859191894531e-02
1.758081465959548950e-02
-1.483867019414901733e-01
3.933535516262054443e-02
-1.600685715675354004e-01
3.780945390462875366e-02
-2.441824600100517273e-02
-1.316778957843780518e-01
1.691139303147792816e-02
6.276625394821166992e-02
1.031921729445457458e-01
3.114376403391361237e-02
-2.397585101425647736e-02
-1.226986572146415710e-01
-1.102474927902221680e-01
-1.087438315153121948e-01
1.584814190864562988e-01
1.449872460216283798e-02
-6.713693588972091675e-02
1.659867465496063232e-01
3.230439499020576477e-02
-2.725515328347682953e-02
-5.387647077441215515e-02
6.534384191036224365e-02
-1.499011926352977753e-02
-4.608274996280670166e-02
6.324575841426849365e-02
-1.682828515768051147e-01
-3.198901191353797913e-02
-1.167944744229316711e-01
2.853424847126007080e-02
-7.492721825838088989e-02
-8.895935863256454468e-02
-2.320970594882965088e-02
-7.295072544366121292e-03
1.966891437768936157e-02
-1.551418900489807129e-01
-5.406391620635986328e-02
4.465918987989425659e-02
-5.965564772486686707e-02
-1.819770038127899170e-02
-7.888687402009963989e-02
3.131696954369544983e-02
6.985165178775787354e-02
-6.749799102544784546e-02
-1.146505698561668396e-01
-3.915553167462348938e-02
7.619591057300567627e-02
4.635775089263916016e-02
-1.029598861932754517e-01
2.072076052427291870e-01
-1.904134266078472137e-02
-5.720723047852516174e-02
1.265029050409793854e-02
-7.770686596632003784e-02
-6.769585888832807541e-03
-9.096530079841613770e-02
-1.452389061450958252e-01
7.468946743756532669e-03
6.095638871192932129e-02
1.704969108104705811e-01
-1.942127496004104614e-01
-6.395154446363449097e-02
-6.157922372221946716e-02
-1.059749349951744080e-01
1.523661054670810699e-02
-8.187087625265121460e-02
-4.443625360727310181e-02
-1.700390577316284180e-01
-1.036890149116516113e-01
-9.302525222301483154e-02
-3.135015815496444702e-02
-1.093536242842674255e-01
-3.303388506174087524e-02
1.843432635068893433e-01
1.117893904447555542e-01
1.354495622217655182e-02
4.188707098364830017e-02
1.303018350154161453e-02
-2.392852865159511566e-02
-8.212090283632278442e-02
3.216248704120516777e-03
-2.124257385730743408e-02
-6.483212113380432129e-02
6.983137130737304688e-02
-1.083589252084493637e-02
-2.946605160832405090e-02
-1.156582236289978027e-01
-4.057829454541206360e-02
-9.028362482786178589e-02
9.905609767884016037e-04
3.153733909130096436e-02
-3.727312386035919189e-02
-1.928455568850040436e-02
7.196170091629028320e-02
-1.471121888607740402e-02
1.238760203123092651e-01
7.179239764809608459e-03
-3.340139612555503845e-02
-9.230317175388336182e-02
-7.704010605812072754e-02
-4.625865444540977478e-02
3.132699057459831238e-02
1.665614098310470581e-01
-8.611311018466949463e-02
-1.177939027547836304e-01
-9.472662210464477539e-02
-9.885216504335403442e-02
-7.131227105855941772e-02
7.786110043525695801e-02
1.494705080986022949e-01
-1.009136438369750977e-01
5.725684389472007751e-02
8.435274474322795868e-03
-1.430517733097076416e-01
-3.801209479570388794e-02
-4.649616777896881104e-02
-4.457483068108558655e-02
-2.144866622984409332e-03
-1.126905158162117004e-01
-4.951068758964538574e-02
-1.276413053274154663e-01
-8.738259226083755493e-02
-1.098654493689537048e-01
-1.678639203310012817e-01
4.544246196746826172e-02
-1.018421947956085205e-01
-1.576336286962032318e-02
5.447522550821304321e-02
1.557632684707641602e-01
-1.282389927655458450e-02
-8.566281199455261230e-02
8.474427461624145508e-02
1.070192083716392517e-01
-5.215172842144966125e-02
-1.020701676607131958e-01
3.139722160995006561e-03
9.208328276872634888e-02
2.630779519677162170e-03
-1.022550165653228760e-01
-6.056037545204162598e-02
-6.122925505042076111e-02
-2.807574905455112457e-02
-8.561517298221588135e-02
-1.493784599006175995e-02
5.848342552781105042e-02
-1.653368622064590454e-01
-7.913873344659805298e-02
3.053263202309608459e-02
8.571416139602661133e-02
-1.459621489048004150e-01
-1.459405571222305298e-01
2.959185279905796051e-02
-2.475420199334621429e-02
-1.145276278257369995e-01
6.511912494897842407e-02
8.560973405838012695e-02
-9.817423671483993530e-02
8.219023793935775757e-02
-2.396335080265998840e-02
-4.008529707789421082e-02
-1.606938689947128296e-01
-8.484068512916564941e-02
9.665808081626892090e-02
1.251721978187561035e-01
6.136931106448173523e-02
-1.894540935754776001e-01
-8.146713487803936005e-03
-7.846444100141525269e-02
-8.370620012283325195e-02
-1.283170878887176514e-01
1.557811349630355835e-01
-6.374856829643249512e-02
-4.096109792590141296e-02
-1.296135485172271729e-01
-1.592109166085720062e-02
1.538186967372894287e-01
-2.832214161753654480e-02
1.484899371862411499e-01
6.255211681127548218e-02
-5.173102766275405884e-02
-4.840483143925666809e-02
1.038085669279098511e-01
-6.728368252515792847e-02
-5.094639956951141357e-03
1.696257852017879486e-02
9.543544799089431763e-02
-1.367246061563491821e-01
-1.346709579229354858e-01
6.746207177639007568e-02
-8.419079706072807312e-03
-1.359664499759674072e-01
-6.438044458627700806e-02
8.564735203981399536e-02
-7.518497109413146973e-02
1.380524337291717529e-01
2.129779011011123657e-02
-8.389228582382202148e-02
1.236619278788566589e-01
-1.817356981337070465e-02
7.473893463611602783e-02
-2.415834926068782806e-02
-5.277599673718214035e-03
-1.211579740047454834e-01
-4.607155546545982361e-02
2.762337774038314819e-02
-4.215838853269815445e-03
1.848586797714233398e-01
1.139793395996093750e-01
-2.314671315252780914e-02
-1.075593456625938416e-01
1.063778623938560486e-01
4.465227574110031128e-02
-6.059519201517105103e-02
5.895755812525749207e-02
-6.531502306461334229e-02
1.569872945547103882e-01
1.528515517711639404e-01
-5.702459439635276794e-02
-5.915235728025436401e-02
-6.955320388078689575e-02
1.703232713043689728e-02
1.417004019021987915e-01
-1.160523295402526855e-01
-2.567351981997489929e-02
-2.084648003801703453e-03
-1.062172800302505493e-01
6.873397529125213623e-02
3.423525765538215637e-02
-1.395993530750274658e-01
2.149403467774391174e-02
-7.066609803587198257e-03
-1.146869454532861710e-02
-6.187454238533973694e-02
-2.830619923770427704e-03
2.933807298541069031e-02
-6.467016041278839111e-02
-3.510002279654145241e-04
-6.895858049392700195e-02
-3.514065174385905266e-03
-1.246949657797813416e-02
-1.175705268979072571e-01
-3.407676517963409424e-02
-6.051597371697425842e-02
-7.807235419750213623e-02
-1.866911798715591431e-01
1.320824474096298218e-01
-5.100559443235397339e-03
1.085991039872169495e-01
1.376932412385940552e-01
-1.270472705364227295e-01
8.301166445016860962e-02
-6.248390302062034607e-02
-1.158235967159271240e-02
5.669039487838745117e-02
7.303462177515029907e-02
1.411445159465074539e-02
1.252309530973434448e-01
-3.455908969044685364e-02
-1.698424816131591797e-01
-5.779369175434112549e-02
-6.869929842650890350e-03
7.038015872240066528e-02
6.292017549276351929e-02
-8.254089951515197754e-02
-4.540766403079032898e-02
9.859591722488403320e-03
-1.213372349739074707e-01
4.380406811833381653e-02
-1.264516916126012802e-02
-9.161380678415298462e-02
1.996188312768936157e-01
2.250849269330501556e-02
-3.015421889722347260e-02
-1.617825403809547424e-02
6.383434683084487915e-02
4.271669313311576843e-02
1.261225789785385132e-01
-1.009375527501106262e-01
-1.196849048137664795e-01
-1.574784070253372192e-01
7.293536514043807983e-02
3.216523677110671997e-02
-2.972579188644886017e-02
1.821003668010234833e-02
5.678607150912284851e-02
8.603733731433749199e-04
-2.207322977483272552e-02
2.572440728545188904e-02
-4.916496574878692627e-03
5.081516131758689880e-02
6.649661064147949219e-02
-8.526413887739181519e-02
1.580878198146820068e-01
1.324123591184616089e-01
-1.849953383207321167e-01
3.024299256503582001e-02
2.178191989660263062e-01
-1.327908188104629517e-01
-3.971333429217338562e-02
-5.195842310786247253e-02
-1.238480955362319946e-01
5.128011479973793030e-02
-7.811334729194641113e-02
5.489918962121009827e-02
-1.057052722899243236e-04
-2.539788559079170227e-02
-6.646810472011566162e-02
-1.268028914928436279e-01
5.070106685161590576e-02
7.890907675027847290e-02
2.926707826554775238e-02
1.445064991712570190e-01
3.454864025115966797e-02
8.774071931838989258e-03
-5.297959316521883011e-03
1.344074308872222900e-01
-4.237256199121475220e-02
-1.029849890619516373e-02
4.061150364577770233e-03
-5.271461978554725647e-02
-1.539899036288261414e-02
-1.379901170730590820e-01
1.166230142116546631e-01
-5.176817998290061951e-02
4.499459173530340195e-03
4.131053108721971512e-03
-4.730083048343658447e-02
-1.687825843691825867e-02
3.451655805110931396e-02
-2.969671413302421570e-02
8.788815140724182129e-02
8.202174305915832520e-02
1.075744777917861938e-01
-5.199121683835983276e-02
5.577611550688743591e-02
-3.410507366061210632e-02
1.089689433574676514e-01
2.587525360286235809e-02
1.180481910705566406e-01
5.716167762875556946e-02
1.689595580101013184e-01
1.052415668964385986e-01
2.867588214576244354e-02
5.338740721344947815e-02
9.489368647336959839e-02
1.080923378467559814e-01
-3.893853630870580673e-03
-8.796817064285278320e-02
-1.389593780040740967e-01
-1.045898273587226868e-01
4.578980058431625366e-02
-1.337302923202514648e-01
-1.127622742205858231e-02
7.399959862232208252e-02
-1.379425404593348503e-03
-6.187194585800170898e-02
-1.167940814048051834e-02
7.319859415292739868e-02
2.230823040008544922e-02
8.506505936384201050e-02
2.294454351067543030e-02
-7.509519904851913452e-02
1.686374247074127197e-01
1.566280275583267212e-01
1.091846898198127747e-01
-2.704548090696334839e-02
3.771548345685005188e-02
3.829081356525421143e-02
4.347078129649162292e-02
-1.146951690316200256e-01
2.893811324611306190e-03
-2.504478674381971359e-03
-5.613356083631515503e-02
-9.662316180765628815e-03
-7.042457349598407745e-03
6.076652556657791138e-02
-6.769506726413965225e-03
9.587308764457702637e-02
2.323467284440994263e-02
1.328224539756774902e-01
1.185877807438373566e-02
6.552188098430633545e-02
1.224093437194824219e-01
3.660541027784347534e-02
1.085426956415176392e-01
5.718509480357170105e-02
1.559827825985848904e-03
3.733506798744201660e-02
-4.604239761829376221e-02
1.369829773902893066e-01
5.365556851029396057e-02
1.041269823908805847e-01
1.276844590902328491e-01
-7.803074270486831665e-02
-9.078182280063629150e-03
3.967480361461639404e-02
-7.729816436767578125e-02
-1.151200905442237854e-01
9.728293865919113159e-02
-9.395412169396877289e-03
-1.138591244816780090e-01
2.361042425036430359e-02
-8.218858391046524048e-03
-1.104825958609580994e-01
7.364523410797119141e-02
8.231927454471588135e-02
5.108256358653306961e-03
-7.904593646526336670e-02
7.888671010732650757e-02
1.625946015119552612e-01
7.393115200102329254e-03
1.629572510719299316e-01
-2.386398240923881531e-02
4.647671058773994446e-02
1.275319904088973999e-01
1.687859892845153809e-01
7.771177589893341064e-02
9.027186781167984009e-02
4.877269640564918518e-02
-6.562907365150749683e-04
-5.769698414951562881e-03
5.388702847994863987e-04
8.630751073360443115e-02
1.183202676475048065e-02
1.835170537233352661e-01
4.282769747078418732e-03
3.761209174990653992e-02
1.153118610382080078e-01
-1.262968592345714569e-02
9.694997966289520264e-02
1.420416235923767090e-01
-2.190039865672588348e-02
-2.624379284679889679e-02
3.778007999062538147e-02
4.945056512951850891e-02
1.012599021196365356e-01
8.525072038173675537e-02
3.602774813771247864e-02
-4.001092165708541870e-02
-6.677176803350448608e-03
1.017257943749427795e-01
8.721527457237243652e-02
-7.335561327636241913e-03
9.291226044297218323e-03
-5.553906783461570740e-02
1.673354534432291985e-03
-2.951943874359130859e-02
