3.518333733081817627e-01
3.710533976554870605e-01
3.195821940898895264e-01
4.249984025955200195e-01
3.608988225460052490e-01
3.940620124340057373e-01
3.709512948989868164e-01
3.707095980644226074e-01
3.604358434677124023e-01
3.115204274654388428e-01
3.822926580905914307e-01
4.460195600986480713e-01
4.272165894508361816e-01
3.418989479541778564e-01
3.500900268554687500e-01
3.990468382835388184e-01
3.951346576213836670e-01
3.243849873542785645e-01
4.067382514476776123e-01
3.365384340286254883e-01
3.805454969406127930e-01
3.290834426879882812e-01
3.686710000038146973e-01
3.478640615940093994e-01
2.931153178215026855e-01
3.546405732631683350e-01
2.811952233314514160e-01
3.592630624771118164e-01
3.909640610218048096e-01
2.668417096138000488e-01
3.579227924346923828e-01
3.830942511558532715e-01
3.433815836906433105e-01
2.562492489814758301e-01
4.137694537639617920e-01
3.018793761730194092e-01
3.491768240928649902e-01
3.541322946548461914e-01
3.800361454486846924e-01
4.206892848014831543e-01
3.951911926269531250e-01
3.261114358901977539e-01
3.670149147510528564e-01
3.555929958820343018e-01
3.321853280067443848e-01
3.227021694183349609e-01
3.857161700725555420e-01
3.943498432636260986e-01
3.692400753498077393e-01
3.711687326431274414e-01
3.749586045742034912e-01
3.623336255550384521e-01
3.667556941509246826e-01
3.887408375740051270e-01
4.084292054176330566e-01
3.530844748020172119e-01
2.744599282741546631e-01
4.054671525955200195e-01
3.677431046962738037e-01
3.021535575389862061e-01
3.283269703388214111e-01
4.110352694988250732e-01
3.572014570236206055e-01
2.801741063594818115e-01
3.357828557491302490e-01
4.317997395992279053e-01
3.669617176055908203e-01
3.909283280372619629e-01
3.168487548828125000e-01
2.532218992710113525e-01
3.788256645202636719e-01
3.391557335853576660e-01
2.726002335548400879e-01
2.964047789573669434e-01
3.249257504940032959e-01
3.206941187381744385e-01
3.229080736637115479e-01
3.030470013618469238e-01
3.457215130329132080e-01
3.778533041477203369e-01
3.434595763683319092e-01
4.172983467578887939e-01
3.629107177257537842e-01
3.759933114051818848e-01
3.081266880035400391e-01
3.363569080829620361e-01
3.738767206668853760e-01
3.258095979690551758e-01
3.782880008220672607e-01
3.022807240486145020e-01
3.876636624336242676e-01
3.526270091533660889e-01
4.233882129192352295e-01
3.692061901092529297e-01
4.171153306961059570e-01
4.344634115695953369e-01
3.609155416488647461e-01
3.627057075500488281e-01
3.660132884979248047e-01
2.745157182216644287e-01
4.471913278102874756e-01
3.544701337814331055e-01
3.525151014328002930e-01
3.983657658100128174e-01
3.862582147121429443e-01
4.279090464115142822e-01
3.827650249004364014e-01
3.182117342948913574e-01
4.213438034057617188e-01
3.679581284523010254e-01
3.700463175773620605e-01
3.340905010700225830e-01
3.573905229568481445e-01
3.633626401424407959e-01
3.254138529300689697e-01
3.440710306167602539e-01
3.658320605754852295e-01
4.036896228790283203e-01
3.040917515754699707e-01
3.665506839752197266e-01
3.991546630859375000e-01
3.230322599411010742e-01
4.067487418651580811e-01
3.901086151599884033e-01
3.753857612609863281e-01
3.421039879322052002e-01
3.691106438636779785e-01
3.775244057178497314e-01
4.110754132270812988e-01
3.805014789104461670e-01
4.183754920959472656e-01
3.102290928363800049e-01
3.235543668270111084e-01
3.757252991199493408e-01
2.951675057411193848e-01
3.820534944534301758e-01
2.235589325428009033e-01
3.392431139945983887e-01
3.119393289089202881e-01
3.736107945442199707e-01
3.707087337970733643e-01
3.535336256027221680e-01
3.065162003040313721e-01
3.578517735004425049e-01
3.670046627521514893e-01
3.800948858261108398e-01
3.047780990600585938e-01
3.970943093299865723e-01
3.795113563537597656e-01
3.669164776802062988e-01
3.620741665363311768e-01
3.403904736042022705e-01
3.414492309093475342e-01
3.986324667930603027e-01
4.429316222667694092e-01
3.063906431198120117e-01
3.757973611354827881e-01
3.384131789207458496e-01
3.693092763423919678e-01
3.839128017425537109e-01
3.220358192920684814e-01
4.246601164340972900e-01
3.052475154399871826e-01
3.366645574569702148e-01
3.253245651721954346e-01
2.657601535320281982e-01
2.847815454006195068e-01
3.404448926448822021e-01
3.236400783061981201e-01
3.792091012001037598e-01
2.475544363260269165e-01
3.622726202011108398e-01
2.942293882369995117e-01
3.333212137222290039e-01
3.106449842453002930e-01
3.147671520709991455e-01
3.284664750099182129e-01
3.421217501163482666e-01
4.085293412208557129e-01
4.031491577625274658e-01
3.663957417011260986e-01
3.583958148956298828e-01
3.366815745830535889e-01
3.959089517593383789e-01
3.583000004291534424e-01
3.275821805000305176e-01
3.522251248359680176e-01
3.497987985610961914e-01
3.872710466384887695e-01
3.468511402606964111e-01
3.582499325275421143e-01
3.981079757213592529e-01
4.002488553524017334e-01
3.274117410182952881e-01
3.265647590160369873e-01
3.362216353416442871e-01
3.551395237445831299e-01
3.411090075969696045e-01
4.212375283241271973e-01
2.815456986427307129e-01
3.461491167545318604e-01
3.903816044330596924e-01
3.674202859401702881e-01
3.540803194046020508e-01
3.507001996040344238e-01
3.829921483993530273e-01
4.146354794502258301e-01
3.856492638587951660e-01
4.102925360202789307e-01
4.068119823932647705e-01
2.666345834732055664e-01
3.377878069877624512e-01
4.186202585697174072e-01
3.535360991954803467e-01
3.541916310787200928e-01
2.954193651676177979e-01
4.617812633514404297e-01
3.891722559928894043e-01
4.017938971519470215e-01
3.481501638889312744e-01
4.030742645263671875e-01
3.443075120449066162e-01
2.280388772487640381e-01
3.717374205589294434e-01
3.917782604694366455e-01
3.266792595386505127e-01
4.337294995784759521e-01
3.859540224075317383e-01
3.491645753383636475e-01
3.538755774497985840e-01
4.251161813735961914e-01
3.490484058856964111e-01
3.309397697448730469e-01
3.000743389129638672e-01
3.552052080631256104e-01
3.360837697982788086e-01
4.078775644302368164e-01
3.332940638065338135e-01
3.563668727874755859e-01
2.571807801723480225e-01
3.255598843097686768e-01
4.075146615505218506e-01
3.352324366569519043e-01
3.887580633163452148e-01
3.135803639888763428e-01
3.640272319316864014e-01
3.556275963783264160e-01
3.096190392971038818e-01
2.425294071435928345e-01
3.513204157352447510e-01
3.512243628501892090e-01
4.136529862880706787e-01
3.945406377315521240e-01
3.865063488483428955e-01
3.281618356704711914e-01
3.937690854072570801e-01
3.513317406177520752e-01
3.479858934879302979e-01
2.732584476470947266e-01
3.810798525810241699e-01
4.760100841522216797e-01
3.865874409675598145e-01
3.577671051025390625e-01
3.801862895488739014e-01
3.784109652042388916e-01
3.199734389781951904e-01
3.632493317127227783e-01
4.220016896724700928e-01
3.637764453887939453e-01
4.230969250202178955e-01
3.492574095726013184e-01
4.092663228511810303e-01
3.504063189029693604e-01
4.347904026508331299e-01
3.661307096481323242e-01
3.208838105201721191e-01
3.881116807460784912e-01
3.942535221576690674e-01
3.603817522525787354e-01
3.146791756153106689e-01
2.559548914432525635e-01
2.590935826301574707e-01
3.939449787139892578e-01
3.985038697719573975e-01
3.071962594985961914e-01
4.062519669532775879e-01
4.442634880542755127e-01
3.025994300842285156e-01
3.190581500530242920e-01
3.508882224559783936e-01
3.164517283439636230e-01
3.256721198558807373e-01
3.409861922264099121e-01
4.146705567836761475e-01
2.725037634372711182e-01
4.335018694400787354e-01
2.857050299644470215e-01
4.527223706245422363e-01
3.047854900360107422e-01
3.329923152923583984e-01
3.777644932270050049e-01
3.080894351005554199e-01
2.848593592643737793e-01
3.976153731346130371e-01
3.934294879436492920e-01
3.582953810691833496e-01
3.520186543464660645e-01
3.425199091434478760e-01
3.536564707756042480e-01
3.594991266727447510e-01
3.793008029460906982e-01
2.684133946895599365e-01
3.005387783050537109e-01
3.848569691181182861e-01
3.883983790874481201e-01
3.249730765819549561e-01
3.759390115737915039e-01
3.601627945899963379e-01
3.795192539691925049e-01
3.100317120552062988e-01
3.756659328937530518e-01
3.768154978752136230e-01
4.074529111385345459e-01
4.093621075153350830e-01
3.817078173160552979e-01
3.309642672538757324e-01
4.102098643779754639e-01
3.439604640007019043e-01
3.096587359905242920e-01
2.629687488079071045e-01
4.217310547828674316e-01
3.447777032852172852e-01
3.242221176624298096e-01
3.931186497211456299e-01
3.409855365753173828e-01
4.177278578281402588e-01
3.435965478420257568e-01
3.394587337970733643e-01
4.033519327640533447e-01
3.310548961162567139e-01
3.345862030982971191e-01
3.182750344276428223e-01
3.733885884284973145e-01
3.238506317138671875e-01
3.104697763919830322e-01
2.998078465461730957e-01
4.348462224006652832e-01
3.257763981819152832e-01
4.487717747688293457e-01
4.060905575752258301e-01
3.616441786289215088e-01
4.090063273906707764e-01
4.169519543647766113e-01
3.435430526733398438e-01
3.032014071941375732e-01
4.012914597988128662e-01
3.831086158752441406e-01
3.472722768783569336e-01
3.198148608207702637e-01
3.819279372692108154e-01
3.458982706069946289e-01
3.673112988471984863e-01
3.186270594596862793e-01
3.427128791809082031e-01
3.508080542087554932e-01
3.465127348899841309e-01
3.359046876430511475e-01
3.595921099185943604e-01
3.693777620792388916e-01
3.153088390827178955e-01
3.974848389625549316e-01
3.024001121520996094e-01
3.391386568546295166e-01
3.973938226699829102e-01
3.329112529754638672e-01
3.315679430961608887e-01
3.473116159439086914e-01
3.780341446399688721e-01
3.533067107200622559e-01
4.361067712306976318e-01
4.369938075542449951e-01
2.859544157981872559e-01
3.956728279590606689e-01
3.106970787048339844e-01
3.544171750545501709e-01
3.167069256305694580e-01
2.738414704799652100e-01
2.676869928836822510e-01
3.759573101997375488e-01
3.641926944255828857e-01
3.420261144638061523e-01
3.270210325717926025e-01
4.353921711444854736e-01
3.125973343849182129e-01
3.210212588310241699e-01
4.331947863101959229e-01
3.962359130382537842e-01
3.658300340175628662e-01
3.148734271526336670e-01
3.105548322200775146e-01
3.496933281421661377e-01
2.568013370037078857e-01
3.417310714721679688e-01
3.562882840633392334e-01
3.984107971191406250e-01
4.046994447708129883e-01
3.334359228610992432e-01
3.936276435852050781e-01
3.157625794410705566e-01
2.895240485668182373e-01
4.017781913280487061e-01
4.358811676502227783e-01
4.150428473949432373e-01
4.152687788009643555e-01
2.986482977867126465e-01
3.699565231800079346e-01
3.705120384693145752e-01
3.647813498973846436e-01
4.348442852497100830e-01
3.092640936374664307e-01
4.072602093219757080e-01
3.236578404903411865e-01
3.514775335788726807e-01
3.725907802581787109e-01
4.222486913204193115e-01
3.544601202011108398e-01
3.439980149269104004e-01
2.830781638622283936e-01
3.317475020885467529e-01
2.895810604095458984e-01
2.627444267272949219e-01
3.455118834972381592e-01
3.988433778285980225e-01
2.457855939865112305e-01
3.214502632617950439e-01
3.507360517978668213e-01
3.428573608398437500e-01
2.994467616081237793e-01
3.279444873332977295e-01
3.129165768623352051e-01
3.250169157981872559e-01
2.642365097999572754e-01
3.794969022274017334e-01
3.529799878597259521e-01
4.134883582592010498e-01
3.813140988349914551e-01
3.865745067596435547e-01
3.335222303867340088e-01
3.850254118442535400e-01
3.443589210510253906e-01
3.445202708244323730e-01
3.631079792976379395e-01
3.946211934089660645e-01
3.480457067489624023e-01
3.693970143795013428e-01
4.147174358367919922e-01
3.818100988864898682e-01
2.631213665008544922e-01
2.628812789916992188e-01
2.460885643959045410e-01
4.385989010334014893e-01
3.565772473812103271e-01
4.110903441905975342e-01
4.102442860603332520e-01
3.371267914772033691e-01
3.292899131774902344e-01
2.367003858089447021e-01
3.569192886352539062e-01
3.789255917072296143e-01
4.299267530441284180e-01
3.964590728282928467e-01
3.624707162380218506e-01
3.203029930591583252e-01
3.189624249935150146e-01
3.590994179248809814e-01
3.909918963909149170e-01
3.486745357513427734e-01
3.296691477298736572e-01
3.468405306339263916e-01
3.646600842475891113e-01
3.362040221691131592e-01
3.349443674087524414e-01
3.668996393680572510e-01
3.758905529975891113e-01
4.304239451885223389e-01
3.722385168075561523e-01
3.984311223030090332e-01
3.755116462707519531e-01
3.583224117755889893e-01
4.559080004692077637e-01
3.977373540401458740e-01
2.609285116195678711e-01
3.792541027069091797e-01
4.103099405765533447e-01
2.717387676239013672e-01
3.783791065216064453e-01
2.760340571403503418e-01
3.556664884090423584e-01
3.676909804344177246e-01
3.704642653465270996e-01
3.326922953128814697e-01
3.447657823562622070e-01
2.547954916954040527e-01
3.713022172451019287e-01
2.824785411357879639e-01
3.394667804241180420e-01
4.095625281333923340e-01
3.706557750701904297e-01
4.259527027606964111e-01
3.719290792942047119e-01
3.350947499275207520e-01
3.237453997135162354e-01
3.756527900695800781e-01
3.573789000511169434e-01
3.597689568996429443e-01
3.000880181789398193e-01
3.740706145763397217e-01
3.174671828746795654e-01
2.840054035186767578e-01
3.815442025661468506e-01
3.946372866630554199e-01
3.205330371856689453e-01
3.079382777214050293e-01
3.090527355670928955e-01
3.661392629146575928e-01
3.742773532867431641e-01
3.562510311603546143e-01
2.884851694107055664e-01
3.541273176670074463e-01
3.330244719982147217e-01
3.796291649341583252e-01
3.732977211475372314e-01
3.737072348594665527e-01
2.731385231018066406e-01
3.356951475143432617e-01
3.329636454582214355e-01
2.766914963722229004e-01
3.966859877109527588e-01
3.342603445053100586e-01
2.495086640119552612e-01
3.276935219764709473e-01
2.771902680397033691e-01
2.381669580936431885e-01
3.764990866184234619e-01
3.509225547313690186e-01
4.248214364051818848e-01
3.672774732112884521e-01
2.349406182765960693e-01
3.277062773704528809e-01
3.087320923805236816e-01
3.006870150566101074e-01
2.778448760509490967e-01
2.705349028110504150e-01
3.881408572196960449e-01
3.439955413341522217e-01
3.611232936382293701e-01
3.068895936012268066e-01
3.612819910049438477e-01
3.446269929409027100e-01
3.420500159263610840e-01
3.688034117221832275e-01
2.837966084480285645e-01
3.978466987609863281e-01
3.856441080570220947e-01
4.380702972412109375e-01
4.111971557140350342e-01
3.987917006015777588e-01
3.400700688362121582e-01
3.124633431434631348e-01
3.888891339302062988e-01
3.572493791580200195e-01
4.031426608562469482e-01
3.577111065387725830e-01
3.900114595890045166e-01
3.147747218608856201e-01
4.243448078632354736e-01
3.513614833354949951e-01
3.219341337680816650e-01
3.506918251514434814e-01
3.062883913516998291e-01
3.609650433063507080e-01
4.107653796672821045e-01
3.226504027843475342e-01
3.989309966564178467e-01
3.799351751804351807e-01
3.225244283676147461e-01
3.450112640857696533e-01
3.010247945785522461e-01
3.543407022953033447e-01
3.299973905086517334e-01
2.934448421001434326e-01
4.137645363807678223e-01
3.197159171104431152e-01
2.858178317546844482e-01
3.112365901470184326e-01
3.285876810550689697e-01
3.643621802330017090e-01
2.955790162086486816e-01
4.179043769836425781e-01
3.789787590503692627e-01
2.846646904945373535e-01
2.933813333511352539e-01
3.846303522586822510e-01
3.853917717933654785e-01
3.169956505298614502e-01
3.411851823329925537e-01
3.823588788509368896e-01
3.418132364749908447e-01
3.610497117042541504e-01
3.077612519264221191e-01
3.654344081878662109e-01
3.508591353893280029e-01
3.967536687850952148e-01
3.665849566459655762e-01
3.749117851257324219e-01
3.882728517055511475e-01
3.144054114818572998e-01
3.766000270843505859e-01
4.055922627449035645e-01
3.892337977886199951e-01
3.549305200576782227e-01
3.939990997314453125e-01
3.943285048007965088e-01
3.006254434585571289e-01
3.402874171733856201e-01
3.937959372997283936e-01
3.227355182170867920e-01
3.602555394172668457e-01
3.539232909679412842e-01
3.808993101119995117e-01
2.530896067619323730e-01
4.009459316730499268e-01
3.249144256114959717e-01
4.080697894096374512e-01
3.524481952190399170e-01
2.833879888057708740e-01
3.312451839447021484e-01
3.877422213554382324e-01
3.672017753124237061e-01
3.405848443508148193e-01
3.703197538852691650e-01
2.922050356864929199e-01
3.649208843708038330e-01
3.371493220329284668e-01
3.705094456672668457e-01
2.524513006210327148e-01
3.293136656284332275e-01
3.527518212795257568e-01
2.784554660320281982e-01
3.681677281856536865e-01
4.151367545127868652e-01
3.363468348979949951e-01
2.951493263244628906e-01
3.304329514503479004e-01
4.131157696247100830e-01
3.063825666904449463e-01
2.831065058708190918e-01
3.725321292877197266e-01
3.262975513935089111e-01
3.716489374637603760e-01
3.322620391845703125e-01
3.504916131496429443e-01
3.721375763416290283e-01
3.196575939655303955e-01
3.008354902267456055e-01
3.413921594619750977e-01
3.489224910736083984e-01
3.924011886119842529e-01
2.633805871009826660e-01
3.621224761009216309e-01
2.529602050781250000e-01
3.417281210422515869e-01
4.109595119953155518e-01
3.683669567108154297e-01
3.261311948299407959e-01
3.884286880493164062e-01
3.602269589900970459e-01
3.296439945697784424e-01
3.806065618991851807e-01
3.751541972160339355e-01
3.302613496780395508e-01
3.347120285034179688e-01
3.258799910545349121e-01
3.093093633651733398e-01
2.867340147495269775e-01
3.290623724460601807e-01
3.585950136184692383e-01
4.436107575893402100e-01
2.709415256977081299e-01
3.478384017944335938e-01
4.014036655426025391e-01
3.483835756778717041e-01
3.031215965747833252e-01
3.831125497817993164e-01
3.570890426635742188e-01
3.954926729202270508e-01
3.251055777072906494e-01
3.442906439304351807e-01
2.610388398170471191e-01
3.783916234970092773e-01
3.949628770351409912e-01
3.858773708343505859e-01
3.137792348861694336e-01
3.811349570751190186e-01
3.112724423408508301e-01
3.773139119148254395e-01
3.685676753520965576e-01
3.800287544727325439e-01
4.058659374713897705e-01
3.396460711956024170e-01
2.920801341533660889e-01
4.334344863891601562e-01
3.593955636024475098e-01
3.635741472244262695e-01
3.578924536705017090e-01
3.608193397521972656e-01
3.350808918476104736e-01
2.617196440696716309e-01
3.487536907196044922e-01
4.544766247272491455e-01
3.800268769264221191e-01
2.448560744524002075e-01
2.829031944274902344e-01
2.622083127498626709e-01
3.517728745937347412e-01
3.410212695598602295e-01
3.937273025512695312e-01
2.670173048973083496e-01
3.251554369926452637e-01
3.865098953247070312e-01
3.669494986534118652e-01
3.224428296089172363e-01
3.561191260814666748e-01
2.987912595272064209e-01
4.050632715225219727e-01
3.590581417083740234e-01
3.619775176048278809e-01
2.905341386795043945e-01
3.809812068939208984e-01
3.327879309654235840e-01
3.643633425235748291e-01
3.426812887191772461e-01
3.257197141647338867e-01
3.748696446418762207e-01
2.657235562801361084e-01
3.079356551170349121e-01
3.483369052410125732e-01
2.487858980894088745e-01
2.568411529064178467e-01
3.756609559059143066e-01
3.986371159553527832e-01
4.272210299968719482e-01
3.776681125164031982e-01
2.681535482406616211e-01
3.519249260425567627e-01
3.821982145309448242e-01
3.242179453372955322e-01
2.543347179889678955e-01
3.000966906547546387e-01
3.364708125591278076e-01
4.278817772865295410e-01
3.109321594238281250e-01
3.109124600887298584e-01
4.115765392780303955e-01
2.540373504161834717e-01
3.426546752452850342e-01
3.317694067955017090e-01
4.016374051570892334e-01
3.946843743324279785e-01
2.936329841613769531e-01
3.775021135807037354e-01
3.380344212055206299e-01
3.569846451282501221e-01
3.357247412204742432e-01
4.349500238895416260e-01
3.686721622943878174e-01
3.388447761535644531e-01
2.834654748439788818e-01
3.493176698684692383e-01
3.287646174430847168e-01
3.001839518547058105e-01
3.439065217971801758e-01
3.838057816028594971e-01
2.978570461273193359e-01
3.155021667480468750e-01
2.967522442340850830e-01
3.155052959918975830e-01
3.252717852592468262e-01
3.776436150074005127e-01
3.828030228614807129e-01
3.258654475212097168e-01
4.020493924617767334e-01
3.445597589015960693e-01
4.229569137096405029e-01
3.956971764564514160e-01
3.764181137084960938e-01
2.610630989074707031e-01
3.299008905887603760e-01
4.188557863235473633e-01
3.269207477569580078e-01
3.708169460296630859e-01
2.290541231632232666e-01
3.600119054317474365e-01
3.229097127914428711e-01
3.389841616153717041e-01
4.085517227649688721e-01
3.903504610061645508e-01
3.681481480598449707e-01
3.361614346504211426e-01
3.325529992580413818e-01
3.676318228244781494e-01
3.412101566791534424e-01
3.981589674949645996e-01
3.650097250938415527e-01
3.496506512165069580e-01
4.215717017650604248e-01
2.587954401969909668e-01
3.028119504451751709e-01
3.846065700054168701e-01
2.830834686756134033e-01
3.691634535789489746e-01
3.474640846252441406e-01
4.125668108463287354e-01
3.691446781158447266e-01
3.670365512371063232e-01
3.621859550476074219e-01
3.599094450473785400e-01
2.354252636432647705e-01
3.602183163166046143e-01
4.088581204414367676e-01
3.869931399822235107e-01
3.404614329338073730e-01
3.839095830917358398e-01
3.454822897911071777e-01
3.309431374073028564e-01
3.477231562137603760e-01
3.095186352729797363e-01
3.871505558490753174e-01
3.555134832859039307e-01
2.940828800201416016e-01
3.203096687793731689e-01
3.152929246425628662e-01
3.892318904399871826e-01
2.881939411163330078e-01
3.972671627998352051e-01
3.798296153545379639e-01
3.580296933650970459e-01
2.797736823558807373e-01
4.271450340747833252e-01
3.989682197570800781e-01
3.165428042411804199e-01
2.701698839664459229e-01
3.834100067615509033e-01
4.055538773536682129e-01
3.669672310352325439e-01
3.332105576992034912e-01
2.706383168697357178e-01
3.343900144100189209e-01
4.128413498401641846e-01
3.709714710712432861e-01
3.793160617351531982e-01
3.078189790248870850e-01
3.831446170806884766e-01
3.831097185611724854e-01
3.668541610240936279e-01
4.310807883739471436e-01
3.833072781562805176e-01
3.551713824272155762e-01
4.331904351711273193e-01
3.261422812938690186e-01
3.713796734809875488e-01
3.485501408576965332e-01
3.211788535118103027e-01
3.460266888141632080e-01
3.803667128086090088e-01
3.570990562438964844e-01
3.968614339828491211e-01
3.537294268608093262e-01
3.000968396663665771e-01
3.789744079113006592e-01
3.165571689605712891e-01
3.652203679084777832e-01
3.451016545295715332e-01
4.209197759628295898e-01
4.228936731815338135e-01
3.003705441951751709e-01
3.828689455986022949e-01
3.707919418811798096e-01
3.425967991352081299e-01
2.848951220512390137e-01
3.281275928020477295e-01
3.460457324981689453e-01
3.765369057655334473e-01
3.781817257404327393e-01
3.285672664642333984e-01
3.254145979881286621e-01
3.419793844223022461e-01
3.443354964256286621e-01
2.923759520053863525e-01
3.624806702136993408e-01
3.415171504020690918e-01
3.120532035827636719e-01
3.779005706310272217e-01
3.057690262794494629e-01
3.174034357070922852e-01
3.762470781803131104e-01
3.402692377567291260e-01
3.127407431602478027e-01
2.995600402355194092e-01
3.045835494995117188e-01
3.958891332149505615e-01
2.868687808513641357e-01
3.735851943492889404e-01
2.615320682525634766e-01
4.099900722503662109e-01
4.041665196418762207e-01
3.256034255027770996e-01
2.844554185867309570e-01
3.731431066989898682e-01
3.201327919960021973e-01
3.873081505298614502e-01
4.326873719692230225e-01
3.569558262825012207e-01
3.552137017250061035e-01
3.983739316463470459e-01
3.626663684844970703e-01
4.088052809238433838e-01
3.384845256805419922e-01
3.612087666988372803e-01
4.562592804431915283e-01
3.802279233932495117e-01
3.691095113754272461e-01
3.417772650718688965e-01
3.150613605976104736e-01
4.496821463108062744e-01
3.723459541797637939e-01
3.525238633155822754e-01
3.112464845180511475e-01
4.691826999187469482e-01
3.557530343532562256e-01
3.157946765422821045e-01
3.297771513462066650e-01
3.278025984764099121e-01
3.396473824977874756e-01
3.781727850437164307e-01
4.107855558395385742e-01
3.537275493144989014e-01
3.603964149951934814e-01
3.327081799507141113e-01
3.394962549209594727e-01
2.585641741752624512e-01
2.775773406028747559e-01
3.617641031742095947e-01
2.421693354845046997e-01
3.873652517795562744e-01
3.768846392631530762e-01
2.533774375915527344e-01
4.153132140636444092e-01
3.876275122165679932e-01
3.572016954421997070e-01
4.293805360794067383e-01
4.200855493545532227e-01
4.191551506519317627e-01
3.563547432422637939e-01
2.665751278400421143e-01
4.250057041645050049e-01
3.239735066890716553e-01
4.016152620315551758e-01
3.588454723358154297e-01
3.946840465068817139e-01
4.170122146606445312e-01
3.199923038482666016e-01
3.890776634216308594e-01
3.680247068405151367e-01
2.802173197269439697e-01
3.357606828212738037e-01
3.593598604202270508e-01
4.217351078987121582e-01
2.504771351814270020e-01
4.141129851341247559e-01
2.623594999313354492e-01
3.340977430343627930e-01
3.852400779724121094e-01
3.388798832893371582e-01
2.388412356376647949e-01
3.998422026634216309e-01
3.228512108325958252e-01
3.705005049705505371e-01
2.544269263744354248e-01
3.474058508872985840e-01
3.384406566619873047e-01
3.591549992561340332e-01
3.671622872352600098e-01
4.571079909801483154e-01
4.493767917156219482e-01
3.600991964340209961e-01
3.502311408519744873e-01
4.042799770832061768e-01
4.256815612316131592e-01
3.784341812133789062e-01
3.981360495090484619e-01
3.359237611293792725e-01
3.377916514873504639e-01
2.837249040603637695e-01
3.524331152439117432e-01
4.340302944183349609e-01
3.622430264949798584e-01
3.426957726478576660e-01
2.720198333263397217e-01
4.022600054740905762e-01
3.274803459644317627e-01
4.006429016590118408e-01
3.996955454349517822e-01
3.758701384067535400e-01
2.708066999912261963e-01
4.112027883529663086e-01
3.893245160579681396e-01
3.339094519615173340e-01
2.755643725395202637e-01
3.630424141883850098e-01
3.143643736839294434e-01
4.269682168960571289e-01
4.171523153781890869e-01
2.606226801872253418e-01
3.744569420814514160e-01
3.981367349624633789e-01
4.095166027545928955e-01
3.638118505477905273e-01
3.898139595985412598e-01
3.257780373096466064e-01
2.604770660400390625e-01
4.400345683097839355e-01
2.436585128307342529e-01
4.115634560585021973e-01
4.068087339401245117e-01
4.101237058639526367e-01
3.086667060852050781e-01
2.969141304492950439e-01
3.019126355648040771e-01
3.526207208633422852e-01
3.111218214035034180e-01
3.082061409950256348e-01
3.677770793437957764e-01
3.795800507068634033e-01
3.823685348033905029e-01
3.807967901229858398e-01
3.334237635135650635e-01
2.999764084815979004e-01
3.139354586601257324e-01
3.853082954883575439e-01
3.418260216712951660e-01
3.441318869590759277e-01
3.299887180328369141e-01
3.441767394542694092e-01
2.561338841915130615e-01
3.442204296588897705e-01
3.074098825454711914e-01
4.023765027523040771e-01
4.217455387115478516e-01
3.414945006370544434e-01
3.405457735061645508e-01
2.657325565814971924e-01
3.356975317001342773e-01
3.616041839122772217e-01
2.871240675449371338e-01
4.282620251178741455e-01
3.622568249702453613e-01
3.438270688056945801e-01
3.939420878887176514e-01
2.777589559555053711e-01
3.602881133556365967e-01
3.626854419708251953e-01
3.203030824661254883e-01
3.672757744789123535e-01
3.457955420017242432e-01
4.123556315898895264e-01
3.991202116012573242e-01
3.854881525039672852e-01
2.591537535190582275e-01
2.979986369609832764e-01
3.478445708751678467e-01
3.858090341091156006e-01
2.557238042354583740e-01
3.507933020591735840e-01
3.575259745121002197e-01
3.337504565715789795e-01
3.704657256603240967e-01
2.884249985218048096e-01
3.891226947307586670e-01
3.054807782173156738e-01
3.792950510978698730e-01
3.613609373569488525e-01
3.505150377750396729e-01
3.198632001876831055e-01
3.861390948295593262e-01
3.643057048320770264e-01
3.336844146251678467e-01
3.675766587257385254e-01
3.441537022590637207e-01
3.514238297939300537e-01
2.875974476337432861e-01
3.646835982799530029e-01
3.511204123497009277e-01
3.375751972198486328e-01
3.374100625514984131e-01
3.752307295799255371e-01
4.256039857864379883e-01
3.297464549541473389e-01
3.893761634826660156e-01
3.938242793083190918e-01
3.727342486381530762e-01
2.639744877815246582e-01
3.621791899204254150e-01
3.648015558719635010e-01
3.298891782760620117e-01
3.658823370933532715e-01
3.558285236358642578e-01
3.654802143573760986e-01
2.642426490783691406e-01
3.443789780139923096e-01
3.547177612781524658e-01
3.600535094738006592e-01
3.455159962177276611e-01
4.099369347095489502e-01
3.256548941135406494e-01
3.405239880084991455e-01
3.926041722297668457e-01
4.212833046913146973e-01
3.396774232387542725e-01
3.036913871765136719e-01
3.534987568855285645e-01
3.403125107288360596e-01
4.016209542751312256e-01
3.702141046524047852e-01
3.305293619632720947e-01
2.377286553382873535e-01
4.200502038002014160e-01
3.436686396598815918e-01
2.985042333602905273e-01
3.754108846187591553e-01
3.640558719635009766e-01
3.596733808517456055e-01
3.957795202732086182e-01
3.794313073158264160e-01
4.060156345367431641e-01
3.423582613468170166e-01
3.779817223548889160e-01
3.357102572917938232e-01
3.803555369377136230e-01
3.523115515708923340e-01
4.034836292266845703e-01
3.692617118358612061e-01
2.935712337493896484e-01
3.757432699203491211e-01
4.353561699390411377e-01
3.441871106624603271e-01
3.591183423995971680e-01
3.143664598464965820e-01
3.892197608947753906e-01
3.707516789436340332e-01
3.456472456455230713e-01
2.676063776016235352e-01
3.453222811222076416e-01
4.269214868545532227e-01
3.283285200595855713e-01
3.669835627079010010e-01
3.702661693096160889e-01
3.731190264225006104e-01
3.555857241153717041e-01
3.082646727561950684e-01
3.500548899173736572e-01
3.957209587097167969e-01
3.465738594532012939e-01
3.601686656475067139e-01
3.925561606884002686e-01
3.844428360462188721e-01
3.600316345691680908e-01
3.798980414867401123e-01
2.445112317800521851e-01
3.364948332309722900e-01
3.694052696228027344e-01
3.677394688129425049e-01
3.611251115798950195e-01
4.199505746364593506e-01
3.329137563705444336e-01
3.777122497558593750e-01
3.937753140926361084e-01
3.714927732944488525e-01
3.312067389488220215e-01
2.642354369163513184e-01
3.490020036697387695e-01
3.007467091083526611e-01
3.893955051898956299e-01
3.328573107719421387e-01
3.049368858337402344e-01
3.767565786838531494e-01
2.370365560054779053e-01
3.722234964370727539e-01
3.050726354122161865e-01
4.114229083061218262e-01
3.523391783237457275e-01
3.598496317863464355e-01
3.982078135013580322e-01
3.714628517627716064e-01
3.400133848190307617e-01
3.274316191673278809e-01
3.221704959869384766e-01
3.729702532291412354e-01
3.403941988945007324e-01
3.421611189842224121e-01
4.630552232265472412e-01
3.613625168800354004e-01
3.462421596050262451e-01
4.129128754138946533e-01
3.584788441658020020e-01
3.670925199985504150e-01
3.474446535110473633e-01
2.943901717662811279e-01
3.745045959949493408e-01
3.758037984371185303e-01
3.103372454643249512e-01
3.850884735584259033e-01
2.827804982662200928e-01
4.256393909454345703e-01
3.583258092403411865e-01
3.337941467761993408e-01
2.769778966903686523e-01
3.256103694438934326e-01
3.441929817199707031e-01
4.076245725154876709e-01
2.579691708087921143e-01
3.309099376201629639e-01
3.462491929531097412e-01
3.232116699218750000e-01
3.296438753604888916e-01
4.022552967071533203e-01
2.734987437725067139e-01
3.644391298294067383e-01
3.198067247867584229e-01
3.501056730747222900e-01
3.364580869674682617e-01
2.606772184371948242e-01
3.943462371826171875e-01
5.104742050170898438e-01
3.648441731929779053e-01
3.071696162223815918e-01
4.066105484962463379e-01
4.633814096450805664e-01
4.239521622657775879e-01
3.546142578125000000e-01
3.067910969257354736e-01
2.937512695789337158e-01
4.055452942848205566e-01
3.609158098697662354e-01
3.033429384231567383e-01
4.379706978797912598e-01
3.920360505580902100e-01
4.112447798252105713e-01
3.453846871852874756e-01
3.055328428745269775e-01
2.415692061185836792e-01
3.123349845409393311e-01
2.932425737380981445e-01
3.083214163780212402e-01
3.668326735496520996e-01
4.208985269069671631e-01
3.730506598949432373e-01
3.095888793468475342e-01
3.654839098453521729e-01
3.502329587936401367e-01
3.471355140209197998e-01
3.725214898586273193e-01
3.576444685459136963e-01
4.051611721515655518e-01
3.128157556056976318e-01
4.149863421916961670e-01
3.916837275028228760e-01
3.873097896575927734e-01
3.744303584098815918e-01
3.860506117343902588e-01
3.339030444622039795e-01
3.796224594116210938e-01
4.117910563945770264e-01
3.949004113674163818e-01
3.860958218574523926e-01
3.547355234622955322e-01
3.931478857994079590e-01
3.706240057945251465e-01
3.666687309741973877e-01
2.320226579904556274e-01
3.572102785110473633e-01
3.603185713291168213e-01
3.512363433837890625e-01
3.580237925052642822e-01
3.896848559379577637e-01
4.025191366672515869e-01
3.207439482212066650e-01
3.517421185970306396e-01
3.357835710048675537e-01
4.216108322143554688e-01
3.192569613456726074e-01
3.581725060939788818e-01
2.195878922939300537e-01
2.689036428928375244e-01
3.434445858001708984e-01
4.027059376239776611e-01
2.770073711872100830e-01
3.354766070842742920e-01
3.018727600574493408e-01
3.642281889915466309e-01
2.881485819816589355e-01
3.697066307067871094e-01
2.284696400165557861e-01
3.400546014308929443e-01
4.026771485805511475e-01
3.543991446495056152e-01
3.751614391803741455e-01
3.433766961097717285e-01
3.645201921463012695e-01
3.829764723777770996e-01
4.534994661808013916e-01
4.320149123668670654e-01
3.937155306339263916e-01
2.682202458381652832e-01
3.355706930160522461e-01
3.500810265541076660e-01
3.607351481914520264e-01
3.953727185726165771e-01
2.806840538978576660e-01
3.618240654468536377e-01
3.332437276840209961e-01
3.501904308795928955e-01
3.912384808063507080e-01
3.494761288166046143e-01
3.826175928115844727e-01
3.804158866405487061e-01
3.690227270126342773e-01
3.337038159370422363e-01
3.368216753005981445e-01
3.007331490516662598e-01
4.130604267120361328e-01
3.317563831806182861e-01
3.996565937995910645e-01
3.636278808116912842e-01
2.996249198913574219e-01
2.986821532249450684e-01
3.659138977527618408e-01
3.669309020042419434e-01
2.698894441127777100e-01
3.935254514217376709e-01
3.144860565662384033e-01
3.045499026775360107e-01
2.605783939361572266e-01
3.421820104122161865e-01
3.045368194580078125e-01
3.224036991596221924e-01
2.863791882991790771e-01
3.405531942844390869e-01
3.319590091705322266e-01
3.245294094085693359e-01
2.657614648342132568e-01
3.607439994812011719e-01
3.193310201168060303e-01
3.991229832172393799e-01
3.991245627403259277e-01
3.451849222183227539e-01
3.410229682922363281e-01
3.845824599266052246e-01
2.352706938982009888e-01
3.369109928607940674e-01
3.277296423912048340e-01
3.949186801910400391e-01
3.180289566516876221e-01
3.743613362312316895e-01
3.849691152572631836e-01
3.899745345115661621e-01
3.094482123851776123e-01
3.121070563793182373e-01
3.188654482364654541e-01
3.418708145618438721e-01
3.245753347873687744e-01
2.906366884708404541e-01
2.532055079936981201e-01
3.174917101860046387e-01
3.431236445903778076e-01
3.971086144447326660e-01
4.018112719058990479e-01
3.948748111724853516e-01
3.398994803428649902e-01
2.853805422782897949e-01
3.320335447788238525e-01
3.011545538902282715e-01
3.465112149715423584e-01
2.715056836605072021e-01
3.546938002109527588e-01
3.275252580642700195e-01
3.441308140754699707e-01
2.672273218631744385e-01
3.183269202709197998e-01
3.727175295352935791e-01
3.231245279312133789e-01
3.042191565036773682e-01
3.097728192806243896e-01
3.259445428848266602e-01
3.476301133632659912e-01
3.031529784202575684e-01
3.913462460041046143e-01
2.724446654319763184e-01
2.813408374786376953e-01
3.160784542560577393e-01
3.496623635292053223e-01
3.113098442554473877e-01
4.065788388252258301e-01
3.996898531913757324e-01
3.203395307064056396e-01
2.795320153236389160e-01
3.842825591564178467e-01
3.841451704502105713e-01
4.165540635585784912e-01
3.955754041671752930e-01
3.612166047096252441e-01
3.775235116481781006e-01
3.248509764671325684e-01
3.421552181243896484e-01
3.558674156665802002e-01
3.790204226970672607e-01
3.326530158519744873e-01
3.300651311874389648e-01
3.398440182209014893e-01
3.090658485889434814e-01
4.405934214591979980e-01
3.005737364292144775e-01
2.902882099151611328e-01
4.138140976428985596e-01
3.774214386940002441e-01
4.089780747890472412e-01
4.260706901550292969e-01
3.774986565113067627e-01
2.964574694633483887e-01
3.144812881946563721e-01
3.274714350700378418e-01
4.098396301269531250e-01
3.831829726696014404e-01
3.681628406047821045e-01
3.789718449115753174e-01
2.646183371543884277e-01
3.824990689754486084e-01
3.485344946384429932e-01
3.057571053504943848e-01
2.934361100196838379e-01
3.219760358333587646e-01
3.458798229694366455e-01
3.447202742099761963e-01
3.116596043109893799e-01
4.497472345829010010e-01
4.053311645984649658e-01
3.486057221889495850e-01
3.776603043079376221e-01
4.048549532890319824e-01
3.401228785514831543e-01
3.562276959419250488e-01
3.326014280319213867e-01
3.231503069400787354e-01
4.221474826335906982e-01
3.303427994251251221e-01
3.649341464042663574e-01
3.937296271324157715e-01
3.471903204917907715e-01
4.026739001274108887e-01
3.184967339038848877e-01
3.538233637809753418e-01
3.892748355865478516e-01
2.706625461578369141e-01
3.813747465610504150e-01
3.633564412593841553e-01
3.835839331150054932e-01
4.551406502723693848e-01
3.667287230491638184e-01
3.563281297683715820e-01
3.560076951980590820e-01
3.779836893081665039e-01
2.973690330982208252e-01
2.460068911314010620e-01
4.153316020965576172e-01
3.144447505474090576e-01
3.800786137580871582e-01
3.348277211189270020e-01
3.289110064506530762e-01
3.495583832263946533e-01
3.440679907798767090e-01
3.687976896762847900e-01
3.716303706169128418e-01
3.615220487117767334e-01
2.996350824832916260e-01
2.716316580772399902e-01
3.346253037452697754e-01
3.403240740299224854e-01
2.722412049770355225e-01
3.934198617935180664e-01
3.383730351924896240e-01
3.408459722995758057e-01
3.619823455810546875e-01
3.275962173938751221e-01
2.967436015605926514e-01
3.746670484542846680e-01
3.857606053352355957e-01
3.664993047714233398e-01
3.072670102119445801e-01
3.595604300498962402e-01
3.558198511600494385e-01
2.791636288166046143e-01
3.575170934200286865e-01
3.580598831176757812e-01
3.606338500976562500e-01
3.485613763332366943e-01
3.436664044857025146e-01
3.735268414020538330e-01
3.584195971488952637e-01
2.516399919986724854e-01
4.174664020538330078e-01
3.647494614124298096e-01
3.302138149738311768e-01
3.824388980865478516e-01
4.121148884296417236e-01
2.471720725297927856e-01
3.483023047447204590e-01
3.412096202373504639e-01
2.691040337085723877e-01
3.816986680030822754e-01
3.347747325897216797e-01
4.115810692310333252e-01
3.466942608356475830e-01
3.474820852279663086e-01
3.348347544670104980e-01
3.601667881011962891e-01
3.822513222694396973e-01
3.417111337184906006e-01
2.633732557296752930e-01
3.887809514999389648e-01
2.483820915222167969e-01
2.975876331329345703e-01
3.499557673931121826e-01
3.357664048671722412e-01
2.948475778102874756e-01
3.386833965778350830e-01
4.021857380867004395e-01
3.578130304813385010e-01
4.195479750633239746e-01
3.606353402137756348e-01
2.630635797977447510e-01
4.476404488086700439e-01
3.133272826671600342e-01
3.376449644565582275e-01
2.689821124076843262e-01
2.976045608520507812e-01
3.383139371871948242e-01
3.009178042411804199e-01
3.913573026657104492e-01
3.357564210891723633e-01
3.499940931797027588e-01
3.787334561347961426e-01
3.304262757301330566e-01
3.280232846736907959e-01
3.211823105812072754e-01
3.617041110992431641e-01
2.655866742134094238e-01
3.771404623985290527e-01
4.181987047195434570e-01
3.124492466449737549e-01
2.871875464916229248e-01
3.028752207756042480e-01
3.741047382354736328e-01
4.067526459693908691e-01
3.227485120296478271e-01
3.074628710746765137e-01
3.280844986438751221e-01
3.834968805313110352e-01
3.377578854560852051e-01
3.185592591762542725e-01
4.069169163703918457e-01
2.753661572933197021e-01
3.493130505084991455e-01
3.724180161952972412e-01
3.788894414901733398e-01
3.069281578063964844e-01
3.480173647403717041e-01
3.188525140285491943e-01
2.680097520351409912e-01
3.563879132270812988e-01
4.023475050926208496e-01
3.646420538425445557e-01
3.579838275909423828e-01
3.329178392887115479e-01
2.770057916641235352e-01
2.985705435276031494e-01
3.468603193759918213e-01
3.879888653755187988e-01
3.237158060073852539e-01
3.886635899543762207e-01
3.736188709735870361e-01
3.992333710193634033e-01
3.797828853130340576e-01
3.010416924953460693e-01
3.717195391654968262e-01
3.492428660392761230e-01
3.680990040302276611e-01
2.727947235107421875e-01
2.691293954849243164e-01
3.529452681541442871e-01
3.183310627937316895e-01
3.016749620437622070e-01
3.684989809989929199e-01
4.383845925331115723e-01
3.218395411968231201e-01
3.435073792934417725e-01
3.793435990810394287e-01
2.994275391101837158e-01
3.438143134117126465e-01
3.197924494743347168e-01
3.317785263061523438e-01
3.080766201019287109e-01
3.515553772449493408e-01
2.766562402248382568e-01
4.094137847423553467e-01
3.736903667449951172e-01
2.516599297523498535e-01
3.928163349628448486e-01
3.794330656528472900e-01
3.950661122798919678e-01
2.747555971145629883e-01
3.521969616413116455e-01
3.488055765628814697e-01
3.783463537693023682e-01
4.271765351295471191e-01
3.709295094013214111e-01
3.524532914161682129e-01
3.499853014945983887e-01
2.891649007797241211e-01
3.389154076576232910e-01
3.742289543151855469e-01
3.705561757087707520e-01
3.883311152458190918e-01
3.693580925464630127e-01
3.434910774230957031e-01
3.794440031051635742e-01
4.210107922554016113e-01
3.734982013702392578e-01
3.732827901840209961e-01
2.788004875183105469e-01
3.209524154663085938e-01
2.901183366775512695e-01
4.702328145503997803e-01
3.631699681282043457e-01
3.303672075271606445e-01
3.704168498516082764e-01
3.429044783115386963e-01
4.382712543010711670e-01
3.267681002616882324e-01
3.413482308387756348e-01
3.571411371231079102e-01
3.422714471817016602e-01
3.194858729839324951e-01
2.846844792366027832e-01
3.782877326011657715e-01
4.066240489482879639e-01
3.262521028518676758e-01
3.605732321739196777e-01
4.016064405441284180e-01
3.297228813171386719e-01
3.914007842540740967e-01
3.356600105762481689e-01
4.431117475032806396e-01
3.787564635276794434e-01
3.408585786819458008e-01
2.905874550342559814e-01
4.286665320396423340e-01
3.402068912982940674e-01
3.685778379440307617e-01
2.640779316425323486e-01
3.171464800834655762e-01
2.580611705780029297e-01
4.071913063526153564e-01
3.136350810527801514e-01
2.929269969463348389e-01
3.709732890129089355e-01
3.749111592769622803e-01
3.515286743640899658e-01
3.253083229064941406e-01
3.826396465301513672e-01
3.560947179794311523e-01
2.517910301685333252e-01
3.981634378433227539e-01
2.857842445373535156e-01
3.294004499912261963e-01
3.684606552124023438e-01
3.796657621860504150e-01
3.939647674560546875e-01
2.843606173992156982e-01
3.293980360031127930e-01
3.410757184028625488e-01
2.564957439899444580e-01
2.780600786209106445e-01
3.307085931301116943e-01
4.423096477985382080e-01
3.272069394588470459e-01
3.570494055747985840e-01
3.740528523921966553e-01
3.175526559352874756e-01
2.721695303916931152e-01
3.325595259666442871e-01
3.282459080219268799e-01
3.216311037540435791e-01
3.333562910556793213e-01
3.668964803218841553e-01
3.513496518135070801e-01
3.760720491409301758e-01
3.373744189739227295e-01
3.068069815635681152e-01
3.680611252784729004e-01
3.810827434062957764e-01
3.245270848274230957e-01
3.379352390766143799e-01
3.525154888629913330e-01
3.344356417655944824e-01
2.588275671005249023e-01
2.932898104190826416e-01
3.273937106132507324e-01
3.446153700351715088e-01
3.619583845138549805e-01
3.826141655445098877e-01
3.372314572334289551e-01
3.385862410068511963e-01
3.854947686195373535e-01
3.333825469017028809e-01
3.331364393234252930e-01
2.736189663410186768e-01
2.763116657733917236e-01
3.672787845134735107e-01
2.795932292938232422e-01
3.847794830799102783e-01
3.233118653297424316e-01
2.906729280948638916e-01
3.737729191780090332e-01
3.496026694774627686e-01
3.278320133686065674e-01
3.557173609733581543e-01
3.695996105670928955e-01
3.801364302635192871e-01
3.375554680824279785e-01
3.511759042739868164e-01
3.682950437068939209e-01
3.993408083915710449e-01
3.612189888954162598e-01
3.970274627208709717e-01
3.532275557518005371e-01
3.584081530570983887e-01
3.792209923267364502e-01
3.997025489807128906e-01
4.101056754589080811e-01
3.724339306354522705e-01
3.445717394351959229e-01
3.662106990814208984e-01
2.662585675716400146e-01
3.842768073081970215e-01
3.806924819946289062e-01
2.719759047031402588e-01
3.852944374084472656e-01
3.243740499019622803e-01
3.498553931713104248e-01
3.339140415191650391e-01
2.699872851371765137e-01
3.458982110023498535e-01
3.919074237346649170e-01
4.186616539955139160e-01
3.579459786415100098e-01
3.167882561683654785e-01
3.301467597484588623e-01
3.047054409980773926e-01
2.905367612838745117e-01
3.443511426448822021e-01
3.216279447078704834e-01
3.776502013206481934e-01
3.130232989788055420e-01
3.555491566658020020e-01
3.886293172836303711e-01
3.256586492061614990e-01
3.114656507968902588e-01
2.911516427993774414e-01
3.472123742103576660e-01
3.494037687778472900e-01
3.284716904163360596e-01
3.148894906044006348e-01
3.737204074859619141e-01
4.378269016742706299e-01
3.499592840671539307e-01
3.557441830635070801e-01
3.214561343193054199e-01
3.282334804534912109e-01
2.530994117259979248e-01
3.631467521190643311e-01
3.235625326633453369e-01
2.661690115928649902e-01
3.685971498489379883e-01
3.126715421676635742e-01
3.962674438953399658e-01
3.792403638362884521e-01
3.369766771793365479e-01
2.745705246925354004e-01
2.808643877506256104e-01
3.674407005310058594e-01
3.732396960258483887e-01
3.264528810977935791e-01
2.892496883869171143e-01
4.180557727813720703e-01
2.933747470378875732e-01
2.905366122722625732e-01
3.570742607116699219e-01
3.140566051006317139e-01
2.897723913192749023e-01
3.355960845947265625e-01
3.241235911846160889e-01
4.307592809200286865e-01
3.847250938415527344e-01
2.800650298595428467e-01
4.366607367992401123e-01
3.791783154010772705e-01
3.130140006542205811e-01
3.196221888065338135e-01
3.547451794147491455e-01
3.584484755992889404e-01
2.694516479969024658e-01
2.229396402835845947e-01
3.678087890148162842e-01
3.833557367324829102e-01
3.151135742664337158e-01
2.794564366340637207e-01
3.132159113883972168e-01
3.619642853736877441e-01
2.634346187114715576e-01
3.030948638916015625e-01
4.530556797981262207e-01
3.594691157341003418e-01
3.326352238655090332e-01
3.947637081146240234e-01
2.580717206001281738e-01
3.659586608409881592e-01
3.572812378406524658e-01
3.515383601188659668e-01
3.162289559841156006e-01
3.345288932323455811e-01
3.430612683296203613e-01
3.454464077949523926e-01
2.907247245311737061e-01
3.297016024589538574e-01
3.737889826297760010e-01
3.826303184032440186e-01
3.214129507541656494e-01
3.231570124626159668e-01
4.137469828128814697e-01
3.592028021812438965e-01
3.124522268772125244e-01
3.574722409248352051e-01
3.310261964797973633e-01
3.764775693416595459e-01
3.468807339668273926e-01
3.856675624847412109e-01
4.083740711212158203e-01
3.257017135620117188e-01
3.685271739959716797e-01
2.980218529701232910e-01
3.665534853935241699e-01
4.060664474964141846e-01
3.168664276599884033e-01
3.671662807464599609e-01
3.232814073562622070e-01
3.363757729530334473e-01
3.399567306041717529e-01
3.304067254066467285e-01
4.126234352588653564e-01
3.989320695400238037e-01
3.623248636722564697e-01
2.877705395221710205e-01
3.132806718349456787e-01
3.368496596813201904e-01
3.505435883998870850e-01
3.945725262165069580e-01
3.485636115074157715e-01
4.014030992984771729e-01
3.119983971118927002e-01
3.565286397933959961e-01
2.678050398826599121e-01
2.965849637985229492e-01
2.469254434108734131e-01
2.806842029094696045e-01
3.007818460464477539e-01
3.379449546337127686e-01
3.603629469871520996e-01
3.401245772838592529e-01
3.236463367938995361e-01
3.128015100955963135e-01
2.790104150772094727e-01
3.427291512489318848e-01
3.691561818122863770e-01
3.114499449729919434e-01
2.819452285766601562e-01
3.278599977493286133e-01
3.394626975059509277e-01
3.582444190979003906e-01
3.322077393531799316e-01
3.173645436763763428e-01
2.809552550315856934e-01
2.986824810504913330e-01
4.134390652179718018e-01
3.288235068321228027e-01
3.416768610477447510e-01
2.944185137748718262e-01
3.172819912433624268e-01
3.445191979408264160e-01
3.210485875606536865e-01
3.836125731468200684e-01
3.361427485942840576e-01
3.279698193073272705e-01
3.745999336242675781e-01
3.769753575325012207e-01
3.525632023811340332e-01
3.706333041191101074e-01
3.549515604972839355e-01
2.534551322460174561e-01
2.914456725120544434e-01
3.324463665485382080e-01
3.180694282054901123e-01
3.158987462520599365e-01
3.522225022315979004e-01
3.284506797790527344e-01
3.380772173404693604e-01
3.129023611545562744e-01
3.424797356128692627e-01
3.427579402923583984e-01
3.196160495281219482e-01
3.109433352947235107e-01
3.909260630607604980e-01
3.613176941871643066e-01
3.275355398654937744e-01
3.342342078685760498e-01
3.618404567241668701e-01
3.543266057968139648e-01
2.985115349292755127e-01
3.015704154968261719e-01
2.664761841297149658e-01
3.460894823074340820e-01
3.189872205257415771e-01
3.711298704147338867e-01
3.091305792331695557e-01
3.988488018512725830e-01
3.629377484321594238e-01
3.480768799781799316e-01
2.508426606655120850e-01
3.000219464302062988e-01
3.117266893386840820e-01
3.682180345058441162e-01
2.688188254833221436e-01
3.420183658599853516e-01
4.005679786205291748e-01
3.472702503204345703e-01
3.382973968982696533e-01
3.389806449413299561e-01
3.357247412204742432e-01
2.603689730167388916e-01
3.141382038593292236e-01
3.615457713603973389e-01
2.899855077266693115e-01
3.271646797657012939e-01
4.302029609680175781e-01
3.566588759422302246e-01
3.913422822952270508e-01
3.545110523700714111e-01
4.044348895549774170e-01
3.306677937507629395e-01
2.556331455707550049e-01
3.334251642227172852e-01
4.013001024723052979e-01
3.196348845958709717e-01
3.338119089603424072e-01
2.767355144023895264e-01
3.170951902866363525e-01
3.737795352935791016e-01
3.645815551280975342e-01
3.334912359714508057e-01
2.984554767608642578e-01
2.925203144550323486e-01
3.605144917964935303e-01
3.169735372066497803e-01
3.624064922332763672e-01
2.937377989292144775e-01
2.449574619531631470e-01
3.841239213943481445e-01
3.489961922168731689e-01
4.384174942970275879e-01
3.482083678245544434e-01
3.128781020641326904e-01
3.232674896717071533e-01
3.389264345169067383e-01
3.671601116657257080e-01
2.747994065284729004e-01
3.262185454368591309e-01
3.649701178073883057e-01
3.445590436458587646e-01
3.375623524188995361e-01
3.747218847274780273e-01
2.972168028354644775e-01
3.449741601943969727e-01
3.449762463569641113e-01
3.545148968696594238e-01
3.901824951171875000e-01
3.339581191539764404e-01
3.257455229759216309e-01
3.188286721706390381e-01
3.349396586418151855e-01
3.552117943763732910e-01
3.244854509830474854e-01
3.458194434642791748e-01
3.962935805320739746e-01
3.396381437778472900e-01
3.859203457832336426e-01
3.400436043739318848e-01
2.691948413848876953e-01
2.905558347702026367e-01
3.385098576545715332e-01
3.880264759063720703e-01
3.440406918525695801e-01
3.076645731925964355e-01
3.581765890121459961e-01
2.871081531047821045e-01
3.304989039897918701e-01
3.417958021163940430e-01
3.482258319854736328e-01
3.082697391510009766e-01
3.128771483898162842e-01
3.379909396171569824e-01
2.639940679073333740e-01
3.214558362960815430e-01
3.638427853584289551e-01
2.942950725555419922e-01
3.638107180595397949e-01
3.728952705860137939e-01
3.716382086277008057e-01
3.132958412170410156e-01
3.074302375316619873e-01
4.018509685993194580e-01
4.103998243808746338e-01
2.422857582569122314e-01
3.536317050457000732e-01
3.097940683364868164e-01
3.153138458728790283e-01
2.808579504489898682e-01
3.641594648361206055e-01
3.231724202632904053e-01
3.417645990848541260e-01
3.696996569633483887e-01
3.646136224269866943e-01
3.221089243888854980e-01
4.203242063522338867e-01
3.174191713333129883e-01
3.070893287658691406e-01
3.598671257495880127e-01
3.403958976268768311e-01
3.320239186286926270e-01
3.300369679927825928e-01
3.363159000873565674e-01
3.439446985721588135e-01
2.867440283298492432e-01
3.555233180522918701e-01
3.467600643634796143e-01
2.904537618160247803e-01
2.799564898014068604e-01
3.776190280914306641e-01
2.873165011405944824e-01
2.717977762222290039e-01
3.953378796577453613e-01
3.112984299659729004e-01
3.431580364704132080e-01
3.194457590579986572e-01
2.783485352993011475e-01
3.219355344772338867e-01
3.584116101264953613e-01
2.702271938323974609e-01
3.378826379776000977e-01
3.198829293251037598e-01
3.833615183830261230e-01
2.739514410495758057e-01
3.054071962833404541e-01
3.393252491950988770e-01
2.923233211040496826e-01
3.644046783447265625e-01
3.273563086986541748e-01
3.238149583339691162e-01
3.302900493144989014e-01
3.898631632328033447e-01
2.930904030799865723e-01
3.343640267848968506e-01
3.597685992717742920e-01
2.360500693321228027e-01
2.915492355823516846e-01
3.738057613372802734e-01
3.894436359405517578e-01
3.205238580703735352e-01
4.090880155563354492e-01
2.860912084579467773e-01
3.454429805278778076e-01
3.579422533512115479e-01
2.604859173297882080e-01
3.138630986213684082e-01
3.842703998088836670e-01
3.464190661907196045e-01
2.856656312942504883e-01
3.773796260356903076e-01
3.361156880855560303e-01
3.025182783603668213e-01
2.459065765142440796e-01
3.226509392261505127e-01
2.887745797634124756e-01
3.623375892639160156e-01
3.476237356662750244e-01
2.988219559192657471e-01
2.767977416515350342e-01
3.400756418704986572e-01
3.658709228038787842e-01
3.587044775485992432e-01
3.716531097888946533e-01
3.704926371574401855e-01
2.722693383693695068e-01
2.666604518890380859e-01
2.659162282943725586e-01
3.222182989120483398e-01
3.362499773502349854e-01
2.795750200748443604e-01
3.868494033813476562e-01
3.149105012416839600e-01
3.561377227306365967e-01
3.470633029937744141e-01
2.762762904167175293e-01
2.653875052928924561e-01
3.061384558677673340e-01
4.246926605701446533e-01
3.684973418712615967e-01
2.723474502563476562e-01
3.221271038055419922e-01
2.667321264743804932e-01
3.818554878234863281e-01
3.115670382976531982e-01
2.981883287429809570e-01
3.040855824947357178e-01
3.325702250003814697e-01
3.753460943698883057e-01
3.116174638271331787e-01
3.622279763221740723e-01
3.394944071769714355e-01
2.815378010272979736e-01
3.442191779613494873e-01
2.412613928318023682e-01
2.609351873397827148e-01
3.023243844509124756e-01
2.849389016628265381e-01
3.040055632591247559e-01
2.697877287864685059e-01
2.946031987667083740e-01
3.252977430820465088e-01
3.005417585372924805e-01
3.540628850460052490e-01
2.992677390575408936e-01
3.141713440418243408e-01
2.614458501338958740e-01
3.258538842201232910e-01
2.839459776878356934e-01
3.031844496726989746e-01
3.523104786872863770e-01
3.178688883781433105e-01
2.956153154373168945e-01
2.950575053691864014e-01
3.482077121734619141e-01
3.149901628494262695e-01
3.095853328704833984e-01
3.111324608325958252e-01
3.243872523307800293e-01
3.151190280914306641e-01
2.993638217449188232e-01
3.211817741394042969e-01
2.592084109783172607e-01
3.498744964599609375e-01
3.633393645286560059e-01
3.628765344619750977e-01
2.940444052219390869e-01
2.922567129135131836e-01
4.170086085796356201e-01
3.723979592323303223e-01
3.448077142238616943e-01
2.742801010608673096e-01
2.808168232440948486e-01
3.762492537498474121e-01
3.693353533744812012e-01
2.744032740592956543e-01
2.358127087354660034e-01
3.362925052642822266e-01
2.929459214210510254e-01
2.630821466445922852e-01
3.196454942226409912e-01
2.811906635761260986e-01
3.296251296997070312e-01
2.520798742771148682e-01
2.814499735832214355e-01
3.186385929584503174e-01
3.111189901828765869e-01
3.564388155937194824e-01
2.913322150707244873e-01
3.487981259822845459e-01
3.326870203018188477e-01
2.768916785717010498e-01
2.868122160434722900e-01
3.142104148864746094e-01
3.534621298313140869e-01
2.792868018150329590e-01
2.285859584808349609e-01
2.837578952312469482e-01
2.598114311695098877e-01
3.320517838001251221e-01
3.542762696743011475e-01
3.441169857978820801e-01
3.061329424381256104e-01
3.461119234561920166e-01
2.918752729892730713e-01
2.576419115066528320e-01
2.877131998538970947e-01
3.450100123882293701e-01
3.293242156505584717e-01
2.393293529748916626e-01
2.635277807712554932e-01
3.720448613166809082e-01
3.778674304485321045e-01
2.889452576637268066e-01
3.483273386955261230e-01
2.811157107353210449e-01
2.856103777885437012e-01
3.851150870323181152e-01
3.097696304321289062e-01
3.174872696399688721e-01
2.627332508563995361e-01
3.256553411483764648e-01
3.218568563461303711e-01
2.794499397277832031e-01
3.037265837192535400e-01
2.510747015476226807e-01
2.992154061794281006e-01
3.799148499965667725e-01
2.768863737583160400e-01
2.755162417888641357e-01
2.666523754596710205e-01
2.649271786212921143e-01
3.368033468723297119e-01
3.463819921016693115e-01
2.543010711669921875e-01
3.853526711463928223e-01
3.371561765670776367e-01
3.001376688480377197e-01
3.176522850990295410e-01
4.012476205825805664e-01
2.646287977695465088e-01
3.260845839977264404e-01
3.135690987110137939e-01
3.154446780681610107e-01
2.864296436309814453e-01
3.515725135803222656e-01
3.012484312057495117e-01
2.816319167613983154e-01
3.732584416866302490e-01
2.572857737541198730e-01
3.149038255214691162e-01
3.784365653991699219e-01
3.422349095344543457e-01
3.697035908699035645e-01
2.998612821102142334e-01
3.773747384548187256e-01
2.897924780845642090e-01
2.829447984695434570e-01
2.698267996311187744e-01
2.636561095714569092e-01
3.296881318092346191e-01
2.576371729373931885e-01
3.441529870033264160e-01
2.498139292001724243e-01
3.245816826820373535e-01
2.631490230560302734e-01
3.177675604820251465e-01
2.549877762794494629e-01
2.908700406551361084e-01
2.690575420856475830e-01
3.962712287902832031e-01
3.722984492778778076e-01
3.861040472984313965e-01
3.354099094867706299e-01
3.528197109699249268e-01
4.194281995296478271e-01
3.187800049781799316e-01
3.528179526329040527e-01
3.163065314292907715e-01
2.915730774402618408e-01
2.396166771650314331e-01
3.153812885284423828e-01
2.716026306152343750e-01
3.547181487083435059e-01
2.961865067481994629e-01
3.179702758789062500e-01
2.483372688293457031e-01
3.235262036323547363e-01
2.647108733654022217e-01
3.319187164306640625e-01
3.625426292419433594e-01
2.656947672367095947e-01
2.767926454544067383e-01
3.014316558837890625e-01
3.348630666732788086e-01
3.802748024463653564e-01
3.325959742069244385e-01
2.673330903053283691e-01
3.204241096973419189e-01
3.275391757488250732e-01
2.747177183628082275e-01
2.784269750118255615e-01
3.338784277439117432e-01
3.139523565769195557e-01
3.104195296764373779e-01
3.117451667785644531e-01
3.321382999420166016e-01
2.603781819343566895e-01
2.500913143157958984e-01
3.618548214435577393e-01
3.317804038524627686e-01
3.117699623107910156e-01
3.129919767379760742e-01
2.376598864793777466e-01
3.299161493778228760e-01
2.913798391819000244e-01
2.624885439872741699e-01
3.549721240997314453e-01
2.396827191114425659e-01
3.052766323089599609e-01
3.149875104427337646e-01
3.226722776889801025e-01
3.147917985916137695e-01
3.433089554309844971e-01
3.124595880508422852e-01
3.571771681308746338e-01
2.565815746784210205e-01
3.099499642848968506e-01
2.860295176506042480e-01
3.583839833736419678e-01
3.228563070297241211e-01
2.950100302696228027e-01
3.393860757350921631e-01
3.429923653602600098e-01
3.283392786979675293e-01
4.042248129844665527e-01
3.328909575939178467e-01
2.769720852375030518e-01
3.611135184764862061e-01
3.616594970226287842e-01
2.968113720417022705e-01
3.414123952388763428e-01
2.569457292556762695e-01
2.682099342346191406e-01
3.752218782901763916e-01
3.394160270690917969e-01
3.412463366985321045e-01
3.623959720134735107e-01
3.168715834617614746e-01
3.138248324394226074e-01
3.501367866992950439e-01
2.854123711585998535e-01
3.304549753665924072e-01
3.461597859859466553e-01
2.560087740421295166e-01
3.048575222492218018e-01
3.671161830425262451e-01
2.488994300365447998e-01
3.389184474945068359e-01
2.805252373218536377e-01
3.287165164947509766e-01
3.397342562675476074e-01
3.441935777664184570e-01
3.237015008926391602e-01
3.207790553569793701e-01
3.304854035377502441e-01
3.645852208137512207e-01
2.519088089466094971e-01
3.267777264118194580e-01
3.121373057365417480e-01
3.253894746303558350e-01
3.702687621116638184e-01
2.551816701889038086e-01
2.923190891742706299e-01
3.296830952167510986e-01
2.736300826072692871e-01
3.709685504436492920e-01
2.491810321807861328e-01
2.774640917778015137e-01
3.294239342212677002e-01
2.874222099781036377e-01
3.179465234279632568e-01
3.320873379707336426e-01
2.785774767398834229e-01
3.414583206176757812e-01
3.414717614650726318e-01
3.657592535018920898e-01
2.799216508865356445e-01
2.812251150608062744e-01
2.887606918811798096e-01
3.303647339344024658e-01
3.042981922626495361e-01
2.758934795856475830e-01
2.302751243114471436e-01
3.122581839561462402e-01
3.797791302204132080e-01
3.650598824024200439e-01
3.431907296180725098e-01
2.551974356174468994e-01
2.910803854465484619e-01
3.064466118812561035e-01
2.637806534767150879e-01
2.942957580089569092e-01
3.485639393329620361e-01
3.645004928112030029e-01
2.443034946918487549e-01
3.378025889396667480e-01
2.929755151271820068e-01
2.946141958236694336e-01
3.557689189910888672e-01
3.079970777034759521e-01
3.135682940483093262e-01
2.677894532680511475e-01
3.453626930713653564e-01
3.155585229396820068e-01
2.637576758861541748e-01
2.695266902446746826e-01
3.103533387184143066e-01
3.480365872383117676e-01
3.396014273166656494e-01
3.167049586772918701e-01
3.621599674224853516e-01
3.502558469772338867e-01
3.559373021125793457e-01
2.872145473957061768e-01
2.813998162746429443e-01
3.234545588493347168e-01
3.535457253456115723e-01
2.821949422359466553e-01
2.979752123355865479e-01
2.529418766498565674e-01
2.916522920131683350e-01
2.502051889896392822e-01
3.028489053249359131e-01
3.134635090827941895e-01
3.090701401233673096e-01
3.663285970687866211e-01
3.325370550155639648e-01
3.209435045719146729e-01
3.237681388854980469e-01
2.810158729553222656e-01
2.847985625267028809e-01
2.534591853618621826e-01
3.409415483474731445e-01
3.295165896415710449e-01
3.478585183620452881e-01
3.360337316989898682e-01
2.675862014293670654e-01
2.933063805103302002e-01
3.268142342567443848e-01
3.758654594421386719e-01
3.470309078693389893e-01
3.198688328266143799e-01
3.402403891086578369e-01
3.213781416416168213e-01
3.322264254093170166e-01
2.546303272247314453e-01
2.545872628688812256e-01
3.248332738876342773e-01
2.420164644718170166e-01
3.176376819610595703e-01
2.903178632259368896e-01
3.840302526950836182e-01
3.258753120899200439e-01
3.365687131881713867e-01
3.304276466369628906e-01
2.831373512744903564e-01
3.266484439373016357e-01
3.062032163143157959e-01
3.756791651248931885e-01
3.220576047897338867e-01
3.532757461071014404e-01
3.179102540016174316e-01
2.532283961772918701e-01
3.309933543205261230e-01
3.283666074275970459e-01
2.668884396553039551e-01
3.377267122268676758e-01
2.532817721366882324e-01
3.287776410579681396e-01
2.716555297374725342e-01
3.333424627780914307e-01
3.295602202415466309e-01
3.614163994789123535e-01
2.846386730670928955e-01
2.346082925796508789e-01
3.215544223785400391e-01
3.413118422031402588e-01
3.313280940055847168e-01
3.275247216224670410e-01
3.657397031784057617e-01
2.927463650703430176e-01
2.681724727153778076e-01
3.112311661243438721e-01
2.917610108852386475e-01
2.658217549324035645e-01
3.330855965614318848e-01
3.044746518135070801e-01
3.370681703090667725e-01
3.281779289245605469e-01
3.278687596321105957e-01
3.528327941894531250e-01
3.203916251659393311e-01
3.404255509376525879e-01
3.772936761379241943e-01
3.452563285827636719e-01
3.601074516773223877e-01
3.024044334888458252e-01
2.986118495464324951e-01
3.458202481269836426e-01
2.918580770492553711e-01
2.648863196372985840e-01
2.964440882205963135e-01
3.336760103702545166e-01
2.595437467098236084e-01
2.772066593170166016e-01
3.325740694999694824e-01
3.765309751033782959e-01
3.088240623474121094e-01
3.058652877807617188e-01
3.326536417007446289e-01
3.251413404941558838e-01
3.613075911998748779e-01
3.324382305145263672e-01
3.046565949916839600e-01
3.250221610069274902e-01
3.322720527648925781e-01
2.916248738765716553e-01
3.430127799510955811e-01
3.480770587921142578e-01
2.646443247795104980e-01
2.829836010932922363e-01
3.290160894393920898e-01
3.474572896957397461e-01
2.688244879245758057e-01
3.048458099365234375e-01
3.892531096935272217e-01
2.413121610879898071e-01
2.639416158199310303e-01
2.836110293865203857e-01
2.639836370944976807e-01
3.082229197025299072e-01
3.302698135375976562e-01
3.547693192958831787e-01
3.359247744083404541e-01
3.089721202850341797e-01
2.880020737648010254e-01
2.366191744804382324e-01
3.985345363616943359e-01
3.213462531566619873e-01
2.916703522205352783e-01
3.555765450000762939e-01
3.200280964374542236e-01
2.308776080608367920e-01
2.840497493743896484e-01
3.439186811447143555e-01
3.452624380588531494e-01
2.996716797351837158e-01
2.491941750049591064e-01
2.808718085289001465e-01
2.383716702461242676e-01
2.843901216983795166e-01
3.675614297389984131e-01
3.349305689334869385e-01
3.181329667568206787e-01
3.111917674541473389e-01
3.517364561557769775e-01
2.994114160537719727e-01
2.780724167823791504e-01
3.741050362586975098e-01
3.581015169620513916e-01
2.731952965259552002e-01
2.780665159225463867e-01
3.391492664813995361e-01
3.295987546443939209e-01
2.730534970760345459e-01
3.271627128124237061e-01
2.447970062494277954e-01
2.937258780002593994e-01
3.133733868598937988e-01
2.786366939544677734e-01
2.735030651092529297e-01
2.705329060554504395e-01
3.388034403324127197e-01
2.986626625061035156e-01
3.267674744129180908e-01
3.402116000652313232e-01
2.868324220180511475e-01
2.961691915988922119e-01
2.433645576238632202e-01
2.706544697284698486e-01
3.286941349506378174e-01
3.525737524032592773e-01
2.696039676666259766e-01
3.018009662628173828e-01
3.383538126945495605e-01
3.017942905426025391e-01
3.483400642871856689e-01
2.522095441818237305e-01
2.607461214065551758e-01
3.682109117507934570e-01
3.317245841026306152e-01
2.968693971633911133e-01
2.979265451431274414e-01
2.533086538314819336e-01
3.576076328754425049e-01
3.162129521369934082e-01
3.319344818592071533e-01
3.359510004520416260e-01
3.017269074916839600e-01
2.909912467002868652e-01
2.724491655826568604e-01
3.449374437332153320e-01
2.780862748622894287e-01
3.021514415740966797e-01
2.936401069164276123e-01
3.017330169677734375e-01
3.001665174961090088e-01
3.293850123882293701e-01
2.651681303977966309e-01
3.520287871360778809e-01
2.998185455799102783e-01
3.166476786136627197e-01
3.972171545028686523e-01
3.227753937244415283e-01
3.357872962951660156e-01
3.371607661247253418e-01
3.865467905998229980e-01
2.661798894405364990e-01
2.779335379600524902e-01
2.665156424045562744e-01
2.880487442016601562e-01
3.207660913467407227e-01
2.853683531284332275e-01
3.210121989250183105e-01
3.454219102859497070e-01
3.056644499301910400e-01
2.616427540779113770e-01
2.655314505100250244e-01
2.622336149215698242e-01
3.112521469593048096e-01
3.691723048686981201e-01
3.474951088428497314e-01
2.935071587562561035e-01
2.504960000514984131e-01
2.958880960941314697e-01
3.167242407798767090e-01
3.034355342388153076e-01
2.770700752735137939e-01
3.644874989986419678e-01
2.281963825225830078e-01
3.065777122974395752e-01
3.156473338603973389e-01
2.656081318855285645e-01
2.807618975639343262e-01
3.541958034038543701e-01
2.573557198047637939e-01
2.664289772510528564e-01
3.039117753505706787e-01
2.698140740394592285e-01
3.137587308883666992e-01
3.304632306098937988e-01
3.420123755931854248e-01
2.510918378829956055e-01
2.762040197849273682e-01
3.418295383453369141e-01
3.186318874359130859e-01
3.206803500652313232e-01
3.248274028301239014e-01
3.467327654361724854e-01
3.016873598098754883e-01
2.872836887836456299e-01
2.560622990131378174e-01
2.668709754943847656e-01
3.572554290294647217e-01
2.574795782566070557e-01
2.768744528293609619e-01
4.104025065898895264e-01
2.935946583747863770e-01
2.655220031738281250e-01
3.311502039432525635e-01
3.236162066459655762e-01
3.112584650516510010e-01
3.387919366359710693e-01
3.174368739128112793e-01
3.401938974857330322e-01
3.031901419162750244e-01
2.729837000370025635e-01
3.386030197143554688e-01
3.706618547439575195e-01
3.650558590888977051e-01
3.315515220165252686e-01
2.586716413497924805e-01
3.145610094070434570e-01
2.335945367813110352e-01
2.983511090278625488e-01
2.855367660522460938e-01
3.137966394424438477e-01
2.272979319095611572e-01
2.979021072387695312e-01
3.205617666244506836e-01
3.158880770206451416e-01
3.115457594394683838e-01
2.724952995777130127e-01
3.491994738578796387e-01
2.933244705200195312e-01
2.996321320533752441e-01
2.856717109680175781e-01
3.610224723815917969e-01
3.530182540416717529e-01
3.177809715270996094e-01
2.759901881217956543e-01
3.457101583480834961e-01
2.858938872814178467e-01
2.485822737216949463e-01
2.894854843616485596e-01
3.232297599315643311e-01
2.943439483642578125e-01
2.596659660339355469e-01
2.588337063789367676e-01
2.704542279243469238e-01
2.479404360055923462e-01
2.914293110370635986e-01
2.605133652687072754e-01
2.621523141860961914e-01
3.175409436225891113e-01
2.708006203174591064e-01
2.843033969402313232e-01
2.670959830284118652e-01
3.262005150318145752e-01
3.486492037773132324e-01
3.396331667900085449e-01
3.449480235576629639e-01
2.318915575742721558e-01
3.354841470718383789e-01
2.672394514083862305e-01
2.903098464012145996e-01
2.994576096534729004e-01
3.393646180629730225e-01
2.847212553024291992e-01
2.333616167306900024e-01
2.303188741207122803e-01
2.818014621734619141e-01
3.116912245750427246e-01
2.976456284523010254e-01
2.461950182914733887e-01
2.408790141344070435e-01
2.645984590053558350e-01
3.408067226409912109e-01
2.810291647911071777e-01
3.017295300960540771e-01
3.233484625816345215e-01
3.616922497749328613e-01
3.000327944755554199e-01
2.956523299217224121e-01
2.756521403789520264e-01
3.124324083328247070e-01
3.186008036136627197e-01
2.571756541728973389e-01
3.075143992900848389e-01
2.876482903957366943e-01
3.095939755439758301e-01
2.899871170520782471e-01
2.646559476852416992e-01
2.715664207935333252e-01
2.796789109706878662e-01
2.903373837471008301e-01
2.590385377407073975e-01
2.908180058002471924e-01
2.761090099811553955e-01
2.528072595596313477e-01
3.195356130599975586e-01
2.388609200716018677e-01
3.248418569564819336e-01
2.649591267108917236e-01
2.639737129211425781e-01
3.266689479351043701e-01
3.498271703720092773e-01
2.319243550300598145e-01
3.726374208927154541e-01
3.361411690711975098e-01
2.421977370977401733e-01
3.205901980400085449e-01
3.611283302307128906e-01
3.196051120758056641e-01
2.995325624942779541e-01
3.405199050903320312e-01
2.888087034225463867e-01
2.634710669517517090e-01
3.304830193519592285e-01
3.356266915798187256e-01
2.810110449790954590e-01
2.519645094871520996e-01
3.084887266159057617e-01
2.702276408672332764e-01
3.016554713249206543e-01
2.990470230579376221e-01
2.843841612339019775e-01
2.334755212068557739e-01
2.880928516387939453e-01
2.689445912837982178e-01
2.716347277164459229e-01
3.150179386138916016e-01
2.572866380214691162e-01
3.245052099227905273e-01
2.470384240150451660e-01
3.566584587097167969e-01
2.432668209075927734e-01
2.709258198738098145e-01
3.193723559379577637e-01
2.616515755653381348e-01
3.213967382907867432e-01
2.364349365234375000e-01
2.209257483482360840e-01
2.985109090805053711e-01
3.240835070610046387e-01
2.640187442302703857e-01
2.800033688545227051e-01
2.795182168483734131e-01
3.040098249912261963e-01
3.194554448127746582e-01
2.885773479938507080e-01
3.351450562477111816e-01
2.286102771759033203e-01
2.284367531538009644e-01
3.217875361442565918e-01
3.152625560760498047e-01
3.404205739498138428e-01
3.554992377758026123e-01
3.335750102996826172e-01
