9.871645584878219637e+00
1.107052607468635763e+01
7.302783344863175152e+00
1.096772004723737481e+01
1.028200965556278135e+01
1.087894576487358478e+01
9.875309730765186700e+00
1.021427732664871613e+01
8.873256319804369241e+00
7.447621870109989217e+00
1.082455164241845225e+01
1.186375989434526446e+01
1.201825588910056553e+01
9.064250171525657152e+00
8.404524135732426515e+00
1.123676782091328974e+01
1.070819462390988264e+01
6.360292465444578269e+00
1.076735412004445536e+01
7.368957821749355652e+00
9.998081398842659340e+00
8.438571571279135597e+00
1.103433730821874725e+01
9.737010644551737926e+00
4.985662992208787614e+00
8.403385694122249561e+00
8.314424348136416398e+00
9.797056973552789927e+00
1.088478651083602600e+01
6.944098321707356192e+00
8.035321649661876009e+00
1.029642749570631466e+01
1.052797241186952704e+01
5.221556568462892400e+00
1.172774321471272607e+01
6.899388122040274851e+00
9.011595401304742126e+00
9.604907550788297499e+00
1.096054895821153075e+01
1.142542698569610060e+01
1.082413306727703883e+01
8.625547951585090800e+00
1.105314778222649430e+01
9.010695694806763356e+00
6.370040374649932780e+00
1.001031318481267363e+01
1.042266439807991318e+01
1.062458913801656912e+01
1.015835172338205261e+01
1.091822428489236430e+01
9.407109245828666033e+00
1.015706771002947484e+01
1.011977561431553951e+01
9.940106409508512542e+00
1.064515246105176871e+01
8.872203511545491139e+00
6.712612003032210062e+00
1.095974649160714165e+01
9.424109794461658751e+00
7.651767290275371280e+00
1.058282522625975375e+01
1.080312497206898570e+01
9.605478998957689640e+00
5.086649277361971144e+00
9.593690724385943724e+00
1.136592029573767881e+01
1.135000722003443308e+01
9.940318821249395143e+00
9.435489895328316834e+00
6.500600632269014412e+00
9.571406402925983770e+00
9.169547030793882669e+00
4.939147027332017714e+00
8.116034278461938811e+00
6.850260766253408740e+00
6.038760086418291095e+00
9.827244776797382286e+00
7.130159816011666152e+00
9.009026070458199698e+00
1.042407490909133472e+01
8.610772001362294148e+00
1.245880828137001117e+01
8.959469396777654637e+00
9.762384974492217538e+00
1.016783180358321381e+01
1.103871869125962490e+01
1.061996364655611202e+01
8.302441700132691338e+00
9.710711730210400461e+00
5.831713334891732714e+00
9.808883126381367390e+00
8.654923336487685859e+00
1.116400577591890197e+01
9.036707094817643338e+00
1.130268620522817358e+01
1.175123900886047679e+01
1.018977345042669747e+01
9.330672356606967810e+00
7.909719079849871548e+00
6.177582168453533917e+00
1.212073012258846560e+01
8.668160488682797649e+00
9.338589583779343783e+00
1.045636649557516051e+01
1.087762754495884110e+01
1.075847830604202571e+01
1.149366639747389840e+01
8.806865188983445947e+00
1.086871881766324321e+01
1.036580589422582044e+01
1.161819949912221972e+01
8.450162710539993682e+00
9.997871953691554125e+00
1.112645824350948054e+01
1.006949882015356224e+01
9.806696014560326802e+00
9.240655123443954011e+00
1.158909678718545599e+01
8.350242280410505202e+00
8.949608611701993510e+00
1.112509207677682177e+01
8.625203975505810305e+00
1.119025049769162550e+01
9.723768118125732940e+00
9.636214852443764300e+00
8.184045829184281473e+00
9.221672145487694650e+00
9.581039456773222440e+00
1.088305991095596603e+01
9.281101321472970511e+00
1.083917507496685850e+01
9.951129043608084146e+00
6.544033461719481970e+00
9.382038878632792844e+00
7.915073876567117139e+00
9.929054746997490355e+00
6.817358566303314049e+00
9.861931196566425584e+00
8.263017215798004855e+00
1.051112132540228572e+01
1.134468143837556120e+01
1.050735559284782994e+01
6.234195475186386837e+00
1.005341195847278790e+01
8.891654304470488768e+00
1.100637228007705204e+01
9.374612917564849823e+00
1.067357824593679894e+01
1.132171486605771271e+01
1.133103807076252956e+01
9.806696014560326802e+00
1.014698167577464361e+01
1.019316925936119489e+01
1.155240668066580056e+01
1.209107598438057707e+01
9.996824958274560302e+00
9.714007422767345190e+00
9.116905323803582206e+00
1.034819592566201152e+01
1.067481575858351306e+01
7.056080185896972168e+00
1.080603227234921704e+01
9.068827152438139194e+00
9.298164833040988952e+00
9.089122385260841597e+00
6.613118719417277802e+00
5.895783418358385930e+00
9.380601927953431840e+00
8.056037807689953922e+00
1.043093088288046388e+01
6.000527497210204508e+00
1.134601376935260042e+01
6.893392427403396638e+00
8.074301288935942011e+00
7.377992409552694753e+00
6.846066244437724713e+00
8.720683682374181345e+00
8.633573080855942550e+00
1.133779836770182037e+01
1.129083205081581553e+01
9.875309730765186700e+00
9.831136443335127595e+00
8.886009866801272139e+00
1.135140696400341298e+01
9.330672356606967810e+00
9.348655838458384437e+00
1.035519222430116315e+01
8.926315607471273950e+00
1.047792296305722992e+01
7.102370567203427854e+00
9.118919594066390744e+00
1.177815303944483460e+01
1.092236916551005166e+01
7.243081731189088934e+00
9.214257022452361667e+00
8.616755531555050140e+00
8.810259280158867057e+00
9.440696993651208402e+00
1.237354930944953679e+01
5.845253204634362376e+00
9.907294294084490360e+00
9.915200612181561013e+00
1.118490220947270508e+01
1.096583881680200001e+01
8.769664171567178812e+00
1.078066520284810004e+01
1.153606431047088776e+01
1.062245511936399112e+01
1.136006905600992667e+01
1.216951769651543991e+01
7.058809557728891626e+00
9.242561916646724995e+00
1.123463183533749898e+01
9.724994383231504003e+00
9.203115014750228084e+00
5.103951721836372357e+00
1.261612334360012078e+01
1.111383308863492836e+01
1.130425319782835203e+01
1.007690242452427221e+01
1.207629602729778995e+01
8.910515314061473902e+00
6.693082217668893996e+00
1.049197702004249066e+01
1.180306041738549538e+01
9.807297074787740598e+00
1.142144517202843090e+01
9.985919174413965038e+00
9.273771385612832319e+00
9.541955415746166125e+00
1.104574684129197060e+01
9.088109620382356368e+00
7.187231551801605889e+00
7.441598218186078917e+00
9.111611949604778715e+00
8.626302477886738984e+00
1.112782388780471265e+01
9.554797534748098897e+00
8.173151112174952715e+00
7.265416741987925420e+00
8.974615804042393563e+00
1.029662224668329173e+01
9.067556342954123494e+00
1.081910357902911812e+01
8.620603559362526980e+00
9.185487491876621391e+00
8.843167211707267938e+00
8.217503179269405322e+00
6.086594322732901574e+00
9.093299173229986820e+00
1.016552063996046584e+01
1.102641857790394653e+01
1.005836876887752851e+01
1.027883677387689865e+01
1.047031816889729505e+01
1.068591321234119285e+01
9.068827152438139194e+00
9.593461740717458497e+00
8.169023933694967710e+00
1.046362820829868845e+01
1.158323318454011286e+01
1.089651802548789306e+01
9.292077566680703171e+00
1.080801105143792817e+01
1.118987965931861694e+01
9.207079805021628260e+00
1.022716555221866130e+01
1.125423071000667896e+01
1.033974488113609880e+01
1.147679548688431339e+01
7.784209740039796266e+00
1.105905565630690646e+01
7.352505520726664301e+00
1.124624068360080287e+01
1.009105555221083605e+01
6.495157254483287623e+00
9.678356400717991193e+00
1.044740930738880991e+01
9.362492417344405737e+00
8.543486654178289896e+00
6.139853546516167881e+00
6.909458538244368953e+00
1.020702172807504660e+01
1.161265963162130355e+01
7.577224440804335437e+00
9.958321697508203840e+00
1.165952140081318333e+01
5.399307415402466503e+00
8.907638168765597442e+00
7.572421043135701524e+00
7.632405046719610731e+00
7.867970252302407097e+00
7.791213108233047357e+00
1.102634003843791355e+01
7.731231958160481810e+00
1.224209464239125111e+01
7.407323134700770417e+00
1.233928062730728747e+01
6.836099328785601337e+00
9.973301452612140849e+00
1.121286967021626957e+01
8.856912391446055466e+00
7.353164637545799742e+00
1.053973928715338282e+01
1.161366767956666379e+01
1.007412738257140639e+01
1.069498282782929088e+01
6.303828321681865354e+00
9.439868945069115114e+00
8.633710573603163851e+00
9.598501335059435036e+00
7.293001130287177780e+00
8.258362967681069478e+00
1.002323706762058819e+01
1.136898005770336439e+01
8.644531370643573354e+00
1.045245070130101261e+01
9.699522290172764016e+00
1.139030033141737519e+01
8.342778500570837252e+00
9.912638366556732805e+00
9.312504020229237511e+00
1.024434989703733834e+01
1.022934252217222273e+01
1.088180570234170119e+01
8.107112298743025747e+00
1.063218156240804291e+01
8.451433585105000645e+00
7.808616481591979408e+00
6.703739531273000374e+00
1.136480674151933812e+01
9.906251626531918930e+00
1.071928053889178933e+01
1.048828397933397483e+01
8.703633855261635688e+00
1.055183085465985471e+01
8.671703709405782945e+00
9.963707936345738148e+00
1.071685860979190252e+01
7.242080090566170192e+00
8.937648691353775376e+00
6.946518135237493397e+00
9.870028145030074640e+00
8.838932058431046457e+00
8.190038025209215533e+00
8.629390341494723060e+00
1.239966378679566006e+01
7.901144188895913523e+00
1.209708503338525176e+01
1.032191644521189744e+01
1.109087702468134395e+01
1.191354999823277439e+01
1.140747825451668263e+01
8.410779797097507782e+00
5.733733739172395261e+00
9.984659438515166130e+00
1.100862390350437181e+01
1.111771776967715297e+01
8.985593586621455131e+00
1.071096954705413040e+01
9.385029967749353830e+00
9.364834715330109915e+00
7.379469196556491362e+00
1.081574611060604241e+01
9.007484018126486802e+00
9.622936763067059474e+00
9.492350533227448039e+00
9.279148179144796060e+00
9.203300665993294771e+00
9.374972348470679506e+00
1.058309509917709335e+01
7.663487664224895468e+00
9.868841146799814723e+00
1.134131232154043900e+01
8.963874963187286937e+00
6.593739912851137142e+00
9.155059979251198854e+00
9.611762145524647138e+00
9.703105511328095290e+00
1.186033006053945726e+01
1.130653101494722534e+01
5.616361178326689796e+00
1.123924813697151315e+01
7.124744736769738296e+00
9.075431592663214531e+00
6.831373873098398164e+00
6.603075459962949090e+00
6.274548802167345229e+00
1.115003906317359927e+01
9.729893659668981343e+00
9.728446549283267686e+00
8.957913426285198710e+00
1.226138489899336648e+01
7.163927699058947773e+00
7.514871090689537958e+00
1.160071728296704485e+01
1.062396683897406469e+01
9.384072884501748035e+00
7.211308968243771211e+00
7.237070740339770047e+00
6.459156520343665164e+00
5.764931057486917254e+00
8.778234022364069133e+00
1.042867834196571053e+01
1.112235730939587164e+01
1.165945979199142180e+01
7.298639909225923539e+00
1.139043795737816289e+01
8.046738100315398157e+00
8.057536254902171180e+00
1.099405865150018968e+01
1.108256860095854002e+01
1.113365864222749835e+01
1.142841728372797405e+01
6.137596483660489710e+00
1.001271307897201801e+01
8.754233308043721351e+00
1.049179223974203623e+01
1.137754997834511173e+01
8.590922442515616098e+00
1.113575882492885682e+01
8.330127680548384816e+00
1.088190850042249025e+01
1.024375858147279672e+01
1.149826252317355291e+01
8.532939070404133020e+00
7.321899144412071792e+00
5.173337660515493042e+00
9.514421023330610794e+00
8.159285903708752841e+00
7.242414191645941024e+00
9.866467537504069796e+00
1.040101776926331567e+01
6.644614703226483954e+00
6.314554587191733681e+00
1.093945866961341729e+01
9.904513046138102794e+00
6.650329650092020373e+00
8.349058760896785003e+00
6.850696490910316960e+00
6.964471387307993311e+00
5.739198785016723647e+00
9.291346676476692323e+00
1.049013090757431499e+01
1.174244222082853106e+01
1.087325918441817407e+01
1.068940415269808497e+01
9.184492575875463416e+00
9.082914659246512201e+00
8.466805257020062925e+00
9.054575144083568006e+00
1.007402472327540011e+01
1.080093232835333872e+01
1.035203118680384904e+01
1.057372639531496539e+01
1.158361613149817870e+01
1.176999840074202197e+01
6.343534406429409245e+00
6.009670023256722615e+00
8.123459533564906465e+00
1.179400446891400733e+01
1.006249450323330308e+01
1.023606326658818233e+01
1.085234155766067587e+01
9.578424497121838854e+00
7.381274518675791541e+00
9.396022312424696210e+00
8.587884406873904197e+00
1.121121277194491483e+01
1.159138723609813049e+01
1.134299715716583101e+01
1.012348451121903281e+01
8.820364137464666854e+00
7.232392795364002147e+00
1.029253637157590262e+01
1.053016449631050122e+01
7.779380666763302088e+00
7.590017885385275775e+00
8.529732176156825219e+00
1.038504512028824323e+01
8.347659704211627840e+00
9.360809836411995377e+00
1.022379856605989268e+01
1.094623603892858554e+01
1.167779586292718363e+01
9.642258380694935127e+00
1.116340658368278582e+01
1.077280427376250849e+01
1.031969419382887310e+01
1.183897386109404337e+01
1.059136121348059589e+01
6.733515107020431323e+00
1.023290165669368434e+01
1.076803575132663404e+01
6.062467716560195008e+00
1.099493113170566438e+01
6.527045603885544445e+00
9.897230956053075346e+00
1.037648546518990678e+01
1.026910551632269986e+01
8.313991753054411404e+00
8.496876258223586831e+00
6.458428003566485387e+00
1.053673319918308060e+01
5.549086819448106667e+00
9.431225761331141655e+00
1.128136806526602598e+01
1.064921490427623496e+01
1.135168671162019294e+01
9.325833928939708528e+00
7.849860043531540654e+00
6.930258008670849179e+00
1.089438808289539651e+01
9.294148179127109444e+00
9.271814610924600686e+00
9.040796620402851147e+00
9.770664046227855337e+00
7.805511457400887032e+00
8.342778500570837252e+00
9.250259133480236429e+00
1.183765277752342726e+01
7.401433323628747729e+00
8.540459828360770445e+00
1.073153632979973793e+01
8.147019471006947455e+00
9.932670726206145773e+00
7.737503277969498328e+00
6.679921632358737149e+00
9.466650731560179111e+00
8.832042121359082287e+00
1.055056002683065230e+01
9.831136443335127595e+00
1.003165860546342358e+01
6.179455113275247768e+00
7.298308999691123233e+00
7.273070187321576618e+00
6.168585035718211707e+00
1.102500494280144494e+01
9.057377780713515847e+00
9.130491056900954305e+00
8.634670453838813486e+00
5.257395500749395545e+00
7.177900686773750039e+00
1.042510897520501700e+01
1.124947586303641955e+01
1.100577951650629771e+01
1.095106786548073252e+01
4.772028572890073761e+00
8.831777237746699427e+00
8.670205366409296843e+00
1.065679741820811266e+01
4.870477344028151023e+00
5.449044641669690492e+00
1.014738537573435551e+01
9.245328589911647299e+00
8.919400522015394017e+00
7.917596952240190333e+00
1.105625850205001370e+01
9.781239879164349560e+00
8.237964593882752595e+00
1.091594650283716028e+01
8.199914925828265311e+00
1.127165563052435715e+01
1.047124648433470639e+01
1.151502193181897837e+01
1.102751745715197629e+01
1.066471492885725070e+01
8.264180060846141984e+00
4.132090359892242049e+00
1.046864674385926186e+01
1.073411977478087920e+01
1.078520329427176350e+01
9.614957752568438210e+00
1.168636023074912877e+01
7.636218616722660002e+00
1.120365187338112634e+01
8.917311054346821919e+00
7.062902915807082849e+00
1.032041888263590934e+01
8.111426307267876723e+00
9.960645529984294200e+00
1.132086590636561851e+01
8.557419613491811461e+00
1.062245511936399112e+01
1.038599462985642319e+01
8.795469488987031070e+00
7.399468591461697109e+00
8.549084682908144828e+00
7.187483692436271276e+00
8.266504620435046746e+00
7.906045477724999770e+00
1.134548810881174319e+01
7.293665480285213221e+00
7.384719316929612809e+00
7.107121015059503222e+00
8.082667902754051781e+00
9.621797699621037481e+00
7.631451623404487350e+00
1.151249397204827396e+01
9.690467216664814032e+00
5.614388134542517506e+00
9.368735742278293088e+00
9.221548478347916245e+00
1.068311740696645451e+01
7.318923020451220118e+00
9.660144767074076100e+00
1.183765277752342726e+01
8.756248633619286181e+00
1.045291678415621917e+01
8.570177937034134885e+00
1.016431363195052029e+01
1.024001179646964843e+01
1.081465411295099699e+01
9.906652584215134283e+00
1.015827615884425228e+01
1.032683936508377087e+01
8.920966895113201289e+00
8.993071082279175954e+00
1.054947012201214385e+01
1.097559360140042095e+01
9.321353894085078196e+00
1.019611315369265547e+01
1.079349996369585796e+01
4.432175980981138963e+00
7.459167828114972032e+00
1.057716377360459248e+01
5.929597392964204516e+00
9.276215661333392148e+00
9.969930486450378382e+00
1.019157144998690967e+01
5.777387133852325718e+00
1.161291181710586962e+01
7.803648483331994790e+00
1.147252675857748017e+01
9.321232787571540612e+00
6.165583202056559742e+00
5.537571814219690580e+00
1.102783107853599986e+01
1.002313293995599253e+01
7.159207892693877362e+00
8.931919983951750908e+00
5.052386660693059639e+00
9.304488791120050450e+00
6.986518704117671064e+00
1.038067260838547234e+01
6.150754507884154343e+00
8.908945949985426438e+00
8.099371209931213400e+00
6.146433334421674388e+00
1.008429311568197839e+01
1.179039488905989508e+01
9.119926917949344514e+00
5.731975807756318986e+00
7.581703837276350555e+00
1.127100692218802180e+01
6.769542431036531305e+00
8.844622792664919686e+00
1.113755471983873591e+01
8.766179537304800817e+00
1.067331544254449227e+01
9.270346327515040841e+00
9.755639869182470392e+00
1.003995909148737198e+01
7.490630389566550029e+00
9.418885445976290072e+00
9.987598982346003851e+00
9.705791397103004314e+00
1.092991300224750972e+01
1.058561296451773970e+01
1.065186215431348771e+01
7.065630540885422306e+00
9.812381410081274069e+00
1.045086425811577513e+01
1.000184881321494146e+01
4.883884151146336450e+00
9.819914653727618514e+00
1.032355805866614418e+01
6.953945334982329918e+00
9.790912540289674837e+00
1.026045411904603100e+01
8.780575390585088513e+00
9.074415646190868046e+00
6.671017290793031407e+00
5.488804959162208341e+00
5.252107091578023912e+00
9.505558306874224428e+00
1.023408800470098612e+01
1.164156030687422216e+01
6.537531417170544756e+00
9.714063103055060822e+00
1.075347537912619345e+01
1.085165625389092270e+01
7.914003813685808630e+00
1.083859100012129417e+01
9.304002775679965254e+00
1.070588402607356571e+01
8.889685743398176854e+00
8.199914925828265311e+00
6.792426894287298289e+00
1.062716669871490183e+01
1.156838271879188795e+01
1.052404139857992504e+01
7.083935508790808910e+00
9.635902580969586850e+00
8.125092774956808483e+00
9.452511211563045634e+00
1.050117083756606995e+01
1.022597739893969582e+01
1.041908916657370909e+01
8.107261203518010717e+00
5.782248049483902363e+00
1.225966929779613679e+01
8.597546282780694327e+00
9.114384538682312353e+00
1.002563031608383426e+01
9.506024649098137047e+00
7.507768355936779159e+00
6.840471653228329174e+00
9.781680414759703623e+00
1.239158181649440316e+01
9.592544432882728955e+00
4.567824844761716463e+00
8.541295380216006095e+00
5.166374368989394839e+00
1.029953841355909461e+01
1.060877404837372850e+01
1.062441173617563983e+01
6.470080437705454379e+00
9.459350390504607020e+00
1.065926252282660869e+01
1.003186562677364435e+01
7.817301916770295733e+00
8.796136495543924738e+00
6.561352406097381795e+00
1.096311476814464214e+01
9.875309730765186700e+00
8.964134103351167226e+00
6.887913576768940338e+00
1.028049694843436157e+01
8.022379065005351251e+00
9.287446341679421735e+00
8.354257821329206024e+00
5.743784798533646097e+00
1.025969327811345977e+01
6.497335199218204238e+00
6.482627375883996734e+00
9.427431750500485208e+00
7.613630962408090674e+00
8.876200740838980252e+00
1.066471492885725070e+01
1.237800298074042615e+01
1.189926695683340085e+01
9.863659941358775995e+00
6.975501379622579989e+00
9.071876055960970575e+00
1.078028350018007941e+01
5.988897561979640294e+00
4.514581795435978151e+00
8.907899768542794305e+00
1.016672608215193918e+01
1.204069605915773344e+01
8.381153556317238795e+00
8.458912331843496446e+00
1.051951096701889909e+01
8.295501149368377014e+00
8.222917265016874921e+00
9.466180142995966662e+00
1.123062942987140111e+01
1.110375446853783998e+01
5.578023767428717861e+00
9.289884340326178602e+00
8.695769073785339032e+00
9.783000471579498480e+00
7.946355945803246001e+00
1.188276486669873577e+01
9.849379390310986082e+00
8.711759508518346351e+00
6.414607524012091666e+00
9.967505626219832493e+00
6.335975279389056247e+00
7.820401647624803942e+00
8.730539578832090086e+00
9.886499187977339176e+00
6.228418246911951783e+00
6.475991665651338991e+00
5.739198785016723647e+00
7.364354511782171819e+00
5.136023449332727253e+00
9.463354930670384135e+00
1.045636649557516051e+01
9.360569660751576038e+00
1.171813070979098015e+01
8.614624068736800311e+00
1.196080473880279804e+01
1.080851583857722886e+01
1.060211477425530191e+01
5.820094395302820800e+00
7.703263355304882154e+00
1.140103244434611263e+01
7.181433051417513092e+00
1.063302431779423429e+01
5.462445791849896537e+00
9.568181087945825780e+00
8.804400803879964599e+00
9.609478647513920890e+00
1.096183216172339669e+01
1.072860602111695805e+01
1.102154739856651489e+01
8.547972306950061494e+00
6.426312739612688674e+00
1.060575889618796452e+01
9.668046994436423347e+00
1.036771538599578335e+01
1.121095478478559571e+01
1.006177273518772886e+01
1.149586652017629085e+01
8.730404489436462967e+00
9.396976611863811613e+00
1.039737409437903359e+01
8.311827524136029766e+00
9.796399018116915158e+00
9.131558934869490329e+00
1.166433474939560710e+01
9.423635085847401172e+00
9.790473592666867120e+00
8.436413650030800682e+00
1.014415286457133192e+01
7.761284020525721417e+00
9.958533046353677420e+00
1.106533837899718975e+01
1.014980798615523483e+01
8.694683813925561111e+00
9.803795042078226274e+00
8.505001939109453346e+00
7.808616481591979408e+00
9.957898434366091678e+00
7.586501690247040131e+00
1.008716319278100571e+01
9.376410252469717932e+00
6.826821778814013975e+00
7.622864934952664484e+00
7.069380423468895280e+00
1.061773743586556407e+01
6.169334299628773444e+00
1.108872509937850204e+01
9.960645529984294200e+00
8.966335098620371369e+00
6.564595958374210838e+00
1.193650105075643353e+01
1.044927704573784055e+01
6.626015844968969226e+00
6.065308560089939682e+00
1.020669798018163021e+01
1.131562352643106095e+01
9.712946457749794149e+00
8.098179125257518152e+00
5.177021546475240044e+00
9.500448888964129424e+00
1.079924441035129945e+01
1.029019966950324694e+01
1.086260008858343795e+01
9.907829009912607177e+00
1.095958563811388586e+01
9.808664662483490559e+00
1.005826542354681763e+01
1.173689683841688414e+01
1.058166057994557363e+01
1.035183954012275365e+01
1.155660419134803263e+01
8.500800187578548162e+00
1.006939595795153153e+01
7.921341692126320666e+00
5.498574292009591247e+00
9.601247977860907667e+00
1.089913705539330735e+01
9.861931196566425584e+00
1.158221205809235244e+01
8.098328390002837551e+00
5.626220817674713714e+00
9.818496422266424162e+00
6.073638617231406300e+00
1.002895727059320485e+01
7.420969607805369073e+00
1.118099594632454519e+01
1.102252972556828503e+01
8.533705009828658206e+00
1.093039929637430241e+01
1.053039304314419411e+01
7.740009441824678760e+00
7.395211245137549128e+00
8.458419063811682292e+00
7.025479707517777506e+00
1.092991300224750972e+01
1.026518664093594957e+01
6.427775156758413821e+00
8.089309579819184748e+00
9.026983608503320156e+00
9.510450947243896280e+00
8.936998244652418322e+00
1.076709835618965982e+01
9.382636968697990909e+00
6.762313576541115978e+00
1.103914864328052658e+01
5.843030145770208961e+00
9.076573505318837221e+00
1.001229570409718583e+01
7.806132761610783177e+00
7.265084142897677566e+00
5.100658462198643051e+00
8.155741151544427581e+00
1.057589051882444764e+01
7.036262299304048895e+00
1.039737409437903359e+01
5.795265991457871024e+00
1.099024696597247797e+01
1.069533110814761656e+01
6.297164154999979502e+00
8.489723454540090586e+00
1.072912311719489509e+01
8.012657504542568532e+00
1.022736366911609807e+01
1.084633687613694697e+01
1.021665977293559813e+01
9.060687887273129348e+00
1.121272259952321804e+01
1.071642583048887154e+01
1.100459370308168516e+01
7.724327908023930434e+00
1.018187242075689980e+01
1.152065949181666582e+01
9.014162585780141512e+00
1.011860596303288062e+01
7.388000148899925179e+00
6.497697980469765433e+00
1.203288739585452305e+01
1.061615590044136681e+01
9.382636968697990909e+00
7.400942646337822950e+00
1.202304591499890485e+01
9.004912693390565437e+00
7.997331125097193016e+00
7.978258613706331381e+00
8.448750909848360635e+00
9.116905323803582206e+00
1.064090805456745414e+01
1.150291651289204076e+01
8.912084638846017981e+00
9.298651835236835694e+00
9.204354501121130738e+00
8.263017215798004855e+00
6.779407869261224739e+00
4.024085655347905188e+00
8.819832410704698589e+00
7.505183654805053450e+00
1.010025972442750941e+01
1.135643999657424530e+01
6.183575855985401049e+00
1.145268840404806809e+01
1.071685860979190252e+01
9.555259707716626139e+00
1.152432381817918206e+01
1.137397969171171219e+01
1.181956446322624643e+01
9.815767303608442518e+00
7.249254937116046626e+00
1.169866055222371415e+01
8.043134647693937822e+00
1.069114840749463369e+01
9.002598036387613689e+00
1.181519116260126090e+01
1.188577486209913658e+01
8.754904961598615643e+00
1.064099621977710086e+01
9.684092407004765590e+00
5.541543989995428632e+00
8.848986308770584230e+00
9.317961231299767277e+00
1.217962916758419567e+01
5.104157824387156595e+00
1.160103420430791488e+01
5.332399203783465325e+00
9.660370965245890673e+00
1.004161692202909606e+01
8.172856733721079792e+00
5.087062679319748426e+00
1.132694546683074854e+01
8.531823063045187894e+00
9.655623259711862971e+00
6.791899582806481206e+00
7.971586210382277216e+00
8.994102090944698702e+00
9.901516050504511668e+00
1.088273100960473450e+01
1.178409249798138525e+01
1.202604156417554648e+01
1.030827235651030804e+01
8.924098777630575796e+00
1.095621361362815094e+01
1.171361061383474933e+01
9.442589374160773374e+00
1.118668642477924102e+01
8.181397010459985353e+00
7.847312667322972501e+00
4.079567553801749291e+00
8.660795121029643440e+00
1.189269860265402201e+01
1.081675383971293058e+01
7.833405611269951940e+00
8.384007757143816519e+00
1.031427805333467873e+01
7.415661276527894863e+00
1.116793554296045166e+01
1.048606608722794498e+01
1.063665839968430404e+01
5.920193495469348477e+00
1.219486267881315555e+01
1.080733767818139945e+01
1.005258580124782952e+01
7.748776810273222182e+00
9.181507180353296604e+00
8.213989055267562733e+00
1.154463817418528215e+01
1.031505247498298417e+01
6.457699324006333619e+00
9.720563596956058205e+00
1.103065451053336687e+01
1.088125056102737709e+01
9.735676826686281871e+00
1.161801092394571988e+01
6.440193030091591275e+00
4.373646257550280581e+00
1.220867900982275955e+01
5.579606578242744419e+00
1.086077872565429381e+01
1.129083205081581553e+01
1.145443698017883705e+01
7.912779879906580938e+00
5.682065957735833450e+00
7.233730286819112010e+00
9.687856436157161966e+00
6.688815846246864538e+00
5.458821777582282486e+00
9.396976611863811613e+00
1.093193794174544564e+01
1.026910551632269986e+01
9.912210287160364786e+00
8.565743166559137478e+00
9.901301831518470209e+00
6.296794221154619287e+00
1.022181669932298220e+01
8.367147023086676683e+00
8.254871259334645828e+00
8.982237755076113217e+00
8.808661874446247708e+00
7.091331895191522960e+00
8.465115070853595824e+00
8.427242777801961182e+00
1.085719507058975353e+01
1.133878254416705644e+01
1.042059507797153728e+01
7.453966342718260307e+00
5.313792924651224325e+00
7.453966342718260307e+00
9.322080768179066723e+00
8.494212294327386559e+00
1.121007084992937664e+01
9.834617031494472528e+00
9.283542704960568770e+00
1.044217420828576692e+01
6.442383782709261375e+00
9.189465168583968335e+00
9.026727555026800687e+00
5.318649022535899107e+00
1.003819638607321529e+01
9.423278688296807815e+00
9.344075246638411159e+00
1.109425491063643143e+01
9.070860330917955849e+00
5.492992823862911322e+00
7.396849010171862027e+00
8.651096632774770256e+00
1.050907835440118632e+01
4.801554912558207988e+00
9.129485891792580077e+00
1.005651031659115979e+01
9.648718913356898241e+00
9.007997880935199930e+00
4.552602456338725290e+00
1.020975647078205384e+01
7.816681878369212910e+00
1.029973289440717821e+01
1.000853757357813478e+01
8.813451708443750476e+00
7.832787624255535874e+00
1.012246852940995190e+01
9.567720523391107790e+00
8.739233572296372543e+00
1.060604921950629631e+01
7.386031956547611799e+00
8.935045363539515506e+00
6.173084114400201550e+00
9.940318821249395143e+00
8.768592315800527004e+00
7.696018382944846081e+00
8.652737534821529408e+00
9.832877336887166919e+00
1.124376618729830568e+01
9.457700179670034402e+00
1.040229506520863723e+01
1.097926342913112130e+01
1.011331434989016564e+01
4.179482504905186246e+00
7.990071933194819565e+00
7.188155598955622061e+00
7.689712210941674009e+00
1.014980798615523483e+01
1.010750617204896074e+01
9.328737708615694402e+00
6.551975488817822324e+00
7.734368080290287217e+00
9.350281989822498474e+00
8.655947611580053547e+00
8.761618546499251536e+00
1.024001179646964843e+01
8.011639493247699306e+00
7.485772877266011704e+00
1.128897038786946894e+01
1.165908886034006287e+01
7.889488625117120790e+00
8.732022864822699404e+00
9.567029232025038965e+00
8.249337283938702470e+00
1.049050034067372650e+01
1.009698928055868272e+01
6.825770410855295012e+00
8.085654194674756212e+00
1.229607427035759670e+01
7.878583739687082144e+00
6.333761053427950927e+00
9.558493308464701244e+00
9.423160296635671784e+00
8.941161404196400042e+00
9.265451086639190592e+00
1.050597728533896102e+01
1.037038689098848288e+01
8.759202131293147175e+00
1.004845022219656947e+01
7.694127157990818588e+00
9.891116551443923655e+00
9.411751821471487034e+00
1.066524166953990260e+01
9.574686554653682791e+00
6.935797194315042269e+00
1.034958654148050883e+01
1.154022480312335297e+01
9.858039549896245646e+00
9.467386058564915885e+00
7.186811682213385843e+00
1.055854056315664558e+01
9.972142780911944726e+00
8.624793264467008669e+00
7.740009441824678760e+00
9.005684099807311327e+00
1.057363622031412653e+01
7.881964540965158861e+00
9.057122843969285242e+00
1.084683589396665937e+01
9.622196660168494731e+00
9.402701299359659259e+00
6.911540687038296049e+00
9.250980496371905559e+00
1.130254346261933840e+01
7.275647331282442565e+00
9.000282361576953605e+00
1.091793975736126932e+01
9.295731207029984233e+00
9.377608690329871877e+00
9.597814381218844559e+00
7.853331040734794932e+00
7.926458528097561462e+00
8.935045363539515506e+00
9.744227088693135030e+00
9.264961107943205931e+00
1.142907966304865752e+01
6.154510253486703775e+00
1.005589116356067692e+01
1.091854982174172939e+01
9.585202345753017994e+00
6.206021336004962308e+00
7.258422413553694774e+00
7.634629179962649559e+00
6.352193323031814387e+00
1.129292431523033535e+01
8.375154349709735158e+00
5.899631540551933284e+00
9.821114715986475119e+00
8.418732879410260495e+00
9.759179067323934476e+00
8.923576767376985686e+00
1.119203119000606783e+01
9.375331731177512395e+00
9.624986548886674598e+00
1.070302917372580254e+01
1.065292007275019159e+01
9.653926197394101294e+00
8.202262878646134681e+00
7.843916087784158719e+00
8.908488101493954758e+00
8.355404404641687321e+00
9.153308608885534881e+00
1.216980574022842276e+01
9.958480210284619716e+00
7.236903779012836324e+00
1.146450280311199954e+01
9.217718937853263128e+00
9.822858743331268627e+00
8.837938677336438786e+00
5.184386787790739248e+00
1.025045516155975989e+01
1.050450603258525284e+01
5.585938238621313445e+00
1.005692348589231422e+01
6.601639370074185997e+00
1.119670937901648600e+01
9.933202553596702344e+00
8.067719394545111555e+00
8.501080296209343246e+00
8.226280427208067181e+00
8.390069995315499796e+00
1.066172569513891943e+01
5.502161178973338451e+00
7.410266911021763825e+00
8.666933597298829284e+00
7.677085196409356271e+00
7.036262299304048895e+00
9.243976260125224442e+00
7.950617996154726086e+00
9.366815298408035062e+00
7.571459900170532720e+00
9.348776754803264311e+00
8.550196693875177445e+00
7.979774229292798893e+00
1.108395494117266544e+01
1.149908856190623574e+01
1.066805205301402992e+01
6.432890889517870470e+00
1.016109482696927557e+01
1.186738076968774003e+01
1.213552551616229813e+01
9.159685113029002679e+00
6.032682349572676017e+00
5.044737101578024685e+00
1.127576094489114134e+01
9.511624282324561364e+00
9.722319270328497964e+00
1.160090757164516617e+01
1.083617179736580916e+01
1.085016096955983222e+01
9.848078482989404137e+00
6.305308680494635887e+00
4.850761271868636371e+00
6.773067551643838335e+00
3.713923518743454721e+00
6.075909218255224786e+00
9.378738844573057065e+00
1.116752409557364700e+01
8.922533227660180088e+00
8.013034484572486349e+00
8.497717478872802488e+00
8.176686426662016061e+00
8.601269013034054112e+00
8.377154642628527270e+00
9.947846782895886975e+00
1.082992803312968633e+01
6.864922362233639497e+00
1.041664064060101325e+01
1.022882304919669849e+01
1.032375131446353578e+01
9.953457671179357646e+00
1.066664735796992147e+01
8.943372068249162865e+00
1.046418586640831094e+01
1.122469763231861073e+01
1.061568809377535949e+01
1.118133108932824804e+01
9.236962521762158929e+00
1.057390711722606191e+01
9.270836058251651579e+00
8.631379684980830191e+00
7.157185007502492979e+00
9.681562397734374770e+00
1.004140975608419595e+01
9.521406435699796944e+00
9.359367185844224224e+00
9.917335088027899204e+00
1.045338317973900821e+01
6.464074017848560061e+00
8.909959757765903987e+00
8.812920369525176767e+00
1.049861547920359683e+01
7.681349607012968761e+00
8.452139660451440051e+00
8.417029435329631326e+00
6.093301804109406028e+00
7.869971253949222145e+00
1.101595889007714035e+01
7.716160647491837388e+00
7.680560168866371384e+00
7.395211245137549128e+00
9.926713197843795911e+00
5.585938238621313445e+00
8.001562447058844896e+00
7.742515055838527616e+00
7.391277860312023940e+00
1.089373227101983588e+01
8.970347457055250828e+00
9.877409633607996398e+00
1.042867834196571053e+01
9.736565743219264490e+00
1.095423472141054333e+01
1.202823880872826301e+01
1.086111019755782614e+01
1.179284088881522408e+01
6.459885037120844942e+00
7.664278372750533919e+00
9.036707094817643338e+00
7.054032057805563305e+00
1.073459336787877838e+01
8.252468512772873410e+00
9.144105780505487502e+00
8.931008316570874683e+00
9.286805959848276615e+00
9.674359172042311883e+00
9.177523553199865347e+00
9.733453758028069558e+00
1.119410721682127985e+01
9.517915355352041473e+00
7.934316855942487479e+00
9.292960751730115376e+00
9.240901186484427043e+00
1.097910400041463141e+01
6.883041635239809608e+00
1.038903289232549021e+01
1.010628262420839008e+01
7.176050745349995985e+00
6.480990969251050338e+00
9.231048905690091289e+00
9.954515313322371384e+00
5.718884101306265677e+00
1.024001179646964843e+01
6.819988105220067709e+00
5.381608268073625467e+00
5.645128593193728506e+00
9.335506485225257833e+00
9.242377734342994700e+00
8.734719161431680590e+00
5.664005648833882134e+00
8.430643148491920869e+00
8.350815831644514020e+00
9.296948276999122740e+00
6.697879502295158716e+00
7.911861536768777015e+00
6.277053225061161257e+00
1.060247234953006235e+01
1.223866269678051566e+01
8.434325780194711797e+00
7.632722626801424326e+00
1.055446177190571788e+01
6.691660522433138247e+00
7.573301665725447052e+00
9.603535577155401626e+00
1.014900041620938609e+01
8.119599671418722409e+00
9.578769598068673119e+00
9.861499089467518075e+00
1.059683177122756170e+01
5.370332032406896161e+00
7.731231958160481810e+00
7.572740652735746814e+00
8.490845686673880621e+00
8.469622095715594767e+00
7.038314316656569147e+00
6.814552716409238542e+00
6.337450409575876797e+00
8.278119236407230019e+00
1.081675383971293058e+01
1.065662135555175283e+01
1.103073316241629520e+01
8.642409912385902615e+00
7.022568704156222807e+00
7.433940625451558759e+00
5.648277512877747597e+00
8.683817080310099357e+00
7.803026784233771274e+00
8.384579065219938343e+00
7.242580939948394025e+00
9.830918814457294985e+00
5.412564175569449354e+00
6.658181896972308778e+00
9.891653193992581805e+00
8.122866017851372078e+00
6.999238910118039669e+00
6.026981475714923597e+00
8.930356861815059943e+00
6.533781772348914885e+00
6.345561505292307558e+00
1.037095905217995906e+01
6.895564796684795716e+00
5.141771051832442652e+00
7.190843372602362393e+00
9.620886564326003310e+00
7.261087877781121414e+00
1.137397969171171219e+01
1.092764395640386255e+01
6.863526729451108643e+00
8.888504921231209721e+00
1.000770230422727280e+01
9.686059517522647155e+00
1.146353154369030136e+01
9.732563772865916008e+00
8.972158214753427785e+00
9.305886280380764930e+00
7.576503238576695942e+00
8.243799320536751907e+00
8.844358191027048122e+00
1.129154751676789559e+01
7.872278622163946693e+00
8.474688646304553430e+00
7.630815704942753186e+00
8.057536254902171180e+00
1.105034564122342822e+01
6.951010165711688060e+00
6.419730671147734213e+00
1.150090427666061466e+01
1.012307807619446365e+01
1.090420583979883773e+01
1.123662153228027094e+01
9.689653259285494258e+00
7.430516167021216312e+00
5.708320815210745636e+00
7.408305185801792980e+00
1.047569859683415139e+01
9.853711603861517787e+00
9.505091277160358842e+00
9.576642064026030354e+00
4.955087676095740079e+00
1.077467550179779820e+01
8.885878533020520109e+00
6.588709326317957249e+00
3.742008177093238075e+00
8.246714957133107760e+00
7.045834395382362558e+00
7.642885286505472386e+00
6.877819021392353349e+00
1.173898527596632135e+01
1.170587537115713239e+01
9.387421573875789349e+00
9.356721519122524811e+00
1.101130746852042286e+01
9.110350645420922433e+00
9.267409512860648846e+00
8.562969821064498888e+00
6.357716511247700097e+00
1.188396735760950307e+01
7.181096592260454159e+00
9.120430453082162714e+00
9.459585966437126459e+00
7.890103114635707904e+00
1.164794074006455560e+01
5.090874106022441836e+00
8.810525949493738906e+00
9.858039549896245646e+00
3.843298725368297752e+00
9.633630409503972203e+00
9.529776263598721542e+00
9.676161259432017658e+00
1.165513128124353059e+01
9.130993512889112651e+00
9.539986081292527231e+00
8.154707665462236577e+00
1.024316711106940048e+01
6.644614703226483954e+00
5.558607785631497933e+00
1.158693137513613891e+01
7.976022119483180184e+00
9.186109314428918537e+00
7.469561291267827308e+00
7.922563388319656674e+00
7.504213767859681639e+00
8.685175886854953120e+00
8.567267988783932253e+00
9.301084957512266271e+00
9.392201876803845551e+00
6.032682349572676017e+00
7.513579248315151560e+00
8.164303853599244931e+00
7.140727437264660082e+00
6.469352108654957689e+00
1.021387970442316373e+01
6.995673168348046644e+00
7.466639093112480197e+00
8.506121703426552827e+00
7.476698926234322862e+00
6.478809846824522545e+00
1.056062357348116620e+01
9.421735445233077044e+00
1.004524212749325685e+01
6.347772620697505808e+00
9.452511211563045634e+00
9.418409850104662695e+00
6.977224108480618803e+00
8.476938337474678065e+00
8.522895215697579019e+00
1.019875582902837685e+01
9.163931620571096559e+00
8.883251461223366618e+00
9.513023010047369610e+00
8.239715458857791219e+00
7.637805830414349906e+00
1.118013956778921170e+01
9.200884247907055169e+00
7.570178203992684374e+00
1.074906506095773651e+01
1.185660514075030036e+01
6.546922798446837000e+00
7.645265654270165356e+00
8.928271730061004163e+00
9.180760360438746659e+00
9.473235502038189537e+00
7.658104879259784781e+00
1.107701682545914679e+01
8.078784694192661320e+00
9.035173183425476040e+00
6.715803421217638736e+00
8.381723833802357859e+00
9.678862931488318111e+00
7.814821680709618690e+00
6.281968700154881624e+00
9.713951178843846179e+00
5.141771051832442652e+00
5.787495998398981101e+00
7.649230514539303805e+00
8.729122995586305223e+00
5.108067953051095955e+00
8.591751342683366488e+00
1.081507410740777431e+01
9.562301958719359618e+00
1.133990728252247138e+01
8.983786661370670501e+00
6.263035126003287267e+00
1.176531190559816054e+01
5.688732882752391973e+00
8.817175519884697721e+00
7.373887160149077857e+00
5.638829410887941762e+00
8.094304562273292092e+00
8.721899770307167898e+00
1.023803771299545318e+01
8.147167706092139028e+00
8.742802545195239361e+00
9.672331275478761370e+00
7.661270984757874380e+00
7.864274183677326668e+00
6.889305602993744060e+00
8.785989146006063066e+00
8.255670761363871790e+00
9.871753443792457006e+00
1.112463653971972022e+01
8.773682998843220560e+00
6.366914558980701244e+00
7.090821280239474333e+00
9.374792638091818731e+00
1.039813186494455266e+01
6.847814959156475645e+00
5.981072989188247035e+00
7.079256343291110198e+00
1.095862243771277811e+01
7.819782101835371257e+00
6.009717416892302211e+00
1.181023158670922513e+01
5.034600365057093185e+00
8.742263386942788372e+00
1.107330957431622664e+01
1.197860067390379157e+01
7.510996543233195766e+00
7.904973140526841746e+00
8.671567381216380710e+00
6.386753976946577538e+00
9.668216129425188043e+00
1.164365266441157232e+01
8.852157746844152797e+00
8.791064881457700153e+00
9.449206003409628352e+00
5.069323199479430997e+00
7.219012727013466524e+00
8.481015814509451189e+00
9.788716501057724173e+00
6.257088442197876077e+00
1.050671252358794305e+01
1.035921163635986986e+01
1.100893966482082043e+01
1.000958200333296944e+01
7.499365314500315627e+00
9.087096515909387051e+00
8.700651891422943152e+00
1.030575117213286518e+01
6.194336878781392386e+00
6.663176314926054999e+00
9.424109794461658751e+00
8.412484569454136363e+00
4.247114826267024412e+00
9.676836795216292586e+00
1.220527047933552112e+01
5.548690430093882853e+00
7.432147479630728526e+00
9.042201395926062091e+00
6.859339834867876462e+00
7.343937369989065544e+00
7.292669784021492241e+00
7.612356615198443421e+00
7.013312745205321441e+00
1.014839525250018504e+01
6.341138457048253407e+00
1.050935384011449436e+01
8.567129399615380336e+00
7.946355945803246001e+00
1.084892499370991104e+01
9.484033388882725291e+00
1.051754116598291233e+01
6.753665249817109917e+00
9.180418230688182746e+00
8.904759133777670144e+00
9.121814736339132423e+00
1.082092750241661250e+01
1.044367055691478718e+01
8.622869976426756011e+00
8.373725370807648005e+00
3.923828580575213110e+00
9.398409034458286015e+00
1.007484686365190463e+01
9.994310620832131065e+00
1.132976868061465225e+01
9.715682372316866378e+00
8.476376689938469156e+00
1.011728358346787005e+01
1.136306586254176665e+01
9.346607198236174696e+00
1.081742524690473672e+01
5.199104486578487894e+00
5.352591508263284226e+00
6.871547245284446603e+00
1.152693764015214661e+01
9.295731207029984233e+00
7.272404379076273351e+00
1.052959381014006368e+01
8.908030557546886996e+00
1.198248034811914486e+01
8.845019653927810310e+00
7.014684612658676599e+00
9.073527184278452395e+00
7.315862570405397669e+00
7.454779448339589720e+00
7.887800642357897019e+00
9.236470024220155395e+00
1.203258985929938518e+01
8.622046301065793728e+00
8.881674469748171319e+00
1.101461929450951338e+01
9.312382211120624476e+00
9.916480999598002555e+00
6.810692940017383457e+00
1.183879266688723852e+01
1.059378402010416131e+01
8.352536806323367813e+00
5.480224264006560375e+00
1.188388016105702150e+01
8.605264968976172213e+00
9.462413170086957592e+00
6.783632114477716968e+00
7.800541042468489117e+00
5.654767231888897072e+00
1.137690916494833004e+01
5.660665017746611127e+00
7.941481929673059881e+00
9.476054332348281761e+00
9.836356064489727657e+00
9.341783475507604351e+00
8.289133359642697485e+00
1.075753837141729718e+01
1.055219419637254674e+01
6.953772951098185828e+00
1.023843293946322675e+01
5.239081842489273555e+00
8.150494891833778510e+00
9.634539511318880756e+00
9.423872440154529073e+00
1.046455782936584811e+01
5.754801387572348048e+00
8.296657952609535869e+00
8.828859775833485912e+00
6.533917056207186214e+00
9.280491144755949051e+00
7.443145398757756936e+00
1.219436563522511996e+01
7.981592362424104081e+00
8.139768225372781885e+00
9.524663614798981826e+00
8.710540833783664283e+00
5.407343431273526235e+00
7.403070367998156875e+00
7.420316814408897343e+00
8.667751843083092211e+00
9.152057883717759523e+00
8.984819319411998961e+00
9.619062775895447004e+00
1.003684854626049727e+01
5.688732882752391973e+00
6.471536077904000095e+00
9.538015317046539820e+00
8.742802545195239361e+00
5.325980901164455439e+00
8.025692351038358652e+00
9.353352361524139624e+00
8.515632893339745380e+00
6.354403618516451857e+00
5.518487265068033665e+00
7.511319881641663088e+00
9.532562915903604051e+00
9.246066503976997808e+00
9.520475876659679315e+00
8.211719209899943195e+00
6.981958529795914359e+00
9.937876776075345475e+00
8.414827810617989456e+00
5.498574292009591247e+00
3.586721392432838940e+00
6.654613516961782160e+00
8.907506988032583450e+00
4.303970093288031151e+00
1.130396824047039139e+01
6.990301434304719841e+00
6.418999019443559106e+00
9.680887506453851543e+00
7.454291939236253661e+00
7.253090028679004320e+00
8.441966007883161538e+00
9.565299929387654387e+00
1.055962724092351834e+01
7.665702615684764076e+00
8.010017640926013982e+00
1.069624513791290354e+01
1.077624834721211400e+01
9.943289116647507697e+00
1.038447496027605510e+01
9.359607473423114499e+00
8.895851090294964791e+00
9.636810905563391927e+00
1.132976868061465225e+01
1.089831904446542055e+01
9.322322582383664624e+00
7.260421375232732899e+00
1.043665043197825071e+01
6.930344648845414568e+00
1.013119668966493947e+01
1.036045521040751005e+01
8.361278413027989131e+00
1.123296950864613208e+01
6.975501379622579989e+00
7.513498871121335299e+00
1.026420652402488720e+01
5.208907158715827990e+00
7.113565520489193439e+00
1.176943408313285211e+01
1.078482197182212943e+01
9.092160749827218780e+00
7.093540264351037905e+00
7.667600991452905745e+00
6.770599467265270732e+00
8.071908181412476679e+00
8.305330500820231165e+00
6.528312253819859912e+00
8.507801083491367322e+00
7.750028592076429135e+00
8.497717478872802488e+00
1.008470292516476441e+01
8.892965744963781560e+00
8.054388699495923731e+00
3.623229193833860329e+00
9.125463242038865275e+00
7.826596769162730283e+00
7.151786470082057257e+00
6.335975279389056247e+00
9.709817302350170820e+00
1.124041484522417811e+01
7.848239179509125307e+00
8.515632893339745380e+00
7.557350992244399102e+00
6.435812073504997954e+00
7.720559929427192714e+00
7.399140952735090870e+00
8.622046301065793728e+00
6.329701443808563255e+00
1.061818295037924109e+01
5.822031322415956112e+00
1.048576567298152717e+01
9.907829012216229359e+00
6.659965746322451530e+00
6.623509085904353277e+00
6.608995110008940799e+00
9.411216507387319297e+00
8.514514562425910427e+00
6.682412693900499079e+00
6.494068949621403242e+00
1.125575351688695491e+01
7.349211820952901597e+00
4.593515770308069790e+00
9.464767897143715913e+00
6.741474448024886712e+00
5.851050859190220166e+00
8.946491163515041478e+00
6.540422598575396762e+00
1.200612399937089059e+01
1.017315288741383661e+01
3.649420306945549086e+00
1.145756157778506434e+01
1.081557804641624543e+01
6.456971230032757525e+00
5.379193622219187176e+00
8.283917823955281534e+00
9.361530881751582100e+00
6.190314552157843764e+00
6.560631543328933724e+00
8.278119236407230019e+00
1.064727260332051451e+01
5.122876070955264538e+00
7.567614685376439887e+00
6.391890643515836246e+00
9.535347923375717016e+00
7.295655599742551622e+00
5.381608268073625467e+00
1.174410926433141356e+01
8.689796108066678570e+00
8.302441700132691338e+00
1.107840555373405422e+01
5.693339795137454473e+00
1.133287072693806685e+01
9.715626164564469036e+00
8.957913426285198710e+00
6.125363232737263353e+00
9.188004928026266782e+00
8.972417029032666136e+00
6.167083971510585627e+00
7.001986518147532479e+00
6.610250793061577923e+00
8.784118550356938115e+00
9.771546483379943027e+00
6.847289455485866760e+00
6.923330802383199867e+00
1.185128838112906813e+01
6.733868895437021607e+00
6.188069066025886578e+00
8.888504921231209721e+00
7.247086553510540874e+00
9.099297221917176159e+00
8.900961879112546882e+00
1.016753029572054601e+01
1.158163756508772479e+01
8.220283877567940323e+00
9.525912949460638046e+00
7.661746584509620206e+00
9.527917514488709827e+00
1.022815550852156363e+01
6.447856385450068117e+00
9.802317228281838268e+00
8.571008653244902575e+00
8.281599158187715304e+00
5.806911055876321726e+00
7.258422413553694774e+00
1.085443728976893496e+01
1.010066821038689255e+01
9.677962112451620413e+00
6.740591038210347996e+00
8.031110851414631213e+00
8.754233305258996012e+00
7.964603458006846104e+00
1.053527445157648046e+01
8.632476969155362667e+00
1.118579441763816540e+01
6.966023621169980196e+00
7.509706230731981513e+00
6.608411540284414798e+00
6.429236440800384145e+00
8.138582587183474715e+00
7.590017885385275775e+00
8.166959539484457409e+00
8.942591622516768979e+00
9.467239006411356073e+00
7.129737734775577707e+00
7.600238332420826026e+00
7.087081614106556238e+00
8.234169043987197512e+00
7.657312697737383544e+00
9.200884247907055169e+00
6.467897202378117605e+00
7.847622033960444554e+00
7.523901008893460585e+00
9.656697310851175331e+00
8.851629772602491286e+00
6.301051827050757836e+00
7.722444365902997099e+00
6.396842090149877258e+00
7.055397581254502448e+00
1.113449127830969587e+01
5.741345945430182951e+00
9.333090120053343597e+00
5.560591301366908823e+00
9.798646694066910356e+00
9.704169074871394685e+00
5.723477658819714264e+00
9.495041853878404936e+00
8.162976212202860182e+00
9.356240455368578068e+00
8.925141796040001907e+00
1.016531943776846880e+01
8.071908181412476679e+00
8.696311967412956534e+00
7.701374518299742178e+00
7.513579248315151560e+00
5.902901183156972209e+00
5.458247761603924886e+00
5.924608928482946624e+00
7.000612615213420042e+00
7.405524171819242163e+00
9.825910865444924980e+00
7.324625813163587296e+00
6.577199696737269896e+00
6.485352358666711226e+00
8.476938337474678065e+00
7.221690876700704642e+00
6.617420068454541671e+00
1.123209196645554897e+01
8.355404404641687321e+00
8.152194827233721242e+00
9.457818037745925110e+00
1.065529983122784685e+01
7.444529685658793916e+00
5.137665812827073353e+00
8.409997694349053532e+00
5.707341920900116605e+00
7.605183342985017525e+00
7.354482563421473884e+00
9.454752653614731273e+00
4.756818353023765766e+00
1.149167952691836092e+01
8.835752762022401896e+00
8.436307911072766785e+00
7.925618395961644858e+00
8.183163399372242353e+00
5.657716714990028706e+00
8.372582118921961580e+00
5.779331549643453414e+00
7.328921832640991951e+00
1.087532056210326914e+01
7.660004736419256055e+00
9.352870727158286712e+00
7.546431244351021306e+00
8.590647192580508573e+00
5.481821605010541276e+00
6.181515537525987369e+00
1.060604921950629631e+01
6.301237356617732210e+00
7.048739447015043957e+00
1.117775508077684954e+01
8.391994750383300783e+00
1.051497464394396886e+01
9.126972195456801273e+00
9.784759853445041955e+00
7.509060361046515197e+00
6.508577772988219046e+00
8.011828037279247638e+00
1.054765351152103214e+01
5.272432663517323093e+00
8.143320978892912620e+00
4.985870488100665909e+00
6.265636488732821974e+00
9.772428617208046120e+00
8.130877372548674487e+00
8.094006642077614444e+00
7.323510725303210123e+00
7.184122603879139035e+00
9.472765417261914678e+00
6.562793807936627921e+00
7.877507731177026962e+00
4.909820781417446156e+00
6.947554623959926623e+00
9.984659438515166130e+00
8.400112773353297868e+00
1.234092931048482811e+01
8.966206359956698790e+00
6.613477593198309634e+00
6.003004068180462838e+00
8.285077490283736523e+00
1.142807786238214085e+01
4.833328924034846708e+00
6.625747732795685963e+00
9.103789337066785947e+00
8.758934310433311055e+00
6.777294307578178412e+00
8.978621835761057213e+00
5.455846990218780057e+00
9.553064580012716078e+00
7.713017407059896691e+00
8.554087106165187748e+00
1.129197659008383603e+01
8.608844712072105665e+00
7.414190419228085638e+00
8.323361358022800971e+00
7.416477938958349725e+00
9.263736451339125821e+00
9.261040950859214860e+00
1.008577942560405560e+01
8.947530414168410218e+00
8.440834612360800904e+00
1.018877410677534634e+01
8.542965010924223890e+00
3.858358410245728010e+00
4.969031898997966934e+00
7.640028581603997893e+00
1.122290104040950354e+01
9.088869039555934393e+00
6.848862590952199625e+00
8.557697589228213886e+00
6.379410241805410386e+00
8.929379236101159023e+00
8.019818853313820384e+00
9.929959239207096999e+00
6.334499000858627937e+00
8.374869125442884865e+00
8.469622095715594767e+00
6.003767080706585269e+00
6.177207053760563227e+00
1.045953367686622038e+01
9.255890195407472376e+00
9.552486084424383961e+00
1.039888894821948284e+01
8.924880888688468517e+00
7.124067833789766269e+00
8.079307462666880824e+00
1.223531338987032591e+01
9.513488689631870443e+00
6.738468988254241232e+00
6.900430365928603926e+00
5.467442621197633912e+00
7.939195839454566084e+00
6.587630414998190354e+00
8.407937233139993083e+00
9.963180138964972343e+00
8.256617537793019324e+00
8.818238233935726811e+00
9.441170053761300807e+00
7.053178698331124430e+00
1.192035289807933296e+01
6.092545846521749020e+00
6.838023843697325965e+00
8.025090240410104769e+00
6.998207427805050784e+00
9.195363674175737856e+00
7.231056063087224040e+00
7.714589076998956685e+00
6.534640554495761755e+00
5.905016399133534932e+00
1.014849613138777151e+01
8.862914691910424025e+00
4.000611648262834663e+00
6.779495453134364524e+00
1.075197743184356725e+01
5.182341863894533773e+00
7.375529011151234826e+00
1.114355878571749692e+01
6.768132026017092961e+00
7.910943990923735569e+00
6.206768034528015399e+00
6.048629299105817481e+00
7.496778648002911716e+00
1.011209239271498461e+01
4.233963425649264423e+00
7.336020529485524300e+00
6.879909289652461624e+00
1.077875487756087658e+01
6.384551718907314211e+00
8.144208397154205414e+00
7.289247262839948505e+00
4.835220204882928030e+00
1.063062924233121009e+01
6.722183703752441453e+00
6.429328235684891979e+00
7.082659752965525968e+00
1.168632953155098697e+01
4.960916153192496125e+00
6.578009809722448864e+00
1.012318004895153933e+01
5.785551737040563580e+00
6.822967092231194464e+00
9.797386157511320803e+00
1.166186778352822273e+01
7.482533751719461890e+00
1.171439492555131068e+01
6.636035065418266043e+00
7.925312745465063813e+00
8.529871887463555069e+00
5.130273795741405962e+00
6.564956459473550332e+00
9.564147441806223782e+00
8.271153726683149188e+00
5.015544948851930585e+00
9.894657393817785973e+00
7.871047862883820301e+00
7.706726077354411508e+00
9.475114426985630445e+00
7.935384459193545403e+00
5.168832580525867471e+00
1.124813126922856910e+01
9.186482073101068124e+00
6.967575315099421296e+00
5.505746609211621845e+00
8.719602684443167107e+00
9.698401666639846042e+00
9.115393385318697028e+00
8.966206359956698790e+00
1.077824529878767734e+01
4.587525326804108516e+00
6.874509275596982327e+00
5.748172613520623031e+00
6.736744390641366209e+00
7.483182111239523593e+00
6.210504986879676004e+00
9.469943844578825320e+00
7.814511222231080190e+00
8.061132526841330304e+00
8.315146120555699127e+00
5.952590750227892968e+00
5.086649277361971144e+00
7.559276451122412865e+00
1.183023014985054999e+01
1.010521113583477337e+01
6.387121145691073920e+00
7.271074777523669042e+00
5.643948400136999055e+00
1.047588398255887121e+01
6.439280504784099080e+00
6.182639485697734472e+00
5.823581525581075446e+00
9.315414826876658339e+00
9.137019868584804527e+00
7.724014914436228452e+00
8.241757956621384551e+00
8.470325729902370426e+00
5.750902949016504451e+00
6.218532097754469135e+00
7.285034778528693522e+00
7.317021059564799756e+00
5.844093540050407043e+00
6.260805039065878042e+00
6.988237844986272762e+00
5.722792753607814475e+00
6.573600744688735453e+00
7.891330302535275010e+00
5.976298617430822802e+00
9.254172576677866857e+00
6.125739952460263815e+00
8.210473350675609794e+00
7.173357396855720047e+00
8.678375447338542159e+00
5.634103344963747872e+00
6.934239902938883482e+00
8.027799459316602437e+00
7.054714871897492579e+00
6.996489620253322883e+00
8.034118497838329986e+00
1.011351818672038050e+01
6.227671821315536427e+00
8.412200631357055869e+00
5.875754324579757437e+00
8.254143543604952171e+00
5.662827072430937747e+00
6.780111095418938305e+00
9.663532703117201805e+00
5.101172644490189256e+00
1.003881866576378812e+01
8.142728314114929589e+00
9.311229327737219563e+00
5.753437368588958378e+00
6.383082767138424707e+00
1.066541771290310869e+01
9.075177461489094100e+00
9.968243506757684003e+00
5.878066949410007069e+00
5.729437346387758367e+00
1.003560329382018956e+01
9.563339751481539253e+00
6.938564880827562398e+00
5.712625064106150674e+00
8.033516777050948576e+00
6.911887409222066125e+00
6.694503484549812811e+00
7.243749167445164616e+00
6.220211282961217059e+00
6.553057665677148869e+00
5.457047510443313598e+00
3.693055190821013412e+00
9.640953798513599793e+00
6.857594221704706783e+00
9.144919811365820550e+00
8.009112116166475559e+00
9.709370536746313007e+00
8.479751142334832181e+00
8.016050842895682038e+00
4.891210220888078553e+00
6.886522394489871246e+00
9.771987588200740760e+00
6.066066254863539342e+00
6.001098708584860830e+00
6.294015977486378866e+00
4.807031454143117166e+00
7.826596769162730283e+00
9.848512371393843168e+00
8.540459839787692076e+00
7.778445370870547215e+00
7.357116045505633473e+00
3.864648599948159458e+00
4.452065454890652418e+00
4.993969973684150077e+00
9.576009941578661255e+00
6.762490042569751836e+00
5.530915279400068663e+00
5.304275365784302920e+00
1.027067195545193279e+01
8.898013894534646084e+00
5.137665812827073353e+00
1.015142275373398739e+01
5.589498164987439566e+00
6.725018136541544678e+00
9.644072684920697469e+00
6.331916062781818511e+00
6.111042819799223480e+00
7.252423453744106574e+00
8.978621835761057213e+00
7.005420363139977624e+00
5.186431878517726801e+00
7.811099133211349077e+00
7.548359129569175430e+00
4.783425384005321135e+00
1.131867123972936895e+01
4.861042516556032922e+00
4.213007517426173187e+00
6.695570309572111078e+00
5.178658674541011919e+00
8.222478046613865388e+00
9.744116458353023091e+00
6.680899993508321977e+00
1.100672815282485573e+01
8.541295380216006095e+00
6.796997407394447244e+00
6.720057248531128735e+00
1.140322876068143110e+01
6.411313607412062687e+00
7.444854905170887882e+00
7.412228843148618296e+00
5.989469281072952178e+00
5.416979639605182584e+00
9.644526067000100511e+00
5.777387133852325718e+00
6.743949148173996377e+00
9.773310447852162852e+00
7.856877477668994025e+00
5.617544036787846196e+00
1.038105297359558143e+01
1.044273545396723613e+01
8.911431096945001684e+00
7.522530977684035669e+00
8.210473350675609794e+00
7.605103668811650230e+00
7.727467413794495421e+00
7.365670092736687380e+00
6.727142346353417679e+00
5.514904984412678957e+00
7.301955372845009506e+00
8.721765113001499259e+00
4.672857850035732952e+00
9.194929300323284593e+00
6.100854555141101976e+00
7.564408020154919754e+00
5.021450871277663985e+00
7.682769895924093539e+00
4.933203883673817458e+00
1.072489584599708579e+01
1.033666664854503203e+01
9.821550565711232750e+00
6.175333269718997542e+00
9.109342198128597801e+00
1.165661625798670897e+01
6.414790606983848065e+00
8.706749981383506309e+00
5.487807393317286397e+00
6.647829664605394484e+00
5.260749207697089425e+00
9.047690104502041919e+00
6.960676283553336674e+00
9.672950948822380823e+00
5.563762282971824291e+00
6.411679317727389638e+00
6.060004600327608237e+00
6.165583202056559742e+00
6.755607936679439263e+00
7.600078530417100353e+00
1.010271053762549798e+01
4.889745344440669328e+00
6.249276472372620184e+00
6.976534971641756400e+00
7.701688251901142479e+00
1.126631709642535206e+01
7.174030889850795845e+00
6.458428003566485387e+00
5.495385321943849988e+00
8.394844229329876839e+00
4.313134065741996537e+00
6.689526845386239984e+00
8.143246783618666385e+00
7.656679260578988178e+00
7.477347092641597470e+00
7.025479396884032113e+00
6.881648970651569108e+00
6.827171111401868941e+00
5.888084240692448290e+00
8.715006038449271131e+00
9.831136443335127595e+00
7.478644227998969107e+00
7.218343224905761524e+00
6.833123681191700882e+00
7.642567974924742380e+00
5.013057741839803683e+00
5.499371668473688857e+00
1.010516023815301878e+01
6.830673250722921530e+00
7.302576228102930500e+00
7.185803472390380087e+00
7.976742391345475802e+00
6.873987138464077162e+00
8.629184844454258041e+00
7.675821300531082692e+00
7.757534056988959037e+00
4.698620850348941502e+00
6.621898000495185066e+00
5.599381974302932719e+00
1.107114455359681671e+01
7.089376328524165771e+00
5.838776022868621851e+00
9.066539170537588177e+00
7.322312359047421282e+00
7.596406797949652123e+00
1.154813716288959569e+01
9.222165417928447795e+00
5.581189759445804199e+00
8.962061195373557609e+00
9.002598036387613689e+00
6.834349366936448789e+00
9.292686935072033805e+00
4.589237460900548626e+00
6.826821778814013975e+00
8.480313087695874330e+00
8.725005682555231346e+00
7.400451354324435016e+00
8.892900222649561925e+00
7.114582054934589728e+00
8.328976407370948465e+00
8.034343877200832651e+00
6.985141926049133865e+00
8.438147140183289707e+00
8.677831190266406480e+00
8.089980477350088961e+00
7.202927879319497073e+00
9.080379369809641332e+00
5.973242848768830271e+00
7.480264523246034081e+00
5.584355589710623846e+00
1.013565519541630522e+01
9.154622060715169596e+00
7.851325654804567122e+00
7.094750852757123027e+00
8.208128873753306465e+00
8.943892256946060826e+00
1.052888622691666853e+01
5.464645077709439747e+00
6.633174198696870860e+00
6.282710729395978078e+00
7.284370246308785823e+00
9.732118665658369139e+00
7.668233231524268945e+00
6.379410241805410386e+00
7.665702615684764076e+00
6.994513359533222285e+00
1.005093164436044795e+01
4.895603675529306642e+00
7.497425328844330217e+00
8.672929636557546118e+00
8.523454311572052688e+00
6.815429281401758743e+00
7.787167685009772633e+00
6.442383782709261375e+00
7.864274183677326668e+00
8.609946156117921134e+00
9.828524197274116858e+00
7.237405229399790585e+00
6.243694186740446739e+00
5.671075839259813733e+00
9.219695535208879633e+00
8.043735783808038775e+00
6.890001773922539208e+00
6.674046541692659318e+00
6.339662997077239126e+00
9.599874714762137273e+00
9.127726387199587066e+00
7.856261705967755304e+00
7.682138369211872764e+00
6.379410241805410386e+00
6.905640147765845782e+00
7.349376449456056726e+00
6.857942504393816030e+00
9.771850094684401355e+00
9.898302007764884891e+00
7.123391427959332667e+00
1.036045521040751005e+01
6.125739952460263815e+00
5.134381516220784647e+00
8.562415081760116564e+00
7.703578510644216948e+00
6.938564880827562398e+00
5.646309344828068788e+00
7.527767801757157429e+00
6.226926012661410326e+00
5.699314791747690734e+00
7.056762685845276550e+00
8.132359426808143610e+00
8.148942332710580772e+00
8.973452026883080634e+00
9.441643033524531603e+00
1.025075063653388341e+01
1.053946641964624575e+01
1.095541016896873643e+01
5.073554071036344482e+00
5.639617507234602201e+00
6.514013000601183379e+00
8.506681869225113601e+00
5.845640131843888199e+00
7.253756500451336464e+00
5.013886623559296041e+00
5.256785738298121125e+00
6.330070389237512529e+00
5.078195971173217416e+00
6.424484455545628414e+00
8.796669844740819144e+00
8.931919983951750908e+00
7.933860418733629238e+00
6.331546555523088315e+00
6.916050426634623882e+00
6.161831558724832014e+00
7.454616624694677895e+00
4.138050105717296034e+00
6.988280923358770380e+00
7.901756321336884881e+00
7.892557598082476922e+00
7.985227957788960218e+00
7.017941881481025490e+00
5.382614494501742897e+00
8.561582708693460830e+00
9.373773430312603239e+00
8.608294671488987859e+00
7.094389525288830711e+00
9.635675451267074365e+00
7.865506599145365207e+00
9.047945119773160627e+00
7.031472225251090613e+00
8.048538525302742386e+00
1.035758550815088697e+01
7.252423453744106574e+00
8.617099163164670728e+00
6.242763530987915921e+00
1.016863563202067056e+01
1.005630395014198797e+01
8.870228835338654250e+00
9.054575144083568006e+00
6.194056293575263439e+00
8.747646253498277957e+00
8.012431309273370772e+00
1.026361815883333328e+01
6.663889183858542786e+00
9.167551596541283487e+00
8.787593198923513427e+00
6.589428015405569994e+00
8.610772001362294148e+00
7.634629179962649559e+00
7.561843041711565405e+00
7.942091584163109452e+00
6.743065875070512583e+00
1.097942315744142405e+01
7.655569983843900417e+00
8.635492638286272893e+00
7.272238488722619465e+00
1.064550584936901423e+01
6.674580640949548282e+00
7.006793412660554665e+00
7.424316970778151337e+00
7.917520357958958144e+00
8.215161418980795105e+00
7.364683729711589244e+00
9.877032953134424531e+00
7.022825198611173825e+00
6.397024786715807210e+00
5.085825072002055691e+00
8.678647542219373179e+00
5.830938475074736616e+00
6.898084537103818192e+00
8.062929840028463246e+00
8.511438313199754191e+00
7.590177811506275241e+00
9.285006940355604144e+00
8.877467065616780673e+00
6.678853916595990370e+00
6.396291865140319111e+00
1.112661022830498148e+01
9.257239658299745599e+00
9.871861302706694374e+00
8.549641149866200607e+00
7.071168996799062079e+00
9.596669262836829972e+00
6.351457284942492620e+00
6.478082819537325676e+00
6.961366598624212365e+00
7.038314316656569147e+00
8.025692351038358652e+00
7.284370246308785823e+00
8.443097033897107195e+00
1.100514711949298885e+01
8.486073239012240421e+00
7.566573336373112468e+00
8.935826578836206124e+00
8.717710078288428477e+00
9.143541348499741872e+00
6.782224026682182050e+00
8.296369010643047659e+00
7.932334782429043329e+00
9.404131440033644651e+00
7.166286288218823408e+00
7.241746548795359395e+00
8.014240545165993268e+00
5.410556186800926426e+00
6.538976541601321024e+00
7.711287852164125489e+00
7.437444701910571609e+00
7.422030914789002232e+00
7.161231631301466116e+00
9.856741523705935037e+00
6.910846532977048540e+00
6.917784576489819592e+00
7.171842992323142596e+00
7.027620236795643294e+00
8.112021207435535786e+00
9.282078385611836069e+00
7.597205105602529152e+00
7.153811253911668722e+00
8.733641224963854199e+00
7.282377190289349045e+00
7.529137181593430483e+00
9.335506485225257833e+00
8.407084271874872172e+00
6.971022437710755248e+00
9.258098021106256681e+00
7.551251158513328399e+00
6.792778831067540324e+00
7.592893965946380774e+00
8.449879720724222665e+00
6.969988826286237504e+00
8.315001508471507208e+00
7.609886290404184628e+00
4.674559381054752549e+00
8.792133172022941423e+00
5.644342096493016214e+00
1.008193363332496340e+01
8.766983477228304622e+00
9.125211907336296946e+00
5.806523423686996921e+00
9.130993512889112651e+00
7.266249190407471303e+00
5.409752956386443046e+00
1.044339027799209951e+01
9.342024909896254670e+00
5.568518253024139497e+00
6.320469287377559198e+00
7.866738621966557155e+00
8.386575733002873179e+00
7.346575701408696979e+00
5.791381603470121320e+00
6.992365315877395737e+00
6.869106715977516764e+00
6.333761053427950927e+00
7.154317598913690901e+00
6.498423461781103860e+00
6.005290495312763710e+00
8.704853507865047746e+00
6.603793343283455464e+00
7.060856097954888888e+00
8.761350144797765083e+00
5.781469991648509499e+00
5.906553927689001782e+00
6.195553098179265028e+00
5.400914169693121991e+00
9.454870641966872213e+00
8.902664380213550999e+00
6.346298416319334557e+00
8.549641149866200607e+00
7.934165374182722275e+00
7.167296042217944141e+00
9.883058828032496024e+00
6.753312302478491347e+00
7.713174598912832636e+00
1.065115643946028179e+01
8.732562932199648742e+00
7.958526755739934622e+00
8.907768968654195874e+00
6.158077898259067595e+00
1.013408492207167555e+01
7.698066500951898483e+00
1.065838277049272520e+01
7.926839716117576984e+00
7.617771425272286123e+00
8.086250406649734046e+00
7.642885286505472386e+00
1.118445592555425705e+01
5.925759403878294584e+00
6.494431974569906174e+00
6.664958951010358845e+00
6.759667141514893451e+00
8.540181280607175296e+00
8.229422630277920092e+00
5.462246199348728126e+00
8.808661874446247708e+00
8.479751142334832181e+00
7.186811682213385843e+00
1.156427005807365305e+01
8.695226886738062433e+00
9.018653417042472142e+00
8.931919983951750908e+00
1.076871749265091438e+01
7.297645948513115322e+00
8.176391408418528073e+00
6.155637201566465322e+00
7.573381418820222422e+00
7.022224842102728459e+00
7.381110832491243556e+00
6.883477112019980027e+00
9.430751010889931507e+00
6.044075966215158857e+00
7.008852816250028539e+00
7.223029330551278271e+00
6.916397435412198647e+00
8.122271925267174453e+00
9.247541105769805370e+00
9.537783371290100121e+00
8.126723880413850409e+00
7.584903394116098596e+00
5.753047473162984815e+00
6.620912774923301214e+00
8.170976956659323776e+00
6.610250793061577923e+00
9.627547130219797467e+00
7.138277137077324142e+00
1.001187825689257416e+01
6.365995093317557085e+00
7.874432247096407878e+00
7.850477084484962731e+00
9.637037938168909079e+00
6.968610101862221740e+00
5.181932441324377692e+00
8.127614375944776981e+00
7.953204112178216434e+00
6.413875810692943880e+00
8.343927055219388933e+00
7.510029108645204232e+00
5.879897519346080514e+00
7.264418259629505492e+00
9.361170059260588872e+00
8.687078552341308324e+00
9.675710996032311328e+00
6.957224998398126914e+00
1.004244589931596465e+01
7.857802952754052050e+00
5.525846468269905998e+00
6.770071300820601934e+00
5.550277469829255850e+00
9.864523866767116900e+00
5.758698615754239469e+00
6.372429507048677166e+00
1.081070353296626863e+01
6.029072343600701878e+00
7.172011288325500722e+00
8.598373549545629047e+00
8.611666232988106628e+00
8.855063828833770856e+00
8.320912334322294157e+00
9.095196760525979585e+00
8.862453147077699711e+00
8.815580020617247214e+00
6.926795411216552623e+00
8.471592598034639821e+00
1.067909497256496110e+01
1.073144996473985557e+01
9.212278106705376501e+00
7.361722689580420642e+00
7.577704631230811394e+00
8.619298705135520322e+00
7.186139568266598943e+00
7.318840257604785293e+00
8.217503179269405322e+00
7.313960394884606586e+00
7.139628266843717874e+00
7.478644227998969107e+00
7.656837631578932601e+00
9.059064864986298815e+00
6.832774157466443121e+00
8.617099163164670728e+00
8.421570963997702108e+00
5.897900304334978472e+00
7.786544389608486938e+00
1.033382749778281706e+01
9.827380927122032261e+00
8.034381358205603618e+00
8.542825834097875770e+00
9.399124340543679068e+00
8.929835154085122184e+00
7.572100326755407451e+00
7.256756679931053888e+00
7.296318959706607821e+00
7.780626868241076188e+00
6.472627350321394246e+00
6.405637412516481888e+00
7.997482045166439235e+00
6.619569626062161483e+00
8.694955361541513383e+00
7.091671668993758004e+00
4.617024660798166202e+00
9.072892147365934079e+00
5.698825361763350195e+00
6.952218385639515219e+00
6.430332977497611679e+00
7.781249564069224078e+00
8.707224012991886752e+00
7.632722626801424326e+00
8.453269076423715944e+00
8.290291333603994062e+00
7.343278530591995867e+00
6.048629299105817481e+00
7.107630956788948851e+00
7.458518484598699594e+00
9.658788961963864494e+00
6.487532624896855005e+00
5.993474120488027523e+00
7.778757160910337198e+00
7.650974650387606601e+00
9.148051755000023988e+00
8.341629572298607798e+00
8.259236256708391011e+00
7.158533900376871983e+00
6.776590655642756644e+00
9.197163222740652344e+00
6.028122602564730315e+00
8.191985336872628309e+00
9.702434455342864084e+00
9.756524709762816272e+00
7.421541243692100664e+00
8.194629236778965264e+00
6.776766575274262294e+00
8.888110462054022776e+00
9.190955587190938303e+00
7.409122445239788135e+00
8.369722359762528541e+00
6.282710315169353521e+00
8.700109714283030371e+00
6.937181562055810602e+00
7.026164750560731420e+00
6.490437899154017920e+00
6.661036399248546402e+00
6.345929960805820613e+00
5.838678907396140261e+00
8.140952547175150045e+00
6.769894803086653923e+00
7.763470042180635744e+00
9.058141752858146489e+00
7.517290761059383541e+00
9.186233799287514046e+00
7.132613447774581950e+00
5.900159969523693704e+00
1.043496369316975070e+01
1.082279272355941302e+01
6.737761424538085464e+00
1.001260873977339472e+01
9.634539511318880756e+00
6.385285679098153366e+00
8.571839991248968005e+00
8.611322451661868271e+00
9.135513898996487470e+00
8.893753395642168158e+00
8.633573080855942550e+00
8.574609363804372109e+00
6.641398233890250857e+00
9.774192524938531079e+00
7.283581885673655165e+00
5.761815335530748428e+00
8.857440246599592726e+00
9.002598036387613689e+00
6.915704021257053746e+00
9.765146059317983074e+00
9.269857175101563485e+00
7.823809917033901051e+00
7.661904752579310696e+00
7.049251870667728959e+00
8.111277567252830778e+00
5.871222201399267426e+00
8.218381851333582233e+00
7.260421375232732899e+00
9.040030387042937932e+00
7.054885529599585148e+00
1.154981979989958596e+01
7.738129189313209366e+00
8.243070266381822719e+00
8.733102123128482219e+00
6.749780056411841755e+00
9.206336381008899394e+00
7.992189817135593621e+00
6.941332132263916321e+00
7.928442662958685716e+00
7.779848487961880110e+00
8.902140287198436752e+00
7.597684557317987419e+00
7.461767521640397582e+00
9.336713891236854579e+00
9.811288239937173472e+00
9.239793616514507590e+00
8.779237506982608963e+00
8.065324910315668561e+00
9.456403380180409712e+00
8.902402333705992987e+00
8.228034233960158872e+00
8.401678203374210341e+00
1.028786140171767371e+01
1.026753842957546148e+01
