2.511426040744021293e+01
2.211987009152642614e+01
9.640242102155299975e+00
1.327251254797756097e+01
1.250398582816651860e+01
1.292235016238559275e+01
8.494980808975494568e+00
1.040256864481842314e+01
1.182344257454974823e+01
1.149660466489518740e+01
8.241806908768822382e+00
6.334809565987599811e+00
5.111012695600827271e+00
6.774579273693534631e+00
5.336876291703572583e+00
5.044139356362562943e+00
4.957632122822556830e+00
1.023974018305284872e+01
7.442426926483613592e+00
6.753026276941245243e+00
8.172423974018304449e+00
2.471656333038086739e+00
3.251402421021553302e+00
3.787422497785650766e+00
5.853262474165928708e+00
5.930469441984056012e+00
2.337319161499852083e+00
3.747711839385887256e+00
3.975789784470032728e+00
4.864924712134632401e+00
4.475937407735458784e+00
3.313847062297018198e+00
3.312518452908178368e+00
3.377620312961322480e+00
3.198848538529672325e+00
2.669914378506052621e+00
2.618541482137584975e+00
2.441836433421907149e+00
3.047387068201948157e+00
2.045467965751402328e+00
2.304842043105993277e+00
1.994242692648361404e+00
2.026572187776793488e+00
1.996752288160614119e+00
4.847948036610570388e-01
1.947460879834661895e+01
1.753557720696781885e+01
1.293726011219368210e+01
3.631089459698848998e+00
1.003602007676409791e+01
8.043253616770003944e+00
1.061219368172423927e+01
7.998228520814880227e+00
9.692057868320047120e+00
9.850310008857395161e+00
6.570711544139355986e+00
2.697224682609979052e+00
6.400944788898731197e+00
5.006495423678771317e+00
5.124889282550929792e+00
3.572925893120756147e+00
4.744168881015648154e+00
5.271331561854148084e+00
8.963684676705048204e+00
4.264688514909949824e+00
2.676114555653970939e+00
2.505609684086211875e+00
4.757159728373191676e+00
2.102745792736935293e+00
6.876586950103336093e+00
7.653971065839976440e+00
2.994537939179215069e+00
6.931207558311189842e+00
2.357543548863300753e+00
4.629908473575435224e+00
2.977266017124298614e+00
8.814585178624150252e-01
5.351195748449955047e+00
2.828461765574254549e+00
2.235606731620903620e+00
1.936374372601121996e+00
1.733244759374077182e+00
2.829642751697667435e+00
2.028491290227339761e+00
1.696840862119870152e+01
1.474520224387363498e+01
6.859757897844700025e+00
1.058222615884263362e+01
5.083111898435193510e+00
1.290330676114555786e+01
5.676262178919397883e+00
9.140389725420726919e+00
5.668142899320932848e+00
9.599202834366696635e+00
7.888396811337467618e+00
5.753912016533806018e+00
3.467818128136994194e+00
5.532477118393859250e+00
9.348686152937702332e+00
3.457632122822556830e+00
2.581635665780926736e+00
5.925155004428697580e+00
3.257307351638618620e+00
4.393416002361972161e+00
4.471508709772660239e+00
5.274726896958960687e+00
2.074697372305875476e+00
4.306613522291113050e+00
4.787274874520224266e+00
3.477856510186005501e+00
1.598021848243283083e+00
6.212282255683494903e+00
4.319161499852376629e+00
1.953941541186891229e+00
3.092707410687924874e+00
2.364481842338352457e+00
2.709625036905816131e+00
2.103336285798641736e+00
4.014437555358724552e+01
2.351594331266607796e+01
1.079967522881606001e+01
2.338706820194862601e+01
6.466637142013580863e+00
9.295394154118689301e+00
7.815175671685857139e+00
8.189253026276940517e+00
5.733540005904930403e+00
4.553144375553586976e+00
3.142013581340419304e+00
9.753321523472099130e+00
3.427959846471803740e+00
2.320785355772069902e+00
9.228077945084145028e+00
4.597578978447002918e+00
4.271479185119575028e+00
7.144670800118099407e+00
4.549749040448774373e+00
3.380129908473575195e+00
3.276645999409506516e+00
2.944641275465013308e+00
2.400797165633303809e+00
2.382196634189547968e+00
3.790374963094183869e+00
2.698258045467965882e+00
5.303070563920873504e+00
1.857543548863300753e+00
1.970032477118393910e+00
3.152347209920283611e+00
1.832299970475347095e+00
1.925007381163271303e+00
2.195305580159433223e+00
2.450250959551225183e+00
2.249188072040153585e+00
1.766312370829642653e+00
1.039193976970770628e+01
1.950103336285798861e+01
1.520711544139356342e+01
1.272837319161499714e+01
1.146663714201358175e+01
9.785798641865957492e+00
5.206672571597283472e+00
5.355624446412754480e+00
5.449660466489518740e+00
5.480956598759965104e+00
5.904044877472689912e+00
6.755240625922644959e+00
7.369205786832004890e+00
3.352524357838795321e+00
3.397697077059344650e+00
2.449365219958665296e+00
3.985828166519043592e+00
2.121051077649837691e+00
4.421464422793031979e+00
5.917773841157366377e+00
3.122674933569530520e+00
3.024062592264541216e+00
2.481104222025391159e+00
1.700679067020962520e+01
6.067759078830823327e+00
1.423678771774431695e+01
7.128579864186595394e+00
1.571759669323885511e+01
1.409315028048420437e+01
5.018452908178328897e+00
6.399320932979037480e+00
2.132565692353114883e+00
2.182314732801889701e+00
3.634337171538234212e+00
5.024210215529967272e+00
1.201136699143784980e+01
7.759669323885444392e+00
2.744611750811928097e+00
5.848538529672276276e+00
5.550339533510481260e+00
9.529377029819899647e+00
3.383229997047534354e+00
7.575287865367581475e+00
5.008709772660171033e+00
1.791408325952170033e+00
4.546796575140242602e+00
2.963979923235902092e+00
3.104222025391201178e+00
2.240183052849129108e+00
2.409654561558901786e+00
3.434898139946855444e+00
3.229052258635960726e+01
8.377767936226748091e+00
1.238072040153528164e+01
5.119722468260998305e+00
1.803513433717153891e+00
3.842928845586064401e+00
2.387806318275760287e+00
4.189991142604074348e+00
3.639061116031886645e+00
4.923235901978151752e+00
5.192943607912607007e+00
1.782698553291998778e+00
3.634337171538234212e+00
3.460879834661942489e+00
2.142456451136699247e+00
2.135222911130794099e+00
3.553587245349866919e+00
2.567611455565397272e+00
1.997785651018600506e+00
1.654118689105403162e+00
1.776941245940360181e+00
3.510436964865662901e+01
3.056953055801594132e+01
2.529185119574844975e+01
1.843932683790965399e+01
5.410835547682314228e+00
6.148361381753765009e+00
7.413640389725420832e+00
8.388544434602893674e+00
4.832299970475347095e+00
3.891939769707705832e+00
5.497195157956894285e+00
2.686743430764688689e+00
7.391644523176853276e+00
5.279893711248893062e+00
3.043253616770003056e+00
7.625036905816355848e+00
2.812813699439031367e+00
3.072335400059049260e+00
2.521257750221435057e+00
3.280041334514319562e+00
4.399173309713610536e+00
3.654709182167109383e+00
2.658399763802775428e+00
2.762769412459403551e+00
3.249261883672866702e+01
8.639356362562740088e+00
8.282993799822852665e+00
4.589164452317684884e+00
2.304989666371419776e+00
6.655890168290523157e+00
5.719663418954826994e+00
2.058311189843519351e+00
4.190876882196634234e+00
4.134632418069087656e+00
6.295394154118689301e+00
2.654856805432536326e+00
4.963241806908768261e+00
3.941836433421907149e+00
2.903011514614703081e+00
1.586064363743725947e+00
3.850162385591969105e+00
2.674490699734278110e+00
2.330085621493947379e+00
9.952760555063477454e+00
1.110614112784174701e+01
7.993652199586655627e+00
8.207263064658990359e+00
7.449955713020371739e+00
7.962060820785356263e+00
5.424564511366991582e+00
9.097874224977855917e+00
4.193238854443460006e+00
8.488042515500442420e+00
2.922940655447298308e+00
3.568497195157956714e+00
4.595807499261884033e+00
4.274874520224387631e+00
1.829642751697667657e+00
3.095364629465603645e+00
9.986123413049895703e+00
6.908178328904634569e+00
8.773545910835547801e+00
7.117212872748745589e+00
6.762474165928550107e+00
5.726749335695306087e+00
3.864629465603779401e+00
6.430912311780336843e+00
3.864629465603779401e+00
6.474461175081192010e+00
1.788012990847357653e+00
6.457779746087983774e+00
2.664452317685267246e+00
2.908768821966341900e+00
2.719811042220253938e+00
2.997047534691466897e+00
2.414968999114260217e+00
4.746678476527900870e+00
3.335695305580159253e+00
2.309713610865072209e+00
1.678033658104517434e+00
1.315190434012400367e+01
9.218630056096840164e+00
4.830971361086507265e+00
6.732359019781517517e+00
6.240921169176261607e+00
3.863448479480366515e+00
5.133599055211101714e+00
5.732506643046944461e+00
2.090493061706524713e+00
4.934160023619722502e+00
3.725568349571892313e+00
4.053291998819013919e+00
2.861529377029819798e+01
1.781842338352524280e+01
1.739799232359019499e+01
1.280631827576026005e+01
7.372453498671391436e+00
8.570268674343076043e+00
5.682905225863596144e+00
5.104369648656628122e+00
7.721434898139946768e+00
5.525834071449660101e+00
4.216268083850015280e+00
6.669176262178918790e+00
2.369648656628284389e+00
2.237127251254797500e+01
3.391733097136108910e+01
1.980380868024800733e+01
1.339016829052258473e+01
6.039858281665190454e+00
4.365072335400059345e+00
2.619427221730144417e+00
5.410540301151461229e+00
5.547977561263655488e+00
3.609536462946560498e+00
8.083997638027753396e+00
2.592264540891644486e+00
2.393563625627398661e+00
3.942279303218187536e+00
3.134927664599941100e+00
1.908768821966341678e+00
5.698110422202539382e+00
2.254059639799232073e+00
4.092116917626217543e+00
1.643046944198405690e+00
2.611337466784765127e+01
1.336093888396811380e+01
6.652199586654856667e+00
1.005757307351638552e+01
2.840271626808384742e+00
2.602598169471508349e+00
2.609034543844109777e+01
2.356421612046058556e+01
1.279037496309418209e+01
1.037732506643046904e+01
9.050634780041333372e+00
4.906406849719515684e+00
2.320785355772069902e+00
2.771479185119574584e+00
3.435783879539415331e+00
3.422940655447298752e+00
9.983023324475936988e+00
7.415559492175966660e+00
1.622527310304103798e+00
6.201062887511071153e+00
5.242840271626808324e+00
2.566282846176557442e+00
2.472837319161500069e+00
2.496309418364334398e+00
3.045172719220549329e+00
2.107912607026867224e+00
2.913197519929140888e+00
3.980248007085916839e+01
1.003705343962208474e+01
3.898878063182757092e+00
8.407292589312076458e+00
3.368762917035724946e+00
6.462060820785355375e+00
6.216710953646294335e+00
6.373191614998523491e+00
5.887806318275759843e+00
7.221877767936226711e+00
1.623560673162090406e+00
6.744080307056391632e+01
6.546944198405668658e+00
3.691319751992914178e+00
2.678476527900797155e+00
3.406849719515795627e+00
7.692648361381754007e+00
3.130498966637142111e+00
7.266607617360495652e+00
4.435193386477708444e+00
3.822852081488042231e+00
3.468703867729554080e+00
3.832890463537053538e+00
5.077945084145261134e+00
2.238263950398582836e+00
2.035577206967817965e+00
4.619205786832004890e+01
1.197756126365515250e+01
4.530853262474165533e+00
2.013286093888396522e+00
4.943165042810747423e+00
2.654709182167109383e+00
3.307336876291703476e+01
1.423265426631236963e+01
4.430764688514909899e+00
2.784765279007971550e+00
9.968703867729553636e+00
2.929436079126070069e+00
2.639503985828166588e+00
1.966637142013581308e+00
5.873634484794803434e+00
3.446708001180986081e+00
3.317685267198110299e+00
2.033953351048125135e+00
2.695586064363743617e+01
2.380129908473575640e+01
9.395335104812518878e+00
8.944050782403307309e+00
7.244021257750221210e+00
8.242692648361380492e+00
2.600679067020962520e+00
3.869501033362857889e+00
6.292146442279302754e+00
3.839385887215825299e+00
6.005609684086212319e+00
4.726454089164452199e+00
4.694419840566873781e+00
1.801741954532034118e+00
6.436300560968408035e+01
1.365884263359905404e+01
1.189666371420135782e+01
9.777974608798345457e+00
5.003100088573959603e+00
4.882639503985828355e+00
4.784174785946265551e+00
2.410687924416888173e+00
1.433421907292589337e+00
2.884898139946855622e+01
1.640005904930617220e+01
1.254222025391201711e+01
7.177886034839090712e+00
9.180690876882197315e+00
5.664157071154414247e+00
3.706377325066430473e+00
2.981842338352524102e+00
2.268231473280188926e+00
2.217006200177147779e+00
2.783451431945674770e+01
1.303587245349867274e+01
7.853705343962208651e+00
3.890906406849719446e+00
5.310746973723058595e+00
2.427029819899616214e+01
1.238441098317094813e+01
3.777974608798346789e+00
4.906997342781221683e+00
3.170652494833186008e+00
2.881458517862415025e+00
2.658547387068201928e+00
1.657956894006495485e+00
3.147933274284027405e+01
2.520814880425155113e+00
4.237378210806022949e+00
3.542220253912016670e+00
2.612931798051373100e+00
3.780631827576026005e+00
3.951210510776498097e+01
1.113005609684086217e+01
6.434012400354295558e+00
7.373043991733097435e+00
3.960436964865662546e+00
3.395187481547091934e+00
3.360496014171833856e+00
1.883968113374667741e+00
4.000590493061706887e+00
2.162385591969294474e+00
2.607602598169471619e+01
9.614408030705639874e+00
3.951874815470918456e+00
2.732698553291998422e+01
1.576542663123708365e+01
5.242397401830528381e+00
7.436669619131975217e+00
3.751845290817832801e+00
4.481650428107469253e+01
5.150870977266016837e+00
8.380129908473575640e+00
1.784027162680838385e+00
4.186891054030114745e+00
2.180690876882196871e+00
2.181916149985237752e+01
1.500059049306170778e+01
5.896516090935931764e+00
5.399468556244464423e+00
4.345881310894597505e+00
4.575140242102155419e+00
3.851343371715382435e+00
3.461765574254502820e+00
1.992943607912607007e+01
1.496368467670504820e+01
1.663094183643342205e+01
9.807646885149098992e+00
6.582373782108059679e+00
8.374077354591083377e+00
2.610023619722468169e+01
8.743726011219367322e+00
1.534706229701801128e+01
2.807351638618245993e+00
5.689548272807794405e+00
3.620460584588131248e+00
5.075140242102155419e+00
8.661647475642160643e+00
2.357395925597874253e+00
4.295246530853262357e+00
2.753321523472099130e+00
2.153454384410983380e+01
1.036448184233835335e+01
1.022866843814585103e+01
7.864777088869206345e+00
1.060422202539120207e+01
4.954236787717744228e+00
1.385222911130794188e+01
1.224106879244168766e+01
1.228624151166223655e+01
1.028107469737230595e+01
6.926188367286684411e+00
8.700324771183938211e+00
3.989666371420135693e+00
3.934898139946855888e+00
7.634160023619722324e+01
3.343962208444050788e+00
4.816209034543843970e+00
4.117803365810451588e+00
7.879244168881014865e+00
2.409506938293475287e+00
1.809123117803365766e+00
2.523221139651609235e+01
7.886772955417773900e+00
2.064954236787717612e+00
3.173309713610864780e+00
3.914526129317980274e+00
3.484056687333923819e+00
1.935916740478299403e+01
6.873043991733097435e+00
6.055063478004133692e+00
7.229701801003838746e+00
3.488190138765869364e+00
5.687924416888101575e+00
2.152347209920283166e+00
3.342161204605846336e+01
9.825066430469441059e+00
6.541186891054030283e+00
6.731473280188957631e+00
2.636403897254207429e+00
1.514747564216120423e+01
1.062547977561263757e+01
4.837319161499852527e+00
5.337466784765279471e+00
3.784765279007971550e+00
6.350162385591969105e+00
1.064954236787717790e+01
4.724092116917626427e+00
1.474800708591673981e+01
2.365839976380277321e+01
1.502302922940655527e+01
1.751992914083259523e+00
3.905078240330676298e+00
1.943888396811337316e+01
1.634115736640094596e+01
8.388839681133745785e+00
6.703720106288751701e+00
4.989518748154709193e+00
3.577059344552701248e+00
3.218438145851786203e+01
4.551077649837614203e+00
2.433643342190729086e+01
1.390168290522586325e+01
3.758045467965751563e+00
7.807499261883672936e+00
3.988633008562149751e+00
8.451284322409211569e+00
3.374667847652790265e+00
3.773103041039267413e+00
2.323855919692943672e+01
1.213418954827280771e+01
5.136994390315913428e+00
6.726896958960732142e+00
4.577206967818128192e+00
4.399616179509891367e+00
3.735459108355477120e+00
2.304074402125774768e+01
6.238411573664009779e+00
4.370386772955417776e+00
2.755831118984351846e+00
7.017419545320342067e+00
3.524564511366991582e+01
3.415116622379687161e+00
3.758340714496604562e+00
1.473855919692943672e+01
4.163566578092707360e+00
2.670947741364039008e+00
3.626660761736049565e+00
1.787260112193681749e+01
1.638027753173900081e+01
7.407144966046648626e+00
5.233244759374077404e+00
1.958119279598464857e+01
1.752790079716563199e+01
1.260023619722468169e+01
8.509152642456450977e+00
6.604074402125775123e+00
2.842928845586064401e+00
3.693829347505166893e+00
2.495689400649542122e+01
1.089223501623855839e+01
7.654413935636256383e+00
4.420578683200472092e+00
2.541098317094774117e+01
1.048272807794508488e+01
6.843814585178624732e+00
3.899025686448184036e+00
4.260850310008857278e+00
4.067020962503690384e+00
2.262267493356953096e+01
6.670947741364039452e+00
2.803410097431355297e+01
1.405284912902273220e+01
4.044286979627988998e+00
3.662237968703867530e+00
2.743858872158252282e+01
5.830823737821081210e+00
2.802155299675228761e+01
2.309034543844109777e+01
9.064658990256864612e+00
6.831709477413640208e+00
8.025243578387954102e+00
3.169914378506052621e+00
3.063182757602598283e+00
2.100605255388249049e+01
8.982432831414230989e+00
5.755240625922645847e+00
5.359905521110126969e+00
1.963684676705048870e+00
3.854399173309713689e+01
1.071183938588721496e+01
7.941836433421907593e+00
5.612488928255093157e+00
8.277531739002066402e+00
2.153528196043696497e+00
2.159137880129908371e+00
2.595955122527310088e+00
2.689873043991732970e+01
1.142751697667552335e+01
2.774284027162680744e+00
4.939179214644227933e+00
8.166223796870387019e+00
3.551387658695010430e+01
2.849571892530262662e+00
4.630646589902569055e+00
4.073959255978742533e+00
2.553734868615293863e+00
2.541024505462061001e+01
3.113079421316799600e+00
1.930749926188367382e+01
1.515131384706229767e+01
6.233097136108650460e+00
9.647032772364925179e+00
5.674490699734278110e+00
1.883672866843814475e+01
6.013581340419249521e+00
4.871272512547977662e+00
1.178624151166223832e+01
1.642471213463241853e+01
1.162178919397697108e+01
5.794213167995275526e+00
3.325361677000295391e+00
4.193534100974313894e+00
1.630144670800117979e+01
1.379687038677295519e+01
4.722911130794213541e+00
3.075730735163861862e+00
2.495335104812518523e+01
4.363153232949512628e+00
1.825804546796574890e+00
3.060525538824918623e+00
1.741880720401535143e+01
3.365958074992618787e+00
2.185045763212282210e+01
2.672423974018305337e+00
4.652347209920283611e+00
3.697815175671685939e+00
3.098907587835843191e+00
1.542131679952760592e+01
1.075553587245349796e+01
6.168142899320932848e+00
7.001919102450546717e+00
3.370682019486271219e+00
5.206967818128137360e+00
3.026188367286684411e+01
6.267936226749335482e+00
2.048568054325361842e+01
1.002568644818423493e+01
8.970032477118394354e+00
7.428402716268084127e+00
5.666961913197519962e+00
3.766164747564216153e+00
1.673132565692353069e+01
4.960436964865662546e+00
6.273103041039266969e+00
5.283731916149985608e+00
1.605624446412754480e+01
1.843814585178624288e+00
9.869058163566577946e+00
4.122970180100383963e+00
5.506938293475051260e+00
6.177147918511957769e+00
2.055240625922645492e+01
1.865072335400059123e+00
1.370091526424564599e+01
5.286536758193091323e+00
2.089312075583111827e+00
1.734307646885149268e+01
8.313108945969885255e+00
4.560673162090345123e+00
6.657956894006495929e+00
4.551520519633894146e+00
1.912178919397696930e+01
2.456687333923826344e+01
8.578387953941540189e+00
7.909949808089755230e+00
1.153631532329495180e+01
6.643194567463831746e+00
1.138795394154118590e+01
5.981842338352524990e+00
5.997638027753174228e+00
2.745541777384115534e+01
4.728225568349571972e+00
5.507971656333038091e+00
2.733466194272217464e+01
5.241364038972542438e+00
1.844847948036610674e+00
1.618792441688810158e+01
1.584440507824032895e+00
4.110865072335400328e+00
1.108665485680543306e+01
2.313108945969884811e+00
5.822409211691763176e+00
2.292397401830528736e+01
5.581045172719220737e+00
4.585473870682019282e+00
6.852671981104222709e+00
2.401461470327723546e+01
2.235901978151756619e+00
1.751550044286979801e+00
1.494803661056982591e+01
6.822113965160909288e+00
5.270150575730735198e+00
3.714791851195748507e+00
1.938839681133746495e+01
4.195748449955712722e+00
1.885975789784470180e+01
3.566282846176557442e+00
2.086462946560377674e+01
1.131399468556244514e+01
5.419102450546206207e+00
6.276793622674933459e+00
1.066961913197519962e+01
9.717153823442574279e+00
4.205196338943016698e+00
6.080454679657513850e+00
1.428417478594626466e+01
1.011647475642161176e+01
3.308975494537938822e+00
5.203572483023324757e+00
1.268615293770298180e+01
4.010481251845290807e+00
4.813108945969885255e+00
9.795837023914968356e+00
7.691024505462061178e+00
8.773841157366399912e+00
2.019663418954827350e+01
3.014319456746383352e+00
3.622778269855329114e+01
2.764393268379096380e+00
4.902125775022143195e+00
2.423826395039858195e+00
1.018157661647475720e+01
6.710363153232949962e+00
4.133746678476527769e+00
2.380735163861824333e+01
6.486123413049896591e+00
1.190891644523176751e+01
4.057573073516386408e+00
2.484942426926483705e+00
1.813522291113079632e+01
6.220549158547386881e+00
3.996457041629760454e+00
1.368866253321523452e+01
3.039120165338057067e+00
1.354856805432536149e+01
8.394892235016238047e+00
7.481104222025392048e+00
3.147180395630351235e+00
2.343607912607026833e+01
1.971302037201062873e+01
2.073383525243578163e+01
1.823885444346029061e+00
1.648951874815470831e+01
4.702096250369057984e+00
1.964865662828461756e+00
1.924180690876882238e+01
7.616031886625331815e+00
4.035134337171538021e+00
1.419338647770888606e+01
2.852376734573368822e+00
6.111455565397106326e+00
3.686595807499262190e+00
6.481694715087097158e+00
1.767877177443164882e+01
4.235016238559196289e+00
2.459551225273103103e+00
8.539267788603485343e+00
1.285326247416592693e+01
3.262031296132270608e+00
1.484632418069087834e+01
4.760407440212577335e+00
3.755978742249778346e+00
1.965219958665485578e+01
6.859315028048420082e+00
1.917493356953055894e+01
6.137289636846767316e+00
3.344995571302036730e+00
2.164791851195748507e+01
4.869796279893710889e+00
1.353912016533805840e+01
3.292884558606436141e+00
1.841009743135518306e+01
1.198331857100679088e+01
9.187038677295541689e+00
1.073235901978151752e+01
6.861529377029819798e+00
1.734971951579569094e+01
7.880129908473575640e+00
6.974756421612046786e+00
2.153262474165928353e+01
1.753410097431354941e+01
1.019220549158547406e+01
8.986566282846176534e+00
4.124446412754649849e+00
1.747859462651313933e+01
6.594331266607616371e+00
1.917655742545025177e+01
1.571449660466489462e+01
2.083259521700620009e+00
1.688662533215234873e+01
1.731679952760554997e+01
1.744641275465013308e+01
9.244464127546502041e+00
9.742102155299676269e+00
3.946412754650132637e+00
1.072586359610274620e+01
4.769707705934455255e+00
6.563773250664304726e+00
5.372158252140537549e+00
1.000177147918511977e+01
1.213035134337171606e+01
2.859905521110126969e+00
1.524343076468851521e+01
2.042367877177443170e+00
1.746663714201358175e+01
5.989813994685562193e+00
1.260983170947741350e+01
5.060525538824919067e+00
1.529598464718039530e+01
6.683052849129022199e+00
1.090625922645408963e+01
4.426335990552111355e+00
2.341600236197224572e+00
1.694626513138470614e+01
1.151919102450546184e+01
1.171552996752288145e+01
3.046796575140241714e+00
1.686152937702982157e+01
4.915707115441393604e+00
2.645408916445231906e+00
1.509551225273103015e+01
1.511116031886625244e+01
6.272955417773840914e+00
1.510067906702096252e+01
6.509300265721877032e+00
4.339828757012105243e+00
2.732654266312370961e+00
2.102465308532624988e+01
3.149394744611750951e+00
1.074077354591083555e+01
4.548125184529082432e+00
4.703424859757897813e+00
1.110141718334809546e+01
1.145010333628579957e+01
5.946117508119279194e+00
6.134041925007380769e+00
1.771744906997342639e+01
1.532093297903749551e+01
1.128447003247711855e+01
1.686138175376439463e+01
4.571449660466488929e+00
1.823649247121346306e+01
1.380277531739002050e+01
7.530115146147033478e+00
2.172866843814585280e+00
1.163507528786536760e+01
3.128579864186595838e+00
1.043327428402716173e+01
8.602598169471509237e+00
2.178771774431650599e+00
1.591703572483023343e+01
5.667404782993799905e+00
3.044729849424269386e+00
6.882049010924121468e+00
7.763212282255683050e+00
4.167847652790079849e+00
8.148213758488337177e+00
7.453646294656038229e+00
1.209521700620017803e+01
9.727930321818718085e+00
4.239740183052848721e+00
5.708739297313257133e+00
9.851195748449955047e+00
1.939651609093593265e+01
3.937998228520815047e+00
2.137880129908473315e+00
1.666090935931502770e+01
3.539563035134337010e+00
3.928255093002657183e+00
1.623221139651608880e+01
1.595512252731030323e+01
1.762887511071744839e+01
1.000073811632713294e+01
1.482432831414230812e+01
7.074992618836729363e+00
1.685414821375848859e+01
5.809713610865072653e+00
5.268674343076468425e+00
4.705048715677590643e+00
1.405270150575730703e+01
5.108207853557720668e+00
1.717493356953055894e+01
1.816799527605550413e+00
6.131384706229701997e+00
1.078742249778565210e+01
1.029908473575435579e+01
4.785503395335104493e+00
6.370977266017123775e+00
1.275095955122527158e+01
2.623708296427516906e+00
3.813847062297017754e+00
4.090493061706524713e+00
1.201609093593150135e+01
8.116917626217892590e+00
1.234396220844405079e+01
9.538972542072631455e+00
2.147328018895777735e+00
5.534691467375258078e+00
3.543253616770002612e+00
8.602302922940655350e+00
5.684971951579568916e+00
3.847948036610569389e+00
1.326527900797165849e+01
8.917626217891939433e+00
2.292736935341009641e+00
4.959698848538529603e+00
1.035281960436964788e+01
3.051520519633894146e+00
2.671685857691172394e+00
1.171715382344257428e+01
1.351225273103040969e+01
2.897844700324771150e+00
1.422999704753469175e+01
6.596397992323590032e+00
1.591733097136108732e+01
7.863596102745793459e+00
4.864924712134632401e+00
1.890374963094183869e+01
2.782122822556834763e+01
2.534100974313551635e+00
1.120194862710363104e+01
6.194124594036019893e+00
1.716179509890758936e+01
4.506052553882492262e+00
1.352480070859167327e+01
7.788455860643637152e+00
1.748804251550044242e+01
3.498819013876586670e+00
1.541304989666371306e+01
1.027664599940950652e+01
4.522881606141128330e+00
3.789784470032477426e+00
6.647328018895778179e+00
7.506790670209624317e+00
1.133082373782108121e+01
3.912607026867434001e+00
1.401107174490699592e+01
3.994242692648361626e+00
1.958488337762031151e+01
1.469427221730144772e+01
7.944788898730440252e+00
2.164157071154414069e+01
2.571302037201062873e+00
1.186787717744316595e+01
3.202391496899910983e+00
7.000738116327133831e+00
1.715338057277827133e+01
4.142899320932978746e+00
6.640242102155299975e+00
5.374520224387363321e+00
4.254650132860938960e+00
1.027428402716268074e+01
4.231916149985237574e+00
1.579140832595217070e+01
3.279155594921759231e+00
8.328018895777974606e+00
1.505225863596102798e+01
2.996752288160613897e+00
4.634189548272807713e+00
4.811189843519338538e+00
8.323885444346029061e+00
2.644966046648951963e+00
4.531148509005019420e+00
4.264393268379096824e+00
6.569825804546796988e+00
1.186994390315913606e+01
5.478742249778565387e+00
8.964275169766755980e+00
7.251254797756126358e+00
2.679657514024210041e+00
9.746973723058752981e+00
1.712459403602007413e+01
3.632860938883968327e+00
1.630380868024800733e+01
2.766902863891349540e+00
1.240197815175671536e+01
2.668438145851786292e+00
4.684086211987009030e+00
1.003011514614703259e+01
2.776498376144080460e+00
6.338647770888692357e+00
5.188219663418954575e+00
5.135961027457927486e+00
2.448774726896958853e+00
1.198464718039562982e+01
1.077251254797756097e+01
1.916149985237673548e+00
1.215470918216710849e+01
6.440212577502213875e+00
7.234868615293770233e+00
1.279096545615588987e+01
2.534986713906111522e+00
1.509787422497785592e+01
1.532934750516681355e+01
1.289784470032477159e+01
7.614850900501918929e+00
8.839238263950399244e+00
7.859019781517566194e+00
8.550339533510481260e+00
1.106879244168881016e+01
8.440212577502213875e+00
2.512695600826690079e+00
2.417626217891939877e+00
8.995718925302627511e+00
1.554664895187481477e+01
5.754059639799232961e+00
1.962208444050782319e+00
1.236743430764688689e+01
3.559935045763212624e+00
6.207558311189843359e+00
1.307395925597874076e+01
2.078830823737821021e+00
3.425155004428697580e+00
2.148258045467965971e+01
2.036020076764097908e+00
1.360392677886034640e+01
4.281369943903158948e+00
1.393283141423088267e+01
8.449217596693237908e+00
1.785370534396220776e+01
1.832787127251254944e+01
8.670652494833186452e+00
1.296412754650132904e+01
1.286433421907292463e+01
6.461765574254502376e+00
5.670357248302332565e+00
5.226749335695305199e+00
6.644080307056392520e+00
1.236950103336285700e+01
1.672866843814585280e+01
8.314880425155005028e+00
1.436093888396811202e+01
1.426055506347800339e+01
3.004428697962798989e+00
1.706229701801003884e+01
1.074343076468851343e+01
8.361529377029819798e+00
6.565692353114851443e+00
3.258488337762031506e+00
7.848833776203129275e+00
1.132255683495719012e+01
1.855772069678181424e+00
1.383303808680248004e+01
3.428845586064364070e+00
1.186492471213463240e+01
4.582669028638913566e+00
1.269338647770888606e+01
1.384027162680838607e+01
1.104650132860938783e+01
1.093327428402716350e+01
1.209196929436079238e+01
1.766755240625922596e+01
9.369648656628285721e+00
2.266755240625922596e+00
4.966341895482727864e+00
8.890758783584292502e+00
3.296132270445822243e+00
8.704310599350458588e+00
5.862267493356952741e+00
1.328402716268083772e+01
1.259078830823737860e+01
1.157528786536758147e+01
3.252731030410392243e+00
1.866548568054325230e+00
7.132713315618540939e+00
1.208370239149689951e+01
5.839828757012105243e+00
1.271036315323294907e+01
1.171390611160318862e+01
8.835990552111013585e+00
1.303793917921464285e+01
7.808385001476231935e+00
1.358001180986123302e+01
8.470475346914673409e+00
9.285798641865957492e+00
4.105255388249188009e+00
1.328240330676114667e+01
1.546324180690876915e+01
1.158665485680543306e+01
2.920135813404192593e+00
1.303793917921464285e+01
9.746826099793327813e+00
1.764053734868615209e+01
7.517419545320342067e+00
6.231620903454384575e+00
1.002686743430764693e+01
8.695010333628578891e+00
8.466932388544433863e+00
4.196338943017419609e+00
1.025095955122527336e+01
1.126911721287274837e+01
9.203129613227044814e+00
5.432683790965455728e+00
6.748154709182167643e+00
7.392087392973132332e+00
7.037201062887511682e+00
1.730115146147032590e+01
1.670504871567759064e+00
5.684676705048715917e+00
1.064614703277236529e+01
1.381857100679066974e+01
5.160318866253321701e+00
8.398582816651904537e+00
1.179052258635961081e+01
1.334056687333923641e+01
4.272807794508414858e+00
9.880129908473575640e+00
5.606731620903454782e+00
5.839385887215825299e+00
5.233687629170357347e+00
8.305137289636846276e+00
7.779155594921759231e+00
9.917183348095660378e+00
4.975937407735458784e+00
5.355772069678181424e+00
7.313551815766165198e+00
5.729554177738411802e+00
5.879539415411868752e+00
7.364038972542073402e+00
3.336728668438145640e+00
3.098907587835843191e+00
1.522099202834366771e+01
5.440212577502214764e+00
3.245349867139061040e+00
1.909565987599645709e+01
2.294065544729849471e+00
3.827576025981694663e+00
3.400944788898730309e+00
1.009374077354591215e+01
7.234425745497490290e+00
1.227945084145261134e+01
6.717006200177147335e+00
6.156923531148509099e+00
1.187245349867139232e+01
2.177738411573664212e+00
1.183599055211101181e+01
1.434706229701800950e+01
5.602450546206082294e+00
9.741954532034247549e+00
9.234278122232064234e+00
5.560968408621198122e+00
1.367832890463537154e+01
9.626217891939770510e+00
1.255934455270150529e+01
1.152184824328314150e+01
1.357425450250959464e+01
2.485090050191910205e+00
3.860791260702686856e+00
6.358429288455860195e+00
9.983170947741363932e+00
5.846028934160023560e+00
5.359462651313847026e+00
3.954532034248597228e+00
3.354000590493061207e+00
1.124653085326247393e+01
1.210377915559492124e+01
7.845881310894596616e+00
5.100383820490109521e+00
1.601387658695010074e+01
1.450649542367877309e+01
1.723796870386772895e+01
1.487850605255388103e+01
1.035695305580159342e+01
2.719072925893120996e+00
1.268969589607322135e+01
1.638810156480661462e+01
2.273398287570121301e+00
3.312813699439031367e+00
4.580602302922940794e+00
8.788308237378210208e+00
1.271582521405373356e+01
2.386330085621493957e+00
1.298317094774136393e+01
1.189548272807794405e+01
8.014171833480956408e+00
2.072187776793622760e+00
4.837319161499852527e+00
1.110702686743430867e+01
4.379834661942721752e+00
1.315869501033362887e+01
8.070859167404783818e+00
3.034100974313551635e+00
3.110865072335399883e+00
7.823885444346029061e+00
1.291216415707115495e+01
4.723206377325066541e+00
5.002804842043105715e+00
2.546501328609389159e+00
1.071759669323885511e+01
2.286093888396811380e+00
1.657779746087983241e+01
7.890611160318866446e+00
1.335665780927074131e+01
1.250738116327133120e+01
1.317818128136994282e+01
5.681133746678476371e+00
7.545910835547682716e+00
1.423162090345438280e+01
1.061558901682905187e+01
1.522925893120755880e+01
7.421907292589311922e+00
6.908916445231769288e+00
1.115618541482137616e+01
5.514024210215529465e+00
4.588573959255978885e+00
1.195305580159433134e+01
7.911278417478594172e+00
1.056849719515795627e+01
1.407528786536758147e+01
8.387658695010333787e+00
1.091777384115736638e+01
6.848686152937703220e+00
1.513492766459994066e+01
1.018098612341304943e+01
1.256096840862119990e+01
4.442722173014467479e+00
3.372158252140537549e+00
1.366090935931502770e+01
5.372896368467670491e+00
9.514762326542662407e+00
1.136861529377029889e+01
5.315175671685857139e+00
1.139902568644818537e+01
9.073811632713315589e+00
2.827133156185414720e+00
1.435326247416592693e+01
8.064806613522291556e+00
3.449955713020372183e+00
9.434898139946856332e+00
3.545763212282255772e+00
4.897254207263064707e+00
6.195896073221139666e+00
6.498819013876587114e+00
5.907144966046648626e+00
6.722468260997932710e+00
6.194124594036019893e+00
1.336093888396811380e+01
9.492618836728668796e+00
8.804103926778859446e+00
4.697962798937112439e+00
1.369338647770888606e+01
1.011603188662533270e+01
1.048361381753764476e+01
6.413345143194567832e+00
3.414673752583407218e+00
9.127989371124888507e+00
2.780188957779746062e+00
2.654118689105402940e+00
6.398878063182757536e+00
3.931355181576616342e+00
7.339533510481252243e+00
4.999114260407440113e+00
1.269796279893711244e+01
8.154413935636256383e+00
8.294656037791556358e+00
6.035134337171538021e+00
5.261145556539710277e+00
6.813404192500738255e+00
1.010732211396516078e+01
8.438736344847947990e+00
1.501564806613522229e+01
1.012164157071154413e+01
4.822409211691763176e+00
8.261736049601417164e+00
9.478889873043991443e+00
7.444641275465013308e+00
3.197815175671685495e+00
3.631089459698848998e+00
1.259005019191024388e+01
9.905521110126956685e+00
2.999852376734573056e+00
8.717301446708001222e+00
1.134927664599940833e+01
3.349571892530263106e+00
5.361086507233539855e+00
9.720992028343667712e+00
8.744906997342781096e+00
7.760112193681724335e+00
1.034292884558606573e+01
5.034248597578979023e+00
9.726454089164452199e+00
2.688514909949808018e+00
2.811927959846471925e+00
6.757307351638617732e+00
1.055786832004723941e+01
4.818718630056097574e+00
3.304842043105993721e+00
6.258931207558310561e+00
1.967832890463537154e+01
3.999704753469146556e+00
1.070918216710953708e+01
1.578535577206967799e+00
1.395217006200177146e+01
6.989223501623855306e+00
2.336138175376439197e+00
3.351786241511662379e+00
1.353779155594921768e+01
3.807646885149099436e+00
9.656185414821376156e+00
3.879687038677295252e+00
9.797018010038382130e+00
7.833628579864186037e+00
5.431798051372896730e+00
9.075878358429287474e+00
2.626513138470622621e+00
8.069530558015943100e+00
1.103616770002952485e+01
2.931207558311189842e+00
4.898139946855624594e+00
6.890168290522585615e+00
1.258739297313256600e+01
1.089238263950398533e+01
5.891349276645999389e+00
9.247711839385887700e+00
7.219368172423973107e+00
4.837171538234425583e+00
1.064009447888987303e+01
1.118703867729554169e+01
5.447741364038972911e+00
9.723944493652199483e+00
6.963094183643342205e+00
7.559935045763212180e+00
8.783731916149985608e+00
2.916592855033953491e+00
5.050930026572188147e+00
1.719072925893120640e+01
1.033731916149985253e+01
2.953498671390611285e+00
7.363891349276645570e+00
4.781074697372305948e+00
2.957041629760849943e+00
1.321523472099202756e+01
7.312223206377324480e+00
6.296722763507528242e+00
4.058901682905225350e+00
8.834957189253026755e+00
1.257528786536758147e+01
4.613227044582226100e+00
1.062739887806318251e+01
4.137732506643047259e+00
6.464127546501329036e+00
1.188957779746088050e+01
3.352081488042515822e+00
5.484056687333923819e+00
9.823294951284323062e+00
6.009890758783584808e+00
8.239592559787421777e+00
5.926631237082965242e+00
1.108385001476232645e+01
8.976085031000886616e+00
8.001033362857986830e+00
6.377915559492175923e+00
2.596545615589016531e+00
1.152775317390020682e+01
6.608503100088574556e+00
7.850014762326542161e+00
1.293770298198996116e+01
7.360791260702686856e+00
6.084145261293180340e+00
9.390906406849719446e+00
3.550339533510480816e+00
1.019515795689400584e+01
1.275878358429288362e+01
7.947741364038972023e+00
5.479775612636552218e+00
7.586950103336286055e+00
8.458960732211396660e+00
9.526719811042219987e+00
9.608798346619428443e+00
1.076941245940360226e+01
7.615146147032772816e+00
5.602893416002361349e+00
6.024800708591674159e+00
1.960732211396516211e+00
4.200177147918512155e+00
5.744906997342781096e+00
9.234425745497489402e+00
5.835400059049306698e+00
4.759078830823738393e+00
1.372025391201653477e+01
7.794508414526129414e+00
4.086802480070859112e+00
2.448036610569825910e+00
3.612636551520519657e+00
1.020637732506643047e+01
7.572630646589901815e+00
2.706082078535577029e+00
1.265234720992028450e+01
8.928993209329789238e+00
6.140832595217005974e+00
2.401240035429583752e+00
9.281960436964865835e+00
1.043475051668142939e+01
7.324771183938588948e+00
1.087009152642456478e+01
2.528048420431059817e+00
8.593297903749631317e+00
1.154000590493061651e+01
1.174667847652790087e+01
6.316356657809270025e+00
9.766755240625922596e+00
6.084883377620313283e+00
1.261234130498966621e+01
9.091821671095365431e+00
6.415116622379687605e+00
5.190581635665780347e+00
8.391054030115146389e+00
8.242692648361380492e+00
9.219811042220253938e+00
2.974313551815766399e+00
2.650723354000590781e+00
2.521995866548567999e+00
5.703867729554177757e+00
6.868172423974018059e+00
1.080085621493947379e+01
8.774136403897253800e+00
3.462946560377915706e+00
9.833480956598759093e+00
9.250221434898140416e+00
5.859167404782993138e+00
8.628432240921169338e+00
7.132565692353114883e+00
8.713315618541482621e+00
1.061470327723649376e+01
5.094921759669323258e+00
6.966341895482728752e+00
6.839533510481251355e+00
8.331709477413641096e+00
1.297328018895778001e+01
7.599498080897549634e+00
9.636846767050487372e+00
5.881606141127841525e+00
8.397844700324771594e+00
4.815028048420431084e+00
8.294951284322408469e+00
1.010702686743430689e+01
8.748154709182166755e+00
3.587835842928845942e+00
1.079377029819899647e+01
9.309565987599645709e+00
4.576321228225568305e+00
7.805727782698554051e+00
1.001535281960436841e+01
5.993061706524948740e+00
1.314348981399468563e+01
5.344257454974903787e+00
5.438588721582521046e+00
8.982875701210510044e+00
1.004089164452317640e+01
7.693386477708886950e+00
3.891349276645999389e+00
5.020962503690581613e+00
3.528048420431059817e+00
3.880425155004428639e+00
2.813728963684676287e+01
7.037496309418363793e+00
7.344700324771183730e+00
2.993652199586654739e+00
8.964865662828461979e+00
4.518895777974608841e+00
3.506495423678772205e+00
4.845143194567463674e+00
7.990404487747269080e+00
5.533510481251845192e+00
6.726896958960732142e+00
9.705491585473870586e+00
3.928107469737230240e+00
1.054605845881310877e+01
1.249129022733982985e+01
2.795394154118688856e+00
1.310466489518748290e+01
3.253321523472099575e+00
7.887215825214054732e+00
1.186448184233835335e+01
7.007676409802184203e+00
8.149837614408030007e+00
3.476232654266312228e+00
8.956155890168291833e+00
5.783436669619131720e+00
8.192795984647180063e+00
7.300265721877767788e+00
1.136123413049896769e+01
5.379687038677295696e+00
1.992175966932388409e+00
1.133805727782698547e+01
9.861234130498965911e+00
6.741511662237968494e+00
5.050487156775907316e+00
4.408768821966341456e+00
9.384115736640094241e+00
1.197534691467375190e+01
4.913049896663713945e+00
3.230439917330971245e+00
6.323590197815175173e+00
7.046944198405668658e+00
4.544877472689695885e+00
6.641423088278712861e+00
3.498819013876586670e+00
8.455713020372011002e+00
8.941098317094773762e+00
6.676409802184823938e+00
9.242397401830528381e+00
6.375848833776203151e+00
7.458517862415115829e+00
9.297313256569236017e+00
1.403380572778269908e+01
3.684971951579568916e+00
5.644227930321818576e+00
8.656185414821376156e+00
4.235016238559196289e+00
1.707410687924417081e+00
2.567611455565397272e+00
1.186758193091231028e+01
3.899173309713610980e+00
8.894744611750811103e+00
2.484056687333923819e+00
2.625479775612636679e+00
3.626217891939769622e+00
1.039459698848538416e+01
3.526276941245940488e+00
4.920578683200472980e+00
1.055122527310304115e+01
1.257440212577502159e+01
6.146885149099498236e+00
1.085414821375848859e+01
7.136994390315913428e+00
7.045320342485975829e+00
5.139208739297313144e+00
6.271331561854148084e+00
5.959255978742250548e+00
5.918659580749925375e+00
2.941245940360200706e+00
8.279893711248892174e+00
6.853705343962207763e+00
4.807351638618245993e+00
5.344405078240330731e+00
3.160909359315028144e+00
5.584588131089459395e+00
5.641570711544139805e+00
1.855476823147327980e+00
1.038160614112784152e+01
8.488780631827577139e+00
8.631975199291407108e+00
2.875258340714496708e+00
1.064895187481547012e+01
6.718039563035134165e+00
9.982580454679657933e+00
3.493504576321227795e+00
2.530705639208739033e+00
1.060186005314437629e+01
7.707853557720697246e+00
1.367832890463537154e+01
3.588131089459698941e+00
3.674195453203425110e+00
5.644375553587245520e+00
5.312075583111898425e+00
3.249188072040153585e+00
4.689843519338647404e+00
1.109123117803365943e+01
8.054177738411572918e+00
7.584292884558606396e+00
4.488042515500443308e+00
6.900354295837023422e+00
9.978594626513139332e+00
1.113256569235311488e+01
2.063035134337171339e+00
7.583111898435193510e+00
3.090935931502804657e+00
2.997342781222320784e+00
4.180690876882196427e+00
6.150280484204310838e+00
5.996604664895187398e+00
4.445822261588426194e+00
5.332004723944493207e+00
2.459551225273103103e+00
7.093445527015058261e+00
1.167862415116622365e+01
4.904192500738115967e+00
3.600088573959255633e+00
6.952760555063478343e+00
1.059329790374963132e+01
4.609388839681133554e+00
6.079126070268674908e+00
4.387953941541186786e+00
4.772512547977560970e+00
7.457484499557130775e+00
4.852819604369648765e+00
1.028653675819309044e+01
7.852967227635075709e+00
3.388396811337466730e+00
6.344847948036610674e+00
2.288012990847357653e+00
2.359462651313847026e+00
5.602302922940655350e+00
7.100826690286389464e+00
2.039267788603484011e+00
4.944346028934160309e+00
9.788012990847358097e+00
3.206820194862710416e+00
2.933864777088869058e+00
7.664157071154414247e+00
7.564068497195157725e+00
4.254945379391791960e+00
7.984499557130202874e+00
4.182462356067316200e+00
5.984794803661056761e+00
7.111307942131679383e+00
7.119131975199291418e+00
3.643637437260112133e+00
1.114865662828461801e+01
3.734868615293769789e+00
1.039784470032477159e+01
1.164732801889577729e+01
9.116622379687038702e+00
1.218954827280779263e+01
1.852967227635075487e+00
2.305580159433126664e+00
3.909211691762621843e+00
7.541039267788603340e+00
7.334219072925893812e+00
6.017271922054916011e+00
3.656775907883082599e+00
8.112784174785945268e+00
5.059935045763212180e+00
6.550487156775907316e+00
9.524505462060821159e+00
5.811632713315618481e+00
5.603188662533215236e+00
2.347357543548863390e+00
1.030454679657514028e+01
2.942131679952760592e+00
7.149394744611750951e+00
1.085842928845586108e+01
9.924712134632418525e+00
3.586950103336286055e+00
5.386034839090640070e+00
8.485090050191910649e+00
7.242987894892234380e+00
4.022291113079421443e+00
2.824033067611455561e+00
5.058458813108946295e+00
5.622232063773251021e+00
5.564954236787717612e+00
1.079583702391497013e+01
8.029377029819899647e+00
6.248597578978447586e+00
1.022054915854738688e+01
1.021124889282550896e+01
8.333480956598760869e+00
4.849129022733983163e+00
7.434750516681428500e+00
4.978299379982285444e+00
1.111987009152642436e+01
1.171848243283141500e+01
2.724682609979332426e+00
5.152494833185709666e+00
5.409949808089754342e+00
4.796575140242102187e+00
9.570859167404782042e+00
8.612931798051372212e+00
7.683200472394449143e+00
1.102096250369058161e+01
5.675376439326837996e+00
5.554915854738706749e+00
7.084735754354886339e+00
7.680986123413050315e+00
2.391496899911426333e+00
1.085149099498080894e+01
9.835695305580159697e+00
4.096397992323590032e+00
5.675524062592264052e+00
1.178919397697077009e+01
8.693534100974313006e+00
3.077354591083554691e+00
6.327133156185413831e+00
9.064216120460585557e+00
7.347505166814289446e+00
3.652347209920283166e+00
4.287865367581930265e+00
9.749483318571007473e+00
7.258635961027457562e+00
4.507824033067611147e+00
8.018010038382049842e+00
1.184484794803661067e+01
2.896516090935931320e+00
4.969589607322114411e+00
1.033554768231473275e+01
1.539385887215825122e+01
4.266607617360496540e+00
6.177295541777383825e+00
6.561263655152052010e+00
5.481842338352524102e+00
8.539710658399762622e+00
2.327576025981694663e+00
1.022113965160909288e+01
1.264732801889577729e+01
2.098317094774136304e+00
7.384115736640094241e+00
1.013669914378506043e+01
1.594774136403897202e+00
9.081488042515500680e+00
2.781369943903159392e+00
1.019309123117803395e+01
4.049601417183348318e+00
5.201948627103631928e+00
3.606879244168880838e+00
1.281266607617360442e+01
1.174992618836728653e+01
4.101121936817242464e+00
2.824033067611455561e+00
4.866400944788898286e+00
8.324623560673162004e+00
2.500147623265426500e+00
3.474904044877472398e+00
4.641865958074992804e+00
2.470770593445526853e+00
8.291408325952170699e+00
6.808975494537938822e+00
4.946117508119279194e+00
3.656923531148508655e+00
3.276793622674933459e+00
8.823737821080602117e+00
8.390906406849719446e+00
7.937260112193681216e+00
8.662385591969293586e+00
2.995718925302627955e+00
6.438736344847947990e+00
2.734868615293770233e+00
4.788751107174491040e+00
2.870091526424564332e+00
1.018615293770298180e+01
4.253026276941245243e+00
7.127251254797756452e+00
9.469737230587540466e+00
8.629022733982875337e+00
8.073811632713315589e+00
8.992914083259522684e+00
4.659580749926188759e+00
5.197667552406259439e+00
7.347505166814289446e+00
2.758931207558311005e+00
4.995866548568054455e+00
3.405078240330676298e+00
7.253764393268379962e+00
4.151313847062296780e+00
5.352819604369648765e+00
7.964718039563035035e+00
1.416386182462355947e+01
1.917035724830233212e+00
3.886477708886920457e+00
5.772660171242987914e+00
2.322852081488042231e+00
4.225715972837319256e+00
5.215234720992028450e+00
1.053882491880720451e+01
1.015456155890168333e+01
3.643785060525539077e+00
5.303808680248007335e+00
2.754207263064659017e+00
9.574844995571302420e+00
7.780336581045173006e+00
1.076764098021848248e+01
2.425155004428698025e+00
3.891939769707705832e+00
6.347652790079716389e+00
9.033362857986418248e+00
1.311913197519929319e+01
3.415264245645113661e+00
5.059639799232359181e+00
8.467522881606141638e+00
3.708001180986123302e+00
3.741659285503395438e+00
2.342485975789784458e+00
5.288308237378211096e+00
7.619131975199291418e+00
8.601417183348095463e+00
2.696043696486566166e+00
3.718334809565987609e+00
1.224697372305875298e+01
6.562149394744611897e+00
4.795394154118689301e+00
1.023634484794803612e+01
6.502509595512252716e+00
6.954236787717744228e+00
5.187924416888101575e+00
2.072925893120755703e+00
5.135961027457927486e+00
1.346693238854443564e+01
5.201801003838204984e+00
5.135813404192500542e+00
7.793622674933569527e+00
7.757159728373190788e+00
8.341747859462650183e+00
2.391201653380572445e+00
5.493356953055801739e+00
9.133303808680247826e+00
2.619427221730144417e+00
6.579568940064953964e+00
5.016681428993209124e+00
3.601121936817242464e+00
6.214348981399468563e+00
3.799527605550634402e+00
7.490994980808975079e+00
7.986861529377030422e+00
1.018999114260407524e+01
4.808827871272511878e+00
6.560230292294066068e+00
7.451431945674638513e+00
1.310997933274283866e+01
4.941098317094774650e+00
3.489666371420136137e+00
6.531443755535873308e+00
7.874815470918216320e+00
7.048715677590788431e+00
2.911721287274874559e+00
7.372453498671391436e+00
9.415116622379686717e+00
7.955860643637437946e+00
5.855772069678181424e+00
4.864038972542072514e+00
7.842190729258930126e+00
2.990109241216415636e+00
2.627398878063182952e+00
5.763212282255683050e+00
8.576321228225568305e+00
3.725125479775612813e+00
3.233982875701210791e+00
3.039563035134337454e+00
8.849867139061116106e+00
4.635518157661647543e+00
9.462503690581636207e+00
2.459551225273103103e+00
9.671538234425744562e+00
2.902568644818423138e+00
8.927074106879244297e+00
1.074047829937998166e+01
9.203129613227044814e+00
5.246826099793326925e+00
6.963389430174195205e+00
5.881310894596988526e+00
8.203720106288750813e+00
4.972246826099793182e+00
3.461175081192795489e+00
3.224239740183052927e+00
5.710067906702096074e+00
8.289193976970770095e+00
6.815913788012990082e+00
8.905816356657808797e+00
2.643637437260112133e+00
8.944198405668732477e+00
9.975199291408326729e+00
1.243681724239740127e+01
1.012577502214348968e+01
9.619131975199291418e+00
5.475642161204605785e+00
9.154561558901683327e+00
9.507233540005904260e+00
8.651166223796868948e+00
3.657661647475642042e+00
8.292736935341009641e+00
2.441393563625627205e+00
3.854000590493061651e+00
5.877767936226748979e+00
3.743135518157661767e+00
3.183790965456155586e+00
6.173604960141719111e+00
1.025228816061411230e+01
2.040744021257750340e+00
1.115869501033362887e+01
4.722911130794213541e+00
5.003690581635665602e+00
2.469294360791260967e+00
8.537348686152936850e+00
1.178077945084145206e+01
2.598169471508709805e+00
5.428402716268084127e+00
2.741659285503395438e+00
1.226645999409507048e+01
4.895187481547091934e+00
6.966489518748154808e+00
2.714939474461175006e+00
7.623413049896663907e+00
7.832152347209921039e+00
5.351343371715381991e+00
4.281222320637732892e+00
6.212725125479775734e+00
5.586211987009152224e+00
4.436817242397402161e+00
5.672128727487451449e+00
5.935045763212283276e+00
7.933274284027161727e+00
4.552849129022733976e+00
7.507824033067611147e+00
8.105993504576320063e+00
8.658399763802774984e+00
9.690434012400354291e+00
2.624446412754650293e+00
9.287274874520223378e+00
8.007824033067612035e+00
4.981251845290817215e+00
6.479185119574845331e+00
4.169619131975199622e+00
1.187865367581930798e+01
8.041777384115736282e+00
4.330528491290227322e+00
7.244464127546501153e+00
6.257012105107765620e+00
4.714496604664895507e+00
1.047431355181576684e+01
3.384263359905521185e+00
3.981547091821670659e+00
1.083790965456155853e+01
4.386625332152346957e+00
1.146265131384706315e+01
7.629613227044583113e+00
3.003542958370239546e+00
7.965899025686447921e+00
5.425302627694124524e+00
1.279244168881015575e+01
6.151461470327723724e+00
8.723354000590493484e+00
2.278122232063773289e+00
6.183790965456156030e+00
3.867729554177738560e+00
2.275760259816947073e+00
3.670947741364039008e+00
4.599498080897549634e+00
8.928993209329789238e+00
4.060820785355772067e+00
1.639061116031886645e+00
8.503838204901093434e+00
7.603483909064068236e+00
5.456451136699143944e+00
3.032624741659285306e+00
9.313256569235310423e+00
1.051564806613522407e+01
9.684381458517862029e+00
3.377177443165042980e+00
1.107204015352819582e+01
5.914821375848834606e+00
2.802037201062887561e+00
4.661499852376734587e+00
5.677886034839090712e+00
6.025243578387954102e+00
7.701210510776498097e+00
3.258931207558311005e+00
3.402716268083850082e+00
3.345586064363744061e+00
8.695157956894007611e+00
6.017862415116622898e+00
4.075287865367582363e+00
6.870091526424564776e+00
2.528196043696486317e+00
8.836728668438144751e+00
4.993209329790374795e+00
2.819456746383230072e+00
4.904930617065249798e+00
3.632565692353114883e+00
6.665485680543254077e+00
4.727339828757012086e+00
2.193534100974313450e+00
9.910835547682314228e+00
2.831266607617360265e+00
7.549158547387068374e+00
3.706820194862710416e+00
3.208296427516976301e+00
4.734425745497490290e+00
4.369796279893711777e+00
2.084292884558606396e+00
4.231473280188957631e+00
5.142161204605845803e+00
2.130203720106288667e+00
1.292028343666961909e+01
4.030705639208739477e+00
4.004723944493652432e+00
1.690286389134927791e+00
3.900649542367877309e+00
5.270445822261588198e+00
4.580454679657513850e+00
1.149778565101859940e+01
3.479037496309418387e+00
4.439326837909654877e+00
5.696781812813699553e+00
2.698848538529672325e+00
6.560820785355772067e+00
3.276350752878653516e+00
3.202243873634484927e+00
3.790965456155890312e+00
2.478889873043991887e+00
5.518452908178328897e+00
6.479480366105698330e+00
8.564511366991437669e+00
4.569235311485090101e+00
3.142604074402125747e+00
5.227487452022439030e+00
1.131074697372305948e+01
1.020431059935045681e+01
7.143785060525538633e+00
3.986861529377029534e+00
5.893268379096546106e+00
9.875405963979924095e+00
4.256864481842338677e+00
2.885149099498080627e+00
9.385149099498081071e+00
6.551815766164748034e+00
2.759078830823737949e+00
3.323147328018896118e+00
1.174992618836728653e+01
5.870386772955417776e+00
5.157661647475642042e+00
3.840271626808384742e+00
3.842928845586064401e+00
6.318423383525243686e+00
1.297018010038381952e+01
5.015943312666076181e+00
2.468999114260407524e+00
5.981251845290818103e+00
4.989961617950989137e+00
4.991585473870681966e+00
4.961175081192796377e+00
3.339533510481251799e+00
7.291555949217596755e+00
6.018895777974609729e+00
5.800856214939474675e+00
2.285946265131384880e+00
5.757454974904044676e+00
5.197372305875406440e+00
3.685414821375848859e+00
3.142013581340419304e+00
3.664009447888987747e+00
5.867729554177738116e+00
1.867581930912311616e+00
7.257454974904044676e+00
2.518010038382048954e+00
1.113315618541482088e+01
6.595364629465603201e+00
6.084588131089459395e+00
2.059049306170652738e+00
8.563478004133452615e+00
6.647328018895778179e+00
7.399173309713610536e+00
5.964718039563035035e+00
4.517567168585769011e+00
6.219368172423973995e+00
3.644523176852672020e+00
3.037348686152937738e+00
5.358872158252141027e+00
5.031591378801298475e+00
2.139651609093593088e+00
5.867434307646885117e+00
5.687038677295541689e+00
3.623265426631237407e+00
4.524505462060821159e+00
4.406111603188662684e+00
7.110126956008266497e+00
4.196634189548272609e+00
2.782550930026572278e+00
5.974756421612045898e+00
6.543401240035430000e+00
5.268969589607322312e+00
4.394154118689105104e+00
7.379982285208148696e+00
3.294656037791555470e+00
6.572040153528196704e+00
3.983318571006790876e+00
8.585326247416592338e+00
4.474165928550339899e+00
6.102745792736936181e+00
3.401535281960436752e+00
6.223649247121347372e+00
2.871863005609684105e+00
3.763802775317389937e+00
5.484499557130203762e+00
7.005904930617065318e+00
5.118246235606731531e+00
6.202243873634484039e+00
3.302332447593741005e+00
6.528934160023619704e+00
1.400856214939474498e+01
4.440803070563920762e+00
8.451136699143784625e+00
3.371272512547977662e+00
6.117950989075878532e+00
4.246973723058753869e+00
3.166519043401240019e+00
9.282108060230292779e+00
2.306170652494833107e+00
4.657071154413936043e+00
9.515500442869797126e+00
1.011529377029819976e+01
3.172423974018305337e+00
8.319899616179510460e+00
6.161499852376734587e+00
9.252583407144966188e+00
8.091083554768232489e+00
5.715825214053735337e+00
6.475199291408326729e+00
6.124298789489223793e+00
4.604517271922055066e+00
7.405668733392383629e+00
7.130794213167995110e+00
3.454532034248597672e+00
8.586211987009152224e+00
8.815913788012990082e+00
1.019309123117803395e+01
2.678033658104517212e+00
3.731473280188957631e+00
6.785651018600530548e+00
3.152937702981990054e+00
5.991290227339828967e+00
2.591083554768231600e+00
7.035872453498670964e+00
8.705639208739297530e+00
2.099645704162976134e+00
4.783584292884558664e+00
3.241806908768822382e+00
8.488928255093002306e+00
3.928550339533510627e+00
1.172556834957189231e+01
8.144375553587245520e+00
3.257750221434898119e+00
5.096102745792737032e+00
2.828904635370534049e+00
5.754059639799232961e+00
4.081340419250073737e+00
3.372748745202243992e+00
2.277236492471213403e+00
8.396368467670505709e+00
4.321375848833775457e+00
7.135075287865368487e+00
6.539563035134337454e+00
6.324328314142308116e+00
8.756421612046059622e+00
6.795098907587835413e+00
9.672276350752877505e+00
5.949217596693238796e+00
5.869501033362857889e+00
2.631679952760554997e+00
8.037053439622084738e+00
2.811337466784765482e+00
7.592412164157070542e+00
1.886330085621493957e+00
4.368615293770298003e+00
5.208148804251550246e+00
7.688219663418955463e+00
7.163123708296426528e+00
4.127694124594036396e+00
4.974461175081192899e+00
2.608650723354000611e+00
6.519929140832594783e+00
3.407292589312075570e+00
3.844847948036610230e+00
3.484056687333923819e+00
3.837466784765279026e+00
4.828166519043401550e+00
6.956451136699143944e+00
6.942131679952760592e+00
5.087835842928845054e+00
8.989371124889283138e+00
3.054325361677000306e+00
1.036211987009152757e+01
3.025686448184233601e+00
4.220106288751106938e+00
2.751697667552406301e+00
6.368024800708591115e+00
7.369943903159137832e+00
2.716710953646294779e+00
4.126956008266902565e+00
3.830971361086507265e+00
8.415854738706819660e+00
5.783584292884558664e+00
6.748154709182167643e+00
8.104664895187481122e+00
2.462356067316208819e+00
4.735163861824623233e+00
4.831414230882787209e+00
2.555506347800413636e+00
4.301299084735754619e+00
7.118098612341304587e+00
2.011957484499557136e+00
7.881310894596988526e+00
5.357248302332447309e+00
7.594626513138470258e+00
6.520519633894301670e+00
3.210510776498376018e+00
3.553439622084439975e+00
2.539415411868910510e+00
1.961470327723649154e+00
2.715972837319161837e+00
6.369058163566577946e+00
4.025095955122527158e+00
2.238706820194862779e+00
4.674343076468851166e+00
6.051225273103041147e+00
2.609684086211986997e+00
7.268674343076468425e+00
1.061160318866253327e+01
3.023029229406554386e+00
4.247711839385887700e+00
3.495718925302627511e+00
3.807942131679952436e+00
8.140389725420726919e+00
9.409359315028048343e+00
3.667995276055506348e+00
3.793622674933569527e+00
3.265869501033362710e+00
2.312518452908178368e+00
4.238263950398582836e+00
5.018452908178328897e+00
9.564068497195158614e+00
4.558311189843519351e+00
5.658547387068201928e+00
7.514909949808090239e+00
4.165485680543253189e+00
3.090935931502804657e+00
3.892677886034838775e+00
2.522586359610274886e+00
4.085031000885739338e+00
8.124889282550929792e+00
2.955270150575730614e+00
5.951431945674638513e+00
5.624594036020076793e+00
3.306761145556539994e+00
2.267345733687629039e+00
3.729701801003838302e+00
5.364777088869206345e+00
4.021700620017714556e+00
3.562297018010038396e+00
8.242840271626809212e+00
7.302480070859167505e+00
3.285503395335104937e+00
4.034543844109832023e+00
4.703277236492470870e+00
2.169176262178919234e+00
2.362415116622379685e+00
2.283731916149985164e+00
8.958665485680542773e+00
6.878506052553882810e+00
5.288160614112784152e+00
5.353705343962207763e+00
4.361677000295246742e+00
6.825509300265721002e+00
3.142013581340419304e+00
4.800265721877767788e+00
3.510481251845290807e+00
6.800413345143194732e+00
4.616179509890758759e+00
1.665928550339533576e+00
9.093297903749631317e+00
6.821523472099202401e+00
8.596250369058163088e+00
6.004576321228225488e+00
5.509890758783584808e+00
6.874520224387362433e+00
1.148125184529081722e+01
2.605993504576321396e+00
5.591821671095364543e+00
4.373339238263950435e+00
8.729849424269264802e+00
3.623708296427516906e+00
4.225420726306465369e+00
7.118984351933864474e+00
2.885591969294361014e+00
6.456894006495423888e+00
5.949365219958665740e+00
3.555358724534986692e+00
3.227635075287865085e+00
7.119722468260997417e+00
5.879096545615588809e+00
2.737230587540596449e+00
2.829642751697667435e+00
4.927221730144670353e+00
7.952612931798051399e+00
4.003542958370239546e+00
2.775907883082374017e+00
3.269117212872748812e+00
5.812075583111898425e+00
8.120312961322705192e+00
3.738263950398583280e+00
3.725715972837319256e+00
6.724682609979332426e+00
2.227044582226158642e+00
6.144670800118098519e+00
6.642456451136698803e+00
3.668881015648066235e+00
7.083997638027753396e+00
5.105845881310894008e+00
2.429288455860643570e+00
2.534100974313551635e+00
6.422054915854738866e+00
1.041511662237968672e+01
8.082669028638912678e+00
6.907144966046648626e+00
4.092559787422497486e+00
3.203867729554177757e+00
8.198848538529672325e+00
6.249188072040153585e+00
6.792146442279302754e+00
9.294656037791556358e+00
8.442426926483612704e+00
7.551372896368468091e+00
3.009447888987304864e+00
4.912902273398287001e+00
4.158252140537348929e+00
3.351638618246235435e+00
1.142382639503985864e+01
5.514024210215529465e+00
3.285060525538824550e+00
5.724239740183053371e+00
4.160318866253321701e+00
7.920431059935046036e+00
7.374372601121937265e+00
4.472099202834366238e+00
2.086507233540005668e+00
9.071006790670210762e+00
4.828314142308828494e+00
3.084292884558606840e+00
2.609093593150280554e+00
3.312075583111897981e+00
4.891792146442279332e+00
8.388987304399172729e+00
1.102922940655447270e+01
1.127930321818718618e+01
5.016829052258636068e+00
3.456303513433717001e+00
6.408473575435488456e+00
6.794360791260702470e+00
5.996161795098907454e+00
4.392825509300265274e+00
4.452022438736344512e+00
3.368172423974018503e+00
4.835104812518452810e+00
4.633008562149394827e+00
5.364924712134632401e+00
4.328904635370534493e+00
2.996014171833480955e+00
7.106288751107173951e+00
3.857543548863301197e+00
4.055801594331266635e+00
2.403011514614703081e+00
5.529819899616179590e+00
3.232801889577797905e+00
3.499409506938293113e+00
4.854000590493061651e+00
5.739444936521995722e+00
2.254207263064659017e+00
5.428550339533510183e+00
6.264836138175376767e+00
5.416297608503100491e+00
5.057277826985533409e+00
4.232654266312370517e+00
9.604074402125775123e+00
9.471361086507233296e+00
3.677590788308237268e+00
7.218482432831414108e+00
1.870386772955417554e+00
2.828904635370534049e+00
4.408325952170062401e+00
1.746973723058754091e+00
7.783731916149985608e+00
9.786979627989371266e+00
7.403897254207262080e+00
2.698110422202539382e+00
1.092943607912607007e+01
5.162090345438440586e+00
8.338057277826985469e+00
7.347948036610570277e+00
5.279303218187186175e+00
7.111455565397107215e+00
2.144966046648951963e+00
8.697224682609979496e+00
3.036610569825804351e+00
3.139208739297313144e+00
3.306908768821966493e+00
2.322113965160909288e+00
2.589312075583111827e+00
7.926631237082965242e+00
6.362857986418659628e+00
7.253321523472099130e+00
7.339681133746678299e+00
4.685119574844995860e+00
4.788751107174491040e+00
3.799822852081487845e+00
7.635222911130794543e+00
5.144375553587245520e+00
1.164614703277236529e+01
5.335547682314732754e+00
4.272807794508414858e+00
7.745202243873634096e+00
5.029819899616179590e+00
6.549453793917922262e+00
6.873782108060230378e+00
4.464865662828461979e+00
8.888839681133747561e+00
4.205196338943016698e+00
6.896073221139651821e+00
6.576468851490995249e+00
6.738411573664009779e+00
4.501771479185119773e+00
5.150280484204310838e+00
3.921464422793032423e+00
3.023324475937407829e+00
4.871567759078830662e+00
5.299675228816060901e+00
6.940212577502213875e+00
2.309123117803365766e+00
4.694862710363152836e+00
3.743283141423087823e+00
5.258488337762031506e+00
2.642013581340419304e+00
2.189548272807794405e+00
2.295689400649542300e+00
3.634927664599940655e+00
2.581192795984647237e+00
4.477413640389725558e+00
2.543696486566282999e+00
2.373043991733096991e+00
4.108945969884853611e+00
8.127398878063182508e+00
5.631679952760554997e+00
6.642604074402125747e+00
3.192648361381754007e+00
4.570563920873929931e+00
4.549453793917921374e+00
3.356214939474460923e+00
3.605550634780041452e+00
3.645556539710658406e+00
6.000738116327132943e+00
2.950841452612931626e+00
5.782255683495718834e+00
5.945527015057573195e+00
1.977266017124298614e+00
5.273841157366400800e+00
4.203277236492471758e+00
5.519338647770888784e+00
2.298641865958074959e+00
1.108458813108945940e+01
4.201801003838204984e+00
3.187038677295541689e+00
7.011957484499557580e+00
9.705343962208443642e+00
5.004576321228225488e+00
4.346028934160023560e+00
4.595364629465603201e+00
6.222468260997932710e+00
5.616179509890758759e+00
3.042367877177443614e+00
2.503542958370239102e+00
5.730439917330971689e+00
2.140537348686152974e+00
3.390758783584292946e+00
8.139356362562740088e+00
4.640389725420726919e+00
4.158842633599055816e+00
5.381163271331561582e+00
8.510924121641570750e+00
2.514614703277236352e+00
3.177000295246530825e+00
3.148213758488337621e+00
2.819899616179509572e+00
1.006657809270740955e+01
3.030705639208739033e+00
3.139651609093592644e+00
7.122379687038677076e+00
2.700177147918511711e+00
9.774874520224386742e+00
3.487894892235015920e+00
5.843076468851490901e+00
4.298494242692648015e+00
3.056834957189253021e+00
4.041482137584883283e+00
3.881458517862415469e+00
4.212872748745202678e+00
2.668438145851786292e+00
3.424121641570711638e+00
3.451284322409211569e+00
4.056982580454679521e+00
3.998376144080306727e+00
3.395039858281664991e+00
3.156775907883082155e+00
9.071597283731916761e+00
7.176262178919397883e+00
6.803365810451727391e+00
4.839238263950398355e+00
4.140832595217006862e+00
5.751402421021552414e+00
4.679805137289637429e+00
6.156923531148509099e+00
2.313994685562444698e+00
3.780336581045172561e+00
3.975346914673752341e+00
7.657514024210215098e+00
4.930469441984056900e+00
3.277679362267493346e+00
3.368024800708591560e+00
8.381901387658695413e+00
5.271774431650428028e+00
6.628136994390315451e+00
7.188072040153528519e+00
4.695010333628579779e+00
7.988928255093002306e+00
3.280484204310599061e+00
2.717301446708001222e+00
4.617508119279598588e+00
3.829642751697667435e+00
4.917773841157366377e+00
3.428550339533510183e+00
3.769117212872748812e+00
7.050191910245055205e+00
3.033658104517272136e+00
4.858429288455861084e+00
9.452170062001771456e+00
4.247859462651313756e+00
1.184957189253026222e+01
2.963832299970475148e+00
2.391792146442279332e+00
2.859019781517567083e+00
4.875553587245350151e+00
2.636108650723353986e+00
6.268231473280189370e+00
8.690286389134927347e+00
3.583407144966046509e+00
5.211691762621789792e+00
5.799970475346914789e+00
5.284027162680838607e+00
1.067522881606141105e+01
3.665190434012400633e+00
6.057425450250959464e+00
6.810008857395925652e+00
4.026572187776793044e+00
9.856805432536166478e+00
7.964865662828461979e+00
6.070416297608502987e+00
7.554915854738706749e+00
6.846028934160023560e+00
8.739444936521994833e+00
3.818866253321523629e+00
1.211987009152642614e+01
3.333776203129613425e+00
6.161795098907588475e+00
1.045600826690286489e+01
4.129170357248302281e+00
6.453941541186891229e+00
2.474461175081192454e+00
4.852524357838795765e+00
6.138470622970180202e+00
2.348095659875996333e+00
6.769855329199881311e+00
6.448331857100678910e+00
2.626956008266903009e+00
3.909506938293474843e+00
6.620903454384411191e+00
2.576468851490995249e+00
2.426926483613817354e+00
9.059049306170651406e+00
2.075435488633008418e+00
4.939917330971360876e+00
2.788751107174490595e+00
3.613965160909359486e+00
2.074254502509595532e+00
5.653528196043696497e+00
4.705343962208443642e+00
4.529229406554472703e+00
4.241954532034248437e+00
1.708739297313256467e+00
5.335400059049305810e+00
7.125627398878063623e+00
7.063035134337171783e+00
5.014319456746383352e+00
2.510628875110717750e+00
5.519043401240034896e+00
4.881015648066135526e+00
7.416002361972246604e+00
4.494095069382934682e+00
6.341009743135518129e+00
2.320637732506642958e+00
2.810599350457632095e+00
3.355476823147327980e+00
6.121198700915263302e+00
4.388839681133746673e+00
6.549453793917922262e+00
2.917035724830232990e+00
7.086211987009153113e+00
5.535281960436964965e+00
3.313847062297018198e+00
7.620165338057278248e+00
4.773250664304694801e+00
4.745349867139061040e+00
1.032432831414230812e+01
5.719811042220253938e+00
4.070268674343076931e+00
9.593445527015056484e+00
2.360200767640980413e+00
5.598759964570416692e+00
3.362415116622379241e+00
4.863448479480366515e+00
4.758931207558311449e+00
7.348390906406850220e+00
3.458960732211396660e+00
3.259078830823737949e+00
2.685710067906701859e+00
1.161529377029819798e+01
2.490256864481842580e+00
2.010924121641570750e+00
4.774874520224387631e+00
4.295837023914969244e+00
3.391054030115145945e+00
4.210067906702096074e+00
4.198258045467965438e+00
8.599793327428402634e+00
3.518157661647475454e+00
5.691319751992914178e+00
5.321671095364629345e+00
4.912016533805728002e+00
6.074992618836728475e+00
4.763064658990256994e+00
2.942869796279893979e+00
3.073073516386182646e+00
3.407883082373782013e+00
2.931798051372896285e+00
1.172527310304104020e+01
2.801594331266607618e+00
2.899911426040743923e+00
8.144670800118097631e+00
5.539415411868910510e+00
6.973280188957780013e+00
4.392825509300265274e+00
6.914083259521700775e+00
8.691762621789195009e+00
4.766164747564216597e+00
6.398582816651903649e+00
7.363743726011219515e+00
3.574402125775022032e+00
3.348390906406850220e+00
2.265426631237082766e+00
7.807056392087392993e+00
3.344552701505757231e+00
2.894154118689105104e+00
3.130646589902568167e+00
2.411721287274874559e+00
5.102155299675228406e+00
2.286684381458517823e+00
2.367729554177738560e+00
4.800265721877767788e+00
3.135665780927074042e+00
4.015057573073516295e+00
4.828461765574254549e+00
9.042367877177444058e+00
2.409211691762621843e+00
4.313256569235311311e+00
3.484647180395630262e+00
2.510186005314437363e+00
9.142013581340419748e+00
3.355033953351048037e+00
2.094626513138470703e+00
4.238411573664009779e+00
3.771774431650428472e+00
7.801889577797461506e+00
5.436669619131975217e+00
3.391792146442279332e+00
3.647475642161204679e+00
3.037939179214644181e+00
3.067020962503690384e+00
5.252140537348686244e+00
2.602450546206081849e+00
3.662976085031000917e+00
3.688367286684381519e+00
6.577059344552702136e+00
3.350752878653675992e+00
4.007381163271331204e+00
2.926778860348390854e+00
5.137880129908473315e+00
2.302480070859167505e+00
3.195453203424859723e+00
3.087835842928845498e+00
7.177295541777384713e+00
4.852967227635074821e+00
2.871272512547977662e+00
4.518600531443755841e+00
6.260555063478004278e+00
5.633303808680247826e+00
5.003100088573959603e+00
4.277826985532920290e+00
9.013286093888396522e+00
6.461322704458222432e+00
2.841895482728078015e+00
4.888544434602893674e+00
5.298051372896368960e+00
3.517714791851195510e+00
8.112193681724239269e+00
3.297756126365515517e+00
3.158842633599055372e+00
3.243873634484794710e+00
2.811042220253912038e+00
7.999852376734573944e+00
2.175819309123117939e+00
4.013433717153823466e+00
4.115146147032771928e+00
3.824918807204015447e+00
5.853114850900501764e+00
2.989666371420135693e+00
8.320490109241216459e+00
4.855476823147327536e+00
2.472099202834366682e+00
3.331118984351933765e+00
2.537791555949217681e+00
3.353262474165928708e+00
2.590197815175671714e+00
2.840419250073811686e+00
3.293475051668142584e+00
2.374815470918216764e+00
2.096250369058163532e+00
7.898287570121050649e+00
5.250073811632713472e+00
6.704901092412164587e+00
4.573516386182462590e+00
5.377177443165042980e+00
7.021552996752288500e+00
6.492914083259521796e+00
3.642899320932978746e+00
5.194272217301446837e+00
7.360938883968112911e+00
4.003100088573959603e+00
2.007824033067611591e+00
2.682757602598169200e+00
2.188367286684381519e+00
8.425597874224976636e+00
3.973723058754059956e+00
1.910540301151461451e+00
2.483909064068497319e+00
2.344700324771184174e+00
4.168142899320932848e+00
3.254502509595512461e+00
2.426926483613817354e+00
3.026572187776793488e+00
5.354000590493061651e+00
2.365515205196338844e+00
2.321228225568349401e+00
7.347948036610570277e+00
4.286979627989371266e+00
3.060377915559492568e+00
2.341895482728078015e+00
4.627841747859462451e+00
9.447003247711839080e+00
5.961322704458222432e+00
2.471065839976380296e+00
7.103631532329495180e+00
2.261736049601417164e+00
1.892677886034839219e+00
6.474018305284913843e+00
4.431945674638323673e+00
3.928107469737230240e+00
5.358724534986714083e+00
6.199881901387658267e+00
3.745645113669914483e+00
3.518600531443755841e+00
4.001623855919692829e+00
5.244021257750221210e+00
1.830085621493947379e+00
5.124298789489223793e+00
2.975494537939179285e+00
3.870682019486270775e+00
4.316947150870977801e+00
3.340271626808385186e+00
3.381458517862415025e+00
3.531296132270445920e+00
2.358281665190433696e+00
4.464570416297608979e+00
3.604369648656628566e+00
3.548420431059935432e+00
3.267050487156775596e+00
3.999557130203719613e+00
2.322556834957189231e+00
2.198700915264245825e+00
4.064806613522290668e+00
3.516386182462356125e+00
2.092559787422497930e+00
3.870386772955417776e+00
4.086064363743726169e+00
2.532772364924712249e+00
2.787422497785651210e+00
2.732063773250664518e+00
