1.032384864921537971e+10
2.677783017859587860e+10
9.671198752037687302e+09
7.782326845788501740e+09
1.056620677951563072e+10
1.389069697085287285e+10
1.364164408566211319e+10
1.883266930845496750e+10
1.153540108712251472e+10
1.763041561437940216e+10
1.414404829155416679e+10
8.419056127439396858e+09
1.076270376238418579e+10
1.223977186258080101e+10
5.985790930401331902e+09
1.123367488053845215e+10
9.334290855851148605e+09
7.618179411785165787e+09
9.454807579945812225e+09
3.616191166052803993e+09
7.234577060476544380e+09
7.211467381763311386e+09
1.375051662547697830e+10
8.679671033539070129e+09
3.855820347112979412e+09
5.059340781297694206e+09
5.743116737267927170e+09
5.803296180225680351e+09
8.369397717924450874e+09
4.328241960966090202e+09
4.347378595427328110e+09
7.720962989088376999e+09
4.922939545103229523e+09
4.807128365305259705e+09
6.882521454232360840e+09
5.509712294530812263e+09
7.816786662881197929e+09
6.730343993780774117e+09
5.942271410643354416e+09
9.333511990145643234e+09
7.386240797712149620e+09
9.211810139446313858e+09
6.662760077066881180e+09
7.307190973164322853e+09
2.901506823201835251e+10
3.793878712388199615e+10
8.678394118812149048e+09
9.788238356199140549e+09
1.988470418214373779e+10
1.023637390574616051e+10
1.149239381062202835e+10
1.258191376057190514e+10
1.027998437434474945e+10
9.265571575255859375e+09
9.602803302265617371e+09
9.790452504223178864e+09
7.386127261620646477e+09
1.052974907812754059e+10
8.529160673305839539e+09
4.444719050901231766e+09
8.786833506948387146e+09
1.247136204496787262e+10
6.915168103467474937e+09
3.520073278388915539e+09
1.289573132419557953e+10
1.244665692882311058e+10
8.705879670794178009e+09
1.011917421519794655e+10
6.575160821847486496e+09
2.191729402898775578e+09
7.030617103659442902e+09
8.801741996438833237e+09
2.503596516955517292e+09
4.640410046147337914e+09
3.696859511515401840e+09
7.246310821464451790e+09
3.901386244157818604e+10
1.817760839904086113e+09
5.792944914770058632e+09
9.599851582735979080e+09
8.506434876420615196e+09
9.582433854140344620e+09
5.743823019286586761e+09
8.277898798164271355e+09
4.653021934240401459e+10
3.454569817684166718e+10
9.147446881246152878e+09
8.898484018232896805e+09
8.632701737153537750e+09
9.966218119969022751e+09
6.268174454178799629e+09
6.672526013055410385e+09
6.207684688244525909e+09
8.570069662039649963e+09
7.146235749293039322e+09
9.488481024736511230e+09
1.177060738731182480e+10
3.313118495912562847e+09
3.575541849379211903e+09
7.588976708223955154e+09
9.599050558288463593e+09
6.818123979643499374e+09
1.249573203775299454e+10
4.557960542207460403e+09
4.587622933936178207e+09
7.061004084356917381e+09
1.264320516338352394e+10
3.112919408332426548e+09
5.858996239991779327e+09
5.872147025018718719e+09
1.454529680123736954e+10
2.695256898700497150e+09
3.789873597707497120e+09
9.486980957818237305e+09
5.301311872084096909e+09
6.596202439813333511e+09
5.270309137086086273e+09
6.631421546605264664e+09
3.240773861758391571e+10
1.162113347654883957e+10
1.185978053595297050e+10
1.776901495862999725e+10
1.439294677036249733e+10
7.699426844331848145e+09
6.456548528681109428e+09
7.330027921685246468e+09
6.662525987367717743e+09
8.650501437862352371e+09
6.989900244073121071e+09
5.095308530090544701e+09
1.086349913689606094e+10
7.112170245104388237e+09
3.934224360898998260e+09
8.028307256391708374e+09
2.741692846005625725e+09
7.526459495350588799e+09
3.972857372358983517e+09
8.331074668500666618e+09
7.782497741045818329e+09
7.376142916713778496e+09
9.768934174463373184e+09
5.825179786088468552e+09
5.842397100276041031e+09
6.755545379573164940e+09
4.600020645784563065e+09
6.899014835688670158e+09
1.232107641664940834e+10
6.028027279819284439e+09
1.030812743838259125e+10
9.582433854140344620e+09
8.433822119930461884e+09
6.936642782536134720e+09
7.682858638303843498e+09
6.943744661187545776e+09
2.125650015479349899e+10
2.470338472869422150e+10
1.292978606399748421e+10
8.472896890922518730e+09
8.749903233528179169e+09
7.993739939792171478e+09
5.192481364987836838e+09
6.673918127554056168e+09
5.444393618864542007e+09
4.750305851730947495e+09
4.618837268966771126e+09
1.779427836798575163e+09
2.723098570129078865e+09
5.069427491853580475e+09
5.369817030258536339e+09
8.724903103321689606e+09
3.762426835509664536e+09
6.493802055900903702e+09
3.570418434976892948e+09
2.626361109120025635e+09
4.274995569234032631e+09
4.629570427361890793e+09
5.920948985894808769e+09
1.302525241113039017e+10
9.562527574624307632e+09
1.317206004503129005e+10
7.328273653738851547e+09
8.950161335068992615e+09
1.731917888598906708e+10
8.780159920410051346e+09
7.346851555859373093e+09
1.555338466353797150e+10
1.053990472674850655e+10
6.132232846925337791e+09
9.452191934134475708e+09
1.509307376869329929e+09
6.655083299836190224e+09
1.618942322793566322e+10
8.453568966450822830e+09
5.671405755608988762e+09
3.798521940697868347e+09
7.048966681173187256e+09
2.426190448270853043e+09
6.886709150828087807e+09
1.386561583099405861e+10
2.061205280261964321e+09
4.379688798766760826e+09
6.168712237168361664e+09
6.574395625739173889e+09
6.005394818780008316e+09
7.689542425976004601e+09
1.455913350828834152e+10
1.429705983045461655e+10
7.992599038286511421e+09
8.497622758342837334e+09
2.328810198009070969e+10
3.817302632380713463e+09
9.285430585762016296e+09
5.357202992064517021e+09
5.039338187690774918e+09
7.013963121506959915e+09
7.536945211857372284e+09
9.535142807484146118e+09
7.778482694456355095e+09
6.396136741725935936e+09
9.695098783375160217e+09
8.905971111024353027e+09
5.360144791779527664e+09
5.870947936348083496e+09
9.072569280562421799e+09
1.058169418981657982e+10
7.727900530604332924e+09
1.647304886922920227e+10
1.864540016988299179e+10
1.453734585195726967e+10
8.284136054221986771e+09
8.061005852280153275e+09
8.119543134707357407e+09
3.695325529007816792e+09
2.279119542859397411e+09
8.985667387262834549e+09
6.689485598232986450e+09
8.825624954668504715e+09
5.967823410237788200e+09
5.446629743827363014e+09
4.153004739703431129e+09
4.872370733960777283e+09
4.143303659896934986e+09
9.462201729547821045e+09
1.073053878495142174e+10
7.624957623477383614e+09
5.651911570427823067e+09
7.391027119882188797e+09
6.953449089074598312e+09
4.780926024913511276e+09
5.557320160659850121e+09
1.240224017292470551e+10
1.445651940800861168e+10
6.314843427556690216e+09
6.429652252241194725e+09
1.198894941909937668e+10
6.287267148119682312e+09
3.333998738863151550e+09
8.115354203973837852e+09
3.458888918731793404e+09
4.700570945742920876e+09
9.002138764269163132e+09
9.039061724643419266e+09
5.171952387193081856e+09
7.904386293975181580e+09
8.434655559630907059e+09
2.308616641416413879e+10
6.595217553188858986e+09
6.650364649630222321e+09
7.778277726396977425e+09
1.744046560168784714e+10
8.104010393087180138e+09
1.072335436490193748e+10
6.104904344382288933e+09
7.590493352675218582e+09
1.040359180355044556e+10
4.206939021163924694e+09
3.352867369272598743e+09
8.661164635345308304e+09
7.969657664653406143e+09
6.711453087283713341e+09
4.630210939052886963e+09
2.599668344171997547e+09
6.223681447520467758e+09
7.261730302298071861e+09
5.840331929574948311e+09
1.084055072250933075e+10
9.509360709992427826e+09
5.691604555741339684e+09
1.080335993053735733e+10
4.837934206597615242e+09
1.167015657932139778e+10
4.487478022166872025e+09
9.410956503888805389e+09
7.691028501589113235e+09
1.811122899527883530e+09
1.234607447759861946e+10
1.355043506736645937e+09
8.475353208816575050e+09
5.554318932564556122e+09
6.830877088926365852e+09
5.754882601151760101e+09
7.436562339317943573e+09
3.393696707048601627e+09
4.795583374753555298e+09
6.153275625688319206e+09
9.248597881275772095e+09
2.834836395457978821e+10
5.447574692873103142e+09
7.843231077154273033e+09
3.694692642426548958e+09
7.541580776976292610e+09
6.056394616425773621e+09
3.789091387403757095e+09
4.477457725995761871e+09
7.413605111743637085e+09
3.982447949918981075e+09
4.807582296944644928e+09
4.202857768173532009e+09
1.235130799906391144e+10
1.376217682998954773e+10
1.272126602105643654e+10
1.089656514055742073e+10
8.888680179312210083e+09
7.192994891984453201e+09
1.156878459988084793e+10
1.222236761909271049e+10
6.806141925022232056e+09
8.601612013117763519e+09
7.247774900193952560e+09
2.180864930832334518e+09
9.587295840537364960e+09
2.563923301268784714e+10
1.966804772098406601e+10
1.175252819826284790e+10
1.043858115178130913e+10
1.107123651854072571e+10
6.499765407782912254e+09
6.532346279421544075e+09
6.592090065132776260e+09
3.420623703696384907e+09
7.140933640265859604e+09
3.283293736365577698e+09
1.569032649932334709e+10
5.988499267831204414e+09
4.788858976662617683e+09
4.017688386760323048e+09
1.118206456519449234e+10
6.810283148200245857e+09
1.497587308344169426e+10
1.032214851618273926e+10
9.156711689542949677e+09
2.982724830950324631e+10
1.176988368605093002e+10
7.041664406175114632e+09
6.575449598240539551e+09
9.105061321474983215e+09
6.447353534446310997e+09
3.012477401015214157e+10
2.517721289697984695e+10
1.318612497292215729e+10
1.158927842092965126e+10
8.217479987455073357e+09
4.736785336144772530e+09
7.203806936533779144e+09
9.096428029677371979e+09
3.881296852254989147e+09
1.079470440481270027e+10
9.055710519303495407e+09
6.334954608221167564e+09
8.617492927907205582e+09
8.148675737218067169e+09
2.240080345618629456e+09
8.906479601477214813e+09
8.211869940042932510e+09
5.993037820612863541e+09
5.148315499320574760e+09
6.003865281672665596e+09
5.412566009441164970e+09
4.646987221863700867e+10
1.270881318368074989e+10
6.398749716122239113e+09
2.467383803503207207e+09
7.694677359468791008e+09
7.030910444061338425e+09
4.535306832122513771e+09
2.763452642013137817e+09
2.590561902016034126e+09
1.062763929037149668e+09
8.690561022800836563e+09
1.234431239188322639e+10
1.579930424574400902e+10
7.482723147850928307e+09
1.273146632309030914e+10
6.730595246091753006e+09
6.318227849811769485e+09
6.540585205375161171e+09
3.604584424062645435e+09
6.666594466144374847e+09
1.245291748875195122e+10
3.543673781194311619e+09
7.462375885077127457e+09
2.536583664487246513e+09
7.517837096229919434e+09
8.087228625487620354e+09
1.690031436350842667e+10
1.235016890919180489e+10
3.655993773243009090e+09
1.434473418226505661e+10
5.107193762217501640e+09
5.579023482526044846e+09
2.479338057214881897e+10
1.194055352795291519e+10
7.580432501135345459e+09
8.382401406586277008e+09
3.948444247763069153e+09
1.000898533191489220e+10
6.929228624008389473e+09
1.212394376430793381e+10
1.248133455831824684e+10
7.684529040376338005e+09
6.973158959086644173e+09
1.044445089751213264e+10
1.318867331424965477e+10
1.116594364247076607e+10
1.216519983649500656e+10
5.335964184395003319e+09
7.530575961885517120e+09
2.942022904409042358e+09
7.099640258099311829e+09
4.480723180766649246e+09
3.134161753409630299e+09
4.236214286507554531e+09
5.289439483246843338e+09
2.945390717680837631e+09
3.194501631847136497e+09
5.945234210829566956e+09
1.440205209257200432e+10
2.102443542257584000e+10
1.457282337359860611e+10
7.427162166185959816e+09
7.112529461972927094e+09
3.057945660742303371e+09
5.952510426514901161e+09
8.261682131085556984e+09
1.008813493521100426e+10
1.702827496269804382e+10
1.169576005766708565e+10
8.022139305280225754e+09
7.181867880982134819e+09
6.939232754672079086e+09
5.248043256407274246e+09
7.554957094261241913e+09
7.081594172306550026e+09
8.950416838178884506e+09
6.481905994447071075e+09
1.653469494394604301e+10
1.361656411753328514e+10
2.527731507107670307e+09
3.209280946611557961e+09
1.531290682900721312e+09
2.562364220923546982e+10
8.864334602950103760e+09
1.041881798218552399e+10
7.664440840493145943e+09
5.779210014536514282e+09
6.381854513671240807e+09
7.139052181089406013e+09
9.301552687976139069e+09
1.088350831173408508e+10
1.040432288256278801e+10
8.127374207074518204e+09
1.004866976300993156e+10
8.954348574673952103e+09
6.535474125853128433e+09
1.755585393794149399e+10
9.719719509741167068e+09
1.119631546738741302e+10
5.563840603706071854e+09
5.572056977751167297e+09
6.761140343892895699e+09
5.632756504918399811e+09
7.865186729458453178e+09
4.969316885406458855e+09
7.432611512666016579e+09
1.905718986274928665e+10
6.149776992484113693e+09
8.009026154582533836e+09
2.774403309232578278e+10
2.138027441918341827e+10
1.036100397237255478e+10
5.714409501801421165e+09
4.073012410038364410e+09
2.165398893195459366e+10
6.550891284581257820e+09
3.250766524125415802e+09
1.637006082042283630e+10
3.105627423733112335e+09
6.440716921564484596e+09
2.791379605179273224e+10
1.057226436914445114e+10
5.398061347122710228e+09
8.178649177997007370e+09
4.028112444823137760e+09
5.419142706389971733e+09
3.918317231950789452e+09
4.702429283821278572e+09
1.424679059828782272e+10
1.305483218917597961e+10
1.210449784208849335e+10
7.856969889821339607e+09
1.072632177152290726e+10
7.736865793220962524e+09
1.324835220504248810e+10
1.693583039126990318e+10
8.175686376035731316e+09
6.967250848722561836e+09
7.037768831962709427e+09
7.027776966528429031e+09
5.755451305063580513e+09
6.651124082471077919e+09
9.536022259796173096e+09
6.490950712967130661e+09
5.385735748306022644e+09
1.080091670965120888e+10
1.127054020702253532e+10
7.424553116361192703e+09
9.168945136522020340e+09
3.927051709384555340e+09
4.631746494503030777e+09
2.942229645623024368e+10
8.941125149430860519e+09
1.048254666698112869e+10
1.176822967882247734e+10
1.255607973500024080e+09
2.478505201061157227e+09
3.786995194537156582e+09
5.477490807792386055e+09
2.014780917904980850e+10
9.014917917267498016e+09
2.989058666709976578e+10
6.620654382817829132e+09
2.009271374896074533e+09
1.308554228435238075e+10
9.040808607416183472e+09
1.586657986650248146e+10
7.670316925982150078e+09
1.804588451765273285e+10
1.751557567407523394e+09
7.911228057211488724e+09
3.514489077036610603e+09
2.377902263277361298e+10
2.902379845360859871e+09
3.500340542012996674e+09
4.930675025733061790e+09
6.812646418372393608e+09
3.465655461813245296e+09
1.063055686652164459e+10
1.837272216795338821e+10
1.427926985985652733e+10
9.898322503565008163e+09
1.018069001369453430e+10
4.744947201681581497e+09
1.248103307433828926e+10
1.450361073891517448e+10
8.860909365658678055e+09
1.141580551377828407e+10
7.595111817489932060e+09
7.060368392651602745e+09
5.233577231361587524e+09
6.286052310028782845e+09
1.409131523172236252e+10
1.299930733939485359e+10
1.408710756468257332e+10
9.872598959936231613e+09
6.758394225589540482e+09
1.306799712181324768e+10
1.130653334207597733e+10
8.779292340957376480e+09
8.487067720567612648e+09
4.333881775144005775e+09
6.596492140339302063e+09
1.097051299838539505e+10
3.191830088635943413e+09
1.056472192351731873e+10
1.174723883748591232e+10
5.532079984217080116e+09
7.013608882711602211e+09
4.375795471185153008e+09
3.711998009643676758e+09
3.381586065685849190e+09
4.944683824217706680e+09
1.513628786587467575e+10
1.052422426313643646e+10
5.003633680705926895e+09
6.002705203046297073e+09
5.613863596149526596e+09
7.308940194264420509e+09
2.965053588927020550e+09
1.403033444923385429e+10
6.884652779323366165e+09
4.774274598701963425e+09
9.030728978300823212e+09
6.074362019136981964e+09
2.060947301058202744e+10
6.453968640983541489e+09
4.425960542241819382e+09
2.893508933641107941e+10
4.178994653231634140e+09
6.245490597037534714e+09
4.381641572242276192e+09
1.193950475578592682e+10
1.592039680170158958e+10
7.667908701674517632e+09
7.808757565097171783e+09
7.949068480429055214e+09
1.176510320652016068e+10
9.729927149913951874e+09
7.789866894187763214e+09
6.060931388183956146e+09
5.066600742531147957e+09
7.531287065569904327e+09
1.442522072105090904e+10
8.717089668099380493e+09
6.296966653411091805e+09
4.551319475622482300e+09
1.389139855314009666e+10
7.902563980175276756e+09
9.072330212482944489e+09
7.443015514549529076e+09
8.047352029993637085e+09
4.405771689433835030e+09
1.471850995131888008e+10
8.212140433179213524e+09
1.658028893290802765e+10
1.354876885505438614e+10
7.497773023989185333e+09
1.515374788925992584e+10
1.957854762296294403e+10
8.760881339943319321e+09
9.998089735328655243e+09
7.149265050489772797e+09
8.555422071808206558e+09
6.572143867169404030e+09
3.474708288517920017e+09
7.221720412274306297e+09
3.998553965403123856e+09
1.621820923926945877e+10
9.039458713814050674e+09
2.622016186219040871e+09
6.032953471651836395e+09
7.781335727296225548e+09
1.430155004132578468e+10
8.070215782387543678e+09
6.643621187393303871e+09
5.270980422971805573e+09
3.776954576137828350e+09
1.393077435876699257e+10
1.106700712414455414e+10
5.360745117280199051e+09
1.854625331999337387e+10
9.661561893792188644e+09
1.134575528701958847e+10
9.393015158270105362e+09
2.425673715332445145e+09
1.924398820716596222e+10
8.593135292230846405e+09
6.308176985628680229e+09
8.458693998331323624e+09
1.249946437809268951e+10
1.853705152313826752e+10
4.473615016115942955e+09
1.264559304295796967e+10
9.414842452376970291e+09
1.227352271344872284e+10
5.139121229467949867e+09
7.437607537125920296e+09
3.492631842273852539e+10
5.368861990044284821e+09
4.658113105478888512e+09
1.532962800484357643e+10
1.733569241016796875e+10
1.080516304980163956e+10
3.430455209482076645e+09
5.423892880527422905e+09
4.346404963574805260e+09
1.356237232626903152e+10
1.446318745963143158e+10
1.176799710269810677e+10
6.326016127958279610e+09
2.624504704872718811e+10
5.260943211486546516e+09
8.197060530132389069e+09
2.688299749965358734e+09
2.670143811576569366e+10
6.172343627052909851e+09
1.222902557721742058e+10
8.902412490624900818e+09
6.203746418410607338e+09
2.910076332098008633e+09
6.676981801892751694e+09
1.153400797863324356e+10
8.666168127602546692e+09
7.077054856140021324e+09
4.456202130115097046e+09
6.707533980125152588e+09
3.786288406932163715e+09
1.457573572826229477e+10
1.156881000399100494e+10
9.434772778013868332e+09
6.723224153349893570e+09
1.248632380497676849e+10
2.503860419902430725e+10
5.977542001816367149e+09
1.179060429263918686e+10
3.247812564876667023e+10
5.615947342844891548e+09
4.694608579587808609e+09
3.704563385665631294e+09
9.308581690685848236e+09
9.498466676287122726e+09
8.573909629757925987e+09
6.275391143747002602e+09
2.211318107758537769e+09
3.332337244675699234e+09
2.307760049998485947e+10
1.005043520106511497e+10
1.293918747309001160e+10
3.837861334106733322e+09
7.025246507005249023e+09
1.352991923558169365e+10
1.088119032913955498e+10
6.753780291379371643e+09
7.358686619116667747e+09
3.368305394811351299e+09
1.312297965248286438e+10
2.064085976338610077e+10
7.682015138898945808e+09
2.865164131189933777e+09
1.471754036479444122e+10
9.657680149283826828e+09
5.997461282588278770e+09
3.984031131647393227e+09
7.035281121226281166e+09
7.840079886953741074e+09
3.162069344121716022e+09
3.201039145091975689e+09
1.175270885262603951e+10
1.355960289850537300e+09
1.783057670360885239e+10
1.616423745094380760e+10
8.014814417826676369e+09
1.442876893396310234e+10
9.590159462364891052e+09
5.839241916515829086e+09
3.864746475798582554e+09
9.089459427302429199e+09
5.397587220317506790e+09
4.087078714409712791e+09
2.303815726918522835e+09
1.590816555219751549e+10
9.388581555879880905e+09
8.838134126391756058e+09
2.558327406758721161e+10
8.225026217587547302e+09
3.892366943896958351e+09
5.178850788524730682e+09
1.665838739364089012e+10
8.829094716227184296e+09
1.003905357481440735e+10
6.089934976981811523e+09
7.110155843219956398e+09
1.652242712094109726e+10
5.340031647564169884e+09
3.771766176688786030e+09
1.043202744642810822e+10
9.400402267897264481e+09
8.244827322593765259e+09
3.358718385677412987e+09
1.935022162902214050e+10
6.864168025098847389e+09
3.386222865973322392e+09
3.310725776504022598e+09
9.691820735410839081e+09
5.625945273419237137e+09
3.476165956357120991e+09
1.839399626890398264e+09
3.241300523182314396e+09
6.028437642124054909e+09
1.383149552682286263e+10
6.358549814383306503e+09
2.143593470735276413e+10
6.686460235212636948e+09
7.219500592445915222e+09
1.233664347242450714e+10
1.017371734839500618e+10
8.452900712999763489e+09
4.057550833443109035e+09
1.081273468886528015e+10
1.028547131647918320e+10
1.045477681133132553e+10
8.008322699445722580e+09
6.505648520175721169e+09
1.624626155587663841e+10
2.661538492051270008e+09
4.362622346751608849e+09
1.102025148729513741e+10
5.454349630762108803e+09
1.367400483306159401e+10
1.041712508469735718e+10
3.214951990331007957e+09
1.248297914459065819e+10
1.395707666710501480e+10
1.218113166080523491e+10
1.289182403968050957e+10
7.973753880980116844e+09
1.108887640005327988e+10
1.657493768450282335e+09
9.127682541887941360e+09
7.589143357627535820e+09
2.504784299301732540e+09
4.781345983885840416e+09
1.569370341769563484e+10
1.118636249451092911e+10
6.442668989279349327e+09
4.909251070885527611e+09
3.706679066427479267e+09
2.007599849906521606e+10
3.445342480734198570e+09
5.833525887162830353e+09
1.185085112104393578e+10
1.525896530153544426e+10
4.752496924405465126e+09
1.439569672945066452e+10
4.453404370981893539e+09
5.625722903928882599e+09
1.742113593132072830e+10
1.345038106625665188e+09
9.147145580797628403e+09
8.721895634186212540e+09
4.627344575986223221e+09
1.372752728760986328e+10
4.594972787383636475e+09
1.102363994504953384e+10
7.275089504478939056e+09
1.455235731041633415e+10
1.574278505611164665e+10
9.400691267286834717e+09
2.559687293265065670e+09
1.913085881105801010e+10
1.048954671678749275e+10
5.213171961452328682e+09
2.149579897113143921e+09
1.727948156817031097e+10
9.463864131777482986e+09
1.718940972237268066e+10
5.213000248943841934e+09
8.486378183648358345e+09
1.680919196075906372e+10
5.150780638119775772e+09
1.986105175157067490e+10
1.112106535125092697e+10
6.226565785860769272e+09
9.692991339572723389e+09
1.328298811309143066e+10
1.564865735544881821e+10
1.720515722357215500e+10
1.113032473560778999e+10
7.288249218376345634e+09
1.125513202078615952e+10
5.177088378459774017e+09
6.251967231992964745e+09
4.788659178097693443e+09
7.189189252387384415e+09
1.153884658696853828e+10
7.810369584972736359e+09
1.070801232286478424e+10
9.244942957282907486e+09
1.567338396881584930e+10
5.154152324714254379e+09
1.093979274239944267e+10
6.774099242132837296e+09
1.071121069061385536e+10
9.958167700356533051e+09
1.001923273854652214e+10
7.313644304872846603e+09
6.855491385961190224e+09
2.123368711057397461e+10
1.136700216437288666e+10
5.698019789698431969e+09
3.274545458612914085e+09
9.860184475338367462e+09
7.104006860723084450e+09
8.467056692177727699e+09
9.065220817866876602e+09
4.714277943788816452e+09
4.522914687069328308e+09
9.761900530043106079e+09
7.674865985308394432e+09
3.187634462635715008e+09
6.522441756335929871e+09
7.060368392651602745e+09
4.893279137665149689e+09
1.731990149892901230e+10
4.792277874832297325e+09
3.062427842485872746e+09
9.282291052322532654e+09
4.902614892792465210e+09
3.163291660860168457e+09
2.579339804118152618e+09
1.086137621958508301e+10
9.505060040259799957e+09
4.876727302969845533e+08
1.085703626445842552e+10
1.431226315901956081e+09
1.130551543168029594e+10
1.145945720910970688e+10
9.048137281049617767e+09
7.317210527464241982e+09
1.424460083344759560e+10
3.787394379943038464e+09
1.144386613963948631e+10
6.607118447562685966e+09
9.389550583214889526e+09
1.428937008835566521e+10
1.041264252306988335e+10
4.193970302990357399e+09
1.042078574924522400e+10
8.978034434824270248e+09
4.192773224874734402e+09
1.108649033288693237e+10
1.049194254364017105e+10
1.125043708805565071e+10
6.601288532242464066e+09
5.161786363274654388e+09
1.043255434048472786e+10
9.418006137274404526e+09
8.467819037342782974e+09
3.490178455701933861e+09
8.167772881259782791e+09
1.282941190537852287e+10
4.172575882144946098e+09
5.159995767521081924e+09
1.651089351484694290e+10
1.342866019339797592e+10
1.197361075659831810e+10
9.806353173660306931e+09
1.190309094705982971e+10
1.240428291220167732e+10
1.768442806044824600e+10
4.852926178624365807e+09
1.942041707157294035e+09
2.305096006091483593e+09
1.246120595177141571e+10
3.729400811384275436e+09
1.015347456115018082e+10
1.449020862597197151e+10
2.130407099524513483e+09
1.006269147044989204e+10
1.052482514848569870e+10
9.432307661564210892e+09
1.229072990298322487e+10
1.641667880429217911e+10
1.432263833314230919e+10
6.874440511139953613e+09
3.304022291530127525e+09
1.422072298644361877e+10
2.921537450662352085e+09
8.686401762162635803e+09
8.964815403127975464e+09
1.192184679141408730e+10
2.049326592254769135e+10
4.527644763065182686e+09
8.331019785654347420e+09
8.530921411350610733e+09
4.455595473715596199e+09
9.354933953739736557e+09
9.600062389752819061e+09
1.984544435920401382e+10
2.241635298175716877e+09
1.153879591039803123e+10
4.999042987587834358e+09
5.935059842250944138e+09
9.210252687115625381e+09
9.416310435413164139e+09
9.580897895020359039e+09
8.810289070316911697e+09
5.123605144864826202e+09
9.152007773108915329e+09
1.720598842751057148e+09
3.248183446121930599e+09
9.771079586156055450e+09
1.033221738266351318e+10
8.355643538125481606e+09
9.644604008668989182e+09
1.399242851751234627e+10
1.249136990590416908e+10
7.418930471017133713e+09
9.525348681420875549e+09
1.244703958013441849e+10
9.837000680127201080e+09
8.976122282331071854e+09
8.375262512227703094e+09
7.710509091654761314e+09
3.151719465668978691e+09
6.725143700167415619e+09
1.166270159567285538e+10
8.826652172112234116e+09
1.402352721497965813e+10
1.667489333683232546e+09
1.204483930096564865e+10
3.625406336315004826e+09
9.734543323335012436e+09
1.584596699256389999e+10
1.399331960572448730e+10
3.333837676748405933e+09
2.478467103224787521e+10
9.516609442014154434e+09
6.379430548989097595e+09
9.357563782722707987e+08
1.141751027545861626e+10
4.162673687839439392e+09
8.213330708831828117e+09
6.642279150064431190e+09
2.462479822943941116e+09
9.157033413148799896e+09
7.786959434687275887e+09
1.063968821683940506e+10
5.189403668800703049e+09
1.594901966511935616e+10
8.558672838594307899e+09
4.903863876746923447e+09
1.389240523309896469e+10
3.331598255738996506e+09
1.154865669271424484e+10
5.626451814515391350e+09
1.135335670248967743e+10
7.654029856660593987e+09
4.548911482585445404e+09
8.946761872588422775e+09
9.918949587344718933e+09
7.382884110444483757e+09
8.238764394519646645e+09
6.384349496476449013e+09
1.876801865771339417e+10
9.811501133801338196e+09
7.499452589216152191e+09
1.813602312375405502e+10
4.574203834388360977e+09
8.601290915975919724e+09
6.191511505043610573e+09
7.686942484556196213e+09
7.965441111570977211e+09
5.088309108880332947e+09
8.123502323444428444e+09
2.618092354658094406e+09
6.746487509509436607e+09
6.628000348507953644e+09
8.820006447154373169e+09
9.830436097637100220e+09
8.444236766538969040e+09
1.060924201901547050e+10
3.109448803603966713e+09
4.332226161043198586e+09
9.748404988073358536e+09
5.410783471770096779e+09
7.630166713988508224e+09
8.148783100782863617e+09
1.244037219827256775e+10
1.097962292269262505e+10
2.491268167620146751e+09
6.310573876401994705e+09
5.976255774412305832e+09
6.158899218335527420e+09
1.271196712129303741e+10
5.070852593025974274e+09
8.306979342779545784e+09
6.852421040371864319e+09
7.352774779298056602e+09
2.222319649083958149e+09
7.001021929197806358e+09
9.828622972444833755e+09
5.993064141089109421e+09
4.629600925909347534e+09
1.028208396932178307e+10
7.551573481346285820e+09
6.259110283653703690e+09
9.544674529167333603e+09
1.190926115881348038e+10
1.072980834550945854e+10
3.546219281763668060e+09
8.964205158396409988e+09
8.791369037499788284e+09
1.107354635275422287e+10
1.846806175260248947e+10
1.117695831691466331e+10
1.079415922043999100e+10
8.407324719168933868e+09
1.101817052253987503e+10
4.842174919786395073e+09
9.172570015304244995e+09
1.749328148662481785e+09
8.463784965688409805e+09
1.287499096604872894e+10
7.777270045327898026e+09
1.015693105724464798e+10
7.747457500968827248e+09
6.035921722397304535e+09
1.874841151996557999e+10
9.560050071461078644e+09
1.530722511280628967e+10
1.139351664500018692e+10
4.977409410589250565e+09
5.760407725738099098e+09
7.685828493070065498e+09
7.608349175708299637e+09
1.375985004143716049e+10
8.606108631938566208e+09
7.591893601189995766e+09
2.249248449683296204e+09
6.533250044517518044e+09
1.021533346720144272e+10
1.107279256441417885e+10
6.566272717007407188e+09
1.103747080570811081e+10
1.545241328078525543e+10
9.324743989687454224e+09
6.777342845768555641e+09
9.871905243489871979e+09
3.232117585006359100e+09
6.985910581842159271e+09
1.106056890903221130e+10
5.585949631898116112e+09
6.900484509118213654e+09
9.109621083957326889e+09
1.037099687105638123e+10
2.403837751605676651e+09
1.456556102492169571e+10
6.509564023474390030e+09
5.532371543525827408e+09
6.250731762393733978e+09
7.494678340260322571e+09
9.740081344720247269e+09
4.094363829278995514e+09
9.971997429846284866e+09
1.447017633635168839e+10
8.210120966178590775e+09
9.299326582440584183e+09
8.114481039674717903e+09
6.722677920961653709e+09
6.495299512312520027e+09
9.201640889735036850e+09
1.264928681456459427e+10
5.030890878590723991e+09
7.955023031225342751e+09
1.155758682243630409e+10
1.800242620827072525e+10
9.064404689507238388e+09
2.667787759927450180e+09
9.096068486886480331e+09
1.203310146442851639e+10
1.023345215420748901e+10
4.827799205385143280e+09
8.088613936519433022e+09
4.347244946770586014e+09
7.473773373112108231e+09
9.985846365822963715e+09
1.046626202253906059e+10
6.312985540683953285e+09
9.166388445104648590e+09
1.449046318248628807e+10
6.844931559518831253e+09
1.059259772879010010e+10
4.434667635333426476e+09
1.063352194417085075e+10
1.004163316193679428e+10
7.805774491306671143e+09
1.000081252202569008e+10
1.122763279470547485e+10
3.637391620298737049e+09
8.239162420142047882e+09
5.980299135640958786e+09
1.084331244746753693e+10
5.305865550358483315e+09
7.324782461863862991e+09
4.703947471562591553e+09
7.327324270997624397e+09
9.602465916961307526e+09
7.925625484613473892e+09
3.899433430263443470e+09
1.772081361839117050e+09
1.299593941968933487e+10
3.821387082238059521e+09
1.264378820864369965e+10
6.519191305476478577e+09
1.242183708725896835e+10
1.201715213916427803e+10
3.731104606454272270e+09
5.172872400135326385e+09
5.296355023966610909e+09
8.653427282180246353e+09
5.259476237024837494e+09
1.189496474478541565e+10
9.871601757872892380e+09
9.976224576110113144e+09
1.402435869089884186e+10
6.635806171475899696e+09
9.447854879049972534e+09
7.166822566892848015e+09
6.215650623541487694e+09
9.980080945139024734e+09
9.535038116183002472e+09
7.867276833389592171e+09
1.490546625957439804e+10
1.036967607240760612e+10
7.901019681265392303e+09
9.647378823066179276e+09
8.548548795707857132e+09
1.568960296849974394e+09
1.160330935340355301e+10
1.509350463548344231e+10
7.020974568080982208e+09
9.625202641901859283e+09
5.016483623380985260e+09
8.822524646000640869e+09
6.473044448070891380e+09
4.077048149505185127e+09
4.027307594057230949e+09
1.098985046422767448e+10
1.012179661632974243e+10
6.935332929565271378e+09
1.510991987116905212e+09
5.525997190644166946e+09
1.126977300909664917e+10
8.296989050740322113e+09
1.333536073750712967e+10
6.565003968913215637e+09
4.937294976284605980e+09
1.142460782731032562e+10
9.426013145204011917e+09
8.047581760318384171e+09
7.570534601655830383e+09
3.716255394841651917e+09
8.984720312064619064e+09
8.860267281028547287e+09
7.081485319028414726e+09
9.510342203353443146e+09
9.760914509301237106e+09
9.654202752544860840e+09
1.063431588481748199e+10
4.514658855396533012e+09
3.168881438011044502e+09
4.999449170841313362e+09
7.562575767544982910e+09
6.455627021852863312e+09
4.149130696209882736e+09
1.029093858920499802e+10
1.351020579275988388e+10
7.556135079863193512e+09
4.544548370828405380e+09
4.910135135428142548e+09
6.184880190841830254e+09
4.279607333337424278e+09
5.600602486000658989e+09
1.147363330703267097e+10
1.017257803999155617e+10
9.865988956531019211e+09
7.642558864261132240e+09
5.817267160257466316e+09
7.403242220332834244e+09
4.703348400177111626e+09
5.009009483590362549e+09
4.184623771837868690e+09
1.118675553046096230e+10
8.624705719343385696e+09
9.427068839831777573e+09
8.028589333194710732e+09
6.971337012839440346e+09
7.250274065539129257e+09
8.100327514441802979e+09
1.351017612551181984e+10
9.133015703985515594e+09
7.134241037414038658e+09
1.031596239596102142e+10
8.600422124983436584e+09
1.082487461121838379e+10
1.249718642018905830e+10
7.806408727676846504e+09
8.601933122246574402e+09
6.652760078537022591e+09
7.734793350688203812e+09
1.016114734467325401e+10
9.088301838897096634e+09
6.968979906675373077e+09
9.499259307180709839e+09
9.883205880696708679e+09
9.123654661927700043e+09
7.569337749548522949e+09
7.661933510629329681e+09
8.248630238956733704e+09
8.774724503655494690e+09
3.684880566221756935e+09
4.882888800825883865e+09
4.852318789324782372e+09
2.457488451336617470e+09
1.061926446314180565e+10
9.406473121248544693e+09
1.765683896842847586e+09
9.328922102271553040e+09
1.582308748384001017e+09
7.858246733910562515e+09
2.845313816332488537e+09
1.069407765578130722e+10
2.384946271096179485e+09
1.362843992466057587e+10
9.621377760907863617e+09
1.152334993765295792e+10
8.394153335769521713e+09
8.110490627687477112e+09
6.279126698411314964e+09
8.300560840001311302e+09
8.218743227398557663e+09
9.517779783909503937e+09
9.001723647039157867e+09
1.320878772542835712e+09
3.342230572048860073e+09
1.117784192376410103e+10
8.311102929332478523e+09
9.879907621906595230e+09
2.251551276864586353e+09
5.308522697391180038e+09
6.516056943193150520e+09
6.224870562552401543e+09
9.681482993272439957e+09
1.264220571977379990e+10
1.073893062248118591e+10
9.964336189354753494e+09
8.022562099129408836e+09
7.021406270575514793e+09
9.371711784801151276e+09
3.221934610397923470e+09
1.021934958748251724e+10
6.440886643101159096e+09
9.242223007317945480e+09
9.723604837697015762e+09
3.251873166164748669e+09
1.049327891552275467e+10
9.532839864364896774e+09
8.194900807674333572e+09
3.108752416497916222e+09
8.204642058726131439e+09
6.321239290199034691e+09
5.248008683730521202e+09
3.312543794630314827e+09
1.181621254756257248e+10
5.932805579730041504e+09
5.906832765839202881e+09
1.604463696753397703e+09
5.429624816551753044e+09
3.355378961556990623e+09
8.888211740519124985e+09
2.810458642540362835e+09
1.484653605562093973e+09
3.940215903110092163e+09
6.779947779797915459e+09
1.131209622701765251e+10
6.865931808837172508e+09
1.041515800888448715e+10
1.055681394222106171e+10
4.113107633571694851e+09
6.103456683307701111e+09
1.083426803919474792e+10
6.830652092120433807e+09
8.222154945323324203e+09
4.073871123989948750e+09
4.143312758254820347e+09
7.820014350768437386e+09
5.764317708385947227e+09
6.747050492420834541e+09
1.029012509194080353e+10
5.722948763767868996e+09
4.744238728120404243e+09
6.232803804310514450e+09
2.761359867688861847e+09
9.224542571413234711e+09
7.917067335643797874e+09
5.809275985060417175e+09
7.850537063177234650e+09
8.768483710486341476e+09
1.000549129782718468e+10
5.926477376194826365e+08
4.619506727750308990e+09
4.016965006293585777e+09
1.049032990767635536e+10
1.486069195953193903e+09
9.900800704902647018e+09
8.058705012503393173e+09
6.696260909691626549e+09
3.243066174799537659e+09
1.127776927990768623e+10
9.535770979430379868e+09
9.814755003708869934e+09
4.555599053838437080e+09
6.307068904686266899e+09
6.005328882421197891e+09
9.587611639221380234e+09
4.298812123132177353e+09
6.467744698501026154e+09
6.084026984208189964e+09
9.246343840731626511e+09
7.575523522782245636e+09
9.625414005612842560e+09
4.837934206597615242e+09
9.456925537636465073e+09
9.171925487687875748e+09
7.155830323472659111e+09
2.540469014448673248e+09
1.304193826761819458e+10
1.025392194128309441e+10
7.871596989407696724e+09
7.745399229508190155e+09
4.436771576560740471e+09
9.548447949955533981e+09
1.315015332840885925e+10
8.246420712179211617e+09
4.558230790510425568e+09
7.934105771087333679e+09
9.678039530187749863e+09
8.953247514393043518e+09
3.524845788812502861e+09
1.135343149579795647e+10
8.654928586332954407e+09
3.013013275669438839e+09
4.457650611594266891e+08
9.667122080106655121e+09
1.013033523708363152e+10
8.478852830345465660e+09
1.097075390430966568e+10
5.604970139384179115e+09
1.419414201524303198e+09
1.092514860259074974e+10
9.500135449859313965e+09
1.429753076540382767e+10
7.876732418109407425e+09
9.650133244887445450e+09
5.318907635553325653e+09
1.996955140546670914e+09
1.173736314104324150e+10
9.116585124360136032e+09
7.491074973521313667e+09
2.750490882463442326e+09
5.045228720976640701e+09
4.063087743828604698e+09
1.302153463454033852e+10
1.168210472750598717e+10
8.701636646127410889e+09
7.462506980249244690e+09
5.811917218816995621e+09
5.040212474733512878e+09
8.017613284363957405e+09
4.572165241369712830e+09
1.482187703200558853e+10
5.391226098777144432e+09
4.299000923907240868e+09
1.015305094256876183e+10
7.532726015608558655e+09
7.837635573497258186e+09
1.022790312362169075e+10
7.045438366052737236e+09
1.534165025747190285e+10
1.628805547490192032e+10
8.928195725779188156e+09
8.231621296372712135e+09
3.633384150996798277e+08
8.288430306351784706e+09
9.246912375720983505e+09
6.178907226092897415e+09
7.411554158829633713e+09
1.205259148593726921e+10
1.014689931800647354e+10
8.679842573711299896e+09
7.397960612726206779e+09
3.563838619779726505e+09
3.168269140523798466e+09
7.742185337583079338e+09
9.217860406217477798e+09
7.901661656517035484e+09
6.223531115819638252e+09
5.461756623903759003e+09
4.403682448521703720e+09
5.329862945978600502e+09
7.078546912910120964e+09
5.634537931431476593e+09
8.395462170703557968e+09
7.856676590080391884e+09
1.967167596401522160e+09
7.879777215939937592e+09
3.436630281380217075e+09
2.055270893993313074e+09
7.389452970101724625e+09
9.115564199393650055e+09
4.685010447121257782e+09
9.616625193601249695e+09
1.127571396914480972e+10
6.370946925574612617e+09
8.118954771410165787e+09
7.130576089253819466e+09
5.846183003759703636e+09
6.606175450737461090e+09
7.053983642436494827e+09
7.069537191808772087e+09
7.093687292914323807e+09
8.384665779718395233e+09
6.547971737984258652e+09
1.364598838393254089e+10
8.191770220815754890e+09
5.876339312328443527e+09
8.127035120517346382e+09
6.996196264491918564e+09
2.300287259213162422e+09
6.725143700167415619e+09
5.114657165185671806e+09
8.536955631335840225e+09
8.691992421491127014e+09
7.854071878753415108e+09
1.874248398557568073e+09
6.910447140230254173e+09
4.178967123155329704e+09
2.276578544515206337e+09
6.482930903508538246e+09
4.178857004663705826e+09
1.275298359857718658e+10
5.885404870210947990e+09
7.775972207860972404e+09
4.939463829780051231e+09
7.897047535199364662e+09
8.939476048709932327e+09
5.674756853006694794e+09
1.030038890621116638e+09
6.961561758894902229e+09
4.615238056174541473e+09
4.883928985852428436e+09
5.508260621783468246e+09
4.753791175181964874e+09
1.418124385206434488e+09
5.941749484348263741e+09
8.952441466823528290e+09
7.153285172324193001e+09
9.724971475936334610e+09
5.407433890053552628e+09
4.341425671736571312e+09
7.550678072792228699e+09
4.931497972962625504e+09
3.978628164561843872e+09
2.827556210488034248e+09
8.166714740833521843e+09
8.762035705697925568e+09
7.728070230692219734e+09
6.059946580162493706e+09
1.025802080952056122e+10
7.134476034223204613e+09
6.744324906836267471e+09
5.222280822886436462e+09
6.820130526776679993e+09
6.521381959986200333e+09
8.396494635172028542e+09
3.407668593829518795e+09
6.561199195341148376e+09
5.130450326192636490e+09
2.705271904801461697e+09
1.269425382018621445e+09
4.179343383229766846e+09
6.865283527957223892e+09
5.620055450655378342e+09
5.255908692371006966e+09
7.265255257075906754e+09
6.449194317480791092e+09
4.292652330610565186e+09
6.959177394271604538e+09
6.789721475342093468e+09
1.374046537149143982e+10
1.603488048295809984e+09
8.433803599983631134e+09
8.437675152971401215e+09
1.138968934907225227e+10
8.986496159953330994e+09
9.590138403200870514e+09
9.546246606572286606e+09
3.722953103395925522e+09
6.581487928235691071e+09
6.767795027022088051e+09
5.894665629633219719e+09
8.043500606080695152e+09
7.125598536304978371e+09
2.444147025550911903e+09
1.106732305752626038e+10
7.055563795049746513e+09
6.012586223732040405e+09
5.791037105697801590e+09
7.026573341650636673e+09
8.459065498163640976e+09
1.078077529039526558e+10
5.235864738106365204e+09
3.876731210141302586e+09
8.820083919477060318e+09
1.144922003302082634e+10
6.998854578980059624e+09
2.582173366513736725e+09
3.438879889947150230e+09
8.038838964034805298e+09
5.079779711122447968e+09
2.698798521506241322e+09
8.061377588022292137e+09
8.165333984096827507e+09
4.807550625904488564e+09
5.055442712804177284e+09
6.500350624690363884e+09
5.506531211219320297e+09
1.005350338735934830e+10
8.507574397279424667e+09
7.863684270624172211e+09
6.549898780372784615e+09
5.769484469854524612e+09
3.113192848755652905e+09
7.950168252292153358e+09
5.578692713484799385e+09
3.565012696810624123e+09
5.006062520901734352e+09
7.559354737758373260e+09
5.905263494203551292e+09
3.105286457563216686e+09
5.089325999045240402e+09
4.661889072007996559e+09
6.346525227893936157e+09
6.549150905550962448e+09
5.989169967776986122e+09
8.516228525318554878e+09
8.516901785220129967e+09
3.689722574809534550e+09
6.420114903702258110e+09
7.619718624594155312e+09
8.352029706017044067e+09
8.541774826073510170e+09
6.057126124048289299e+09
9.213185770882331848e+09
1.141502842748502731e+10
1.117288481108491135e+10
7.738378007326532364e+09
5.842512566150374413e+09
3.206019699201046467e+09
3.857996995315062046e+09
2.378121583709727287e+09
1.013948221034507751e+10
7.112154627391218185e+09
8.916988379666765213e+09
8.305666063565474510e+09
5.750751706874256134e+09
6.579407112162832260e+09
9.300408934175390244e+09
8.151396050241891861e+09
8.724155928207847595e+09
8.609132890215957642e+09
4.229410420080894947e+09
4.728242946139402390e+09
3.850557431676307201e+09
8.915108805646211624e+09
1.159798527702223015e+10
6.375607321270540237e+09
6.503920160816493988e+09
7.747729710037748337e+09
7.455922296757234573e+09
6.881055606595694542e+09
7.572878985244915962e+09
1.136400724079450035e+10
6.178947931315599442e+09
1.104484142353894806e+10
8.431729623266051292e+09
7.089856350483935356e+09
5.760939023904775620e+09
2.092522458540847301e+09
8.510993875838006020e+09
5.891533967312496185e+09
7.757194918357711792e+09
9.196085908121803284e+09
6.373283695033864975e+09
9.133055814749052048e+09
6.492105355975481987e+09
6.900878495405532837e+09
6.724021437032195091e+09
8.920768305842927933e+09
7.726118904649139404e+09
2.692825468547191143e+09
7.179171583782170296e+09
3.649753122280689240e+09
6.248179232168626785e+09
6.712381632217508316e+09
4.767077584479177475e+09
7.444241433409241676e+09
4.245536202286096573e+09
6.940619548868191719e+09
6.639974979375623703e+09
3.414199981775454044e+09
6.499522772322033882e+09
7.022470222173336983e+09
8.484850220396746635e+09
6.099343447226088524e+09
1.305434485386059761e+10
6.859180629111424446e+09
9.482419711813405991e+09
2.332264621253568649e+09
7.832818033096414566e+09
6.389679128639268875e+09
1.269860314597763824e+10
5.831822414658459663e+09
5.648449927194829941e+09
7.586010961062621117e+09
1.205237975594365120e+10
4.424852710495373726e+09
8.659338985322767258e+09
1.001056793736636925e+10
5.121175503421550751e+09
6.792122354954508781e+09
5.967194411044342041e+09
8.648640052027694702e+09
3.415632265897399426e+09
2.484717526078179836e+09
6.438058534628043175e+09
7.549981717319519997e+09
7.015056754133416176e+09
6.988258068793151855e+09
4.951637901100519180e+09
4.354639977306827545e+09
2.405390168837873936e+09
5.303058345245954514e+09
7.639035368684546471e+09
5.371774804042775154e+09
5.667509014159766197e+09
1.318919462655270100e+09
8.141092292854622841e+09
3.797095857088084221e+09
7.302891915790376663e+09
7.898070735532703400e+09
4.351084207816691399e+09
8.377874494715053558e+09
6.668087840271839142e+09
6.432363667556509018e+09
6.946581346478494644e+09
6.841640584563993454e+09
6.121362070952073097e+09
4.644447022085640907e+09
9.675468359896409988e+09
8.357405159981327057e+09
7.577270421774991035e+09
5.387072322721031189e+09
6.383816777820948601e+09
6.537153449981453896e+09
5.523158417307098389e+09
4.536422394551240921e+09
1.002744262110555458e+10
6.507920368405410767e+09
4.170377430970894337e+09
6.382597299855048180e+09
9.038228104134185791e+09
3.125069609034162998e+09
6.123365256428223610e+09
9.156128594317625046e+09
2.177233109701797485e+09
7.988721191029887199e+09
4.733031852273033142e+09
8.335448163883292198e+09
1.164212906742519188e+10
2.279925450975743771e+09
4.840803455669674873e+09
1.133975252235378075e+10
6.767468081673696518e+09
6.136435637873439789e+09
5.799474373478027344e+09
6.896061284611560822e+09
5.783958271390324593e+09
4.708887552717534065e+09
8.730384343135141373e+09
5.163804361051465988e+09
5.500512745653635025e+09
6.185708716550788879e+09
6.189390885919819832e+09
5.363429747685216904e+09
7.627335609331586838e+09
1.089534488371243095e+10
5.577320843881111145e+09
9.671942080594646454e+09
6.732812584789091110e+09
4.453971606682851791e+09
6.210234312622272491e+09
8.515854515036944389e+09
7.572696063964700699e+09
4.941058544550314903e+09
5.693167056053421974e+09
4.507546346305124283e+09
5.491617968804435730e+09
6.461839103971693039e+09
6.843548856711530685e+09
7.591426822986376762e+09
2.061775664675991297e+09
1.064426851987232208e+10
7.001375532259503365e+09
1.011713010263476753e+10
7.000514616867835045e+09
5.508429963893723488e+09
2.357319255091828823e+09
4.649855541669455767e+08
7.136199580692697525e+09
8.127677612302186012e+09
5.507776815868179321e+09
1.855851590396461725e+09
7.068900731880473137e+09
5.467852752047965050e+09
2.380493624674190998e+09
5.724519868917891502e+09
8.449578792588216782e+09
7.047480859494212151e+09
7.179392295209853172e+09
4.861266814341292381e+09
1.393542493858415794e+10
5.733149775798313141e+09
6.877067664068336487e+09
7.887186522867420197e+09
1.122497037674775314e+10
4.733406027361164093e+09
3.689430902753169537e+09
3.551089623517772198e+09
4.386117956140640259e+09
2.227503395020770073e+09
6.239267282937556267e+09
5.590563656850550652e+09
6.830997090253218651e+09
9.081479055944097519e+09
6.356762821638207436e+09
5.492100355318384171e+09
6.640747808286865234e+09
3.315804180923693180e+09
5.259302999336791992e+09
6.929989466068065643e+09
9.076116196949430466e+09
5.219712691678230286e+09
6.679181478086229324e+09
5.161162984135240555e+09
8.108371519540252686e+09
8.639965203471464157e+09
6.662496726733614922e+09
4.196181191354578972e+09
5.183094402569244385e+09
5.466148031400649071e+09
4.145105524469515800e+09
6.219910585749263763e+09
5.120208466894262314e+09
5.967967565224213600e+09
6.792256590668520927e+09
8.377451371850382805e+09
4.432769100878447533e+09
9.155022826050247192e+09
8.081192860816697121e+09
9.114743538694181442e+09
6.641506142940549850e+09
8.659434061761306763e+09
4.047966056824413776e+09
7.453777797104757309e+09
5.091427470735561371e+09
6.958199429661143303e+09
2.576283049135477066e+09
6.431643336360985756e+09
6.938836578655984879e+09
8.352488227549695969e+09
6.739113810676569939e+09
7.755542781722344398e+09
9.098225956819257736e+09
7.238120623199956894e+09
6.013536924669208527e+09
3.670021896489848614e+09
3.739553146368648529e+09
6.049894731816865921e+09
7.314222493143653870e+09
8.976536218946340561e+09
4.115474708898180962e+09
9.069422055380195618e+09
7.719250765561558723e+09
7.991089788073775291e+09
5.411163697206775665e+09
8.209381821187952042e+09
7.421912387188370705e+09
4.223377896118223190e+09
5.512653103722401619e+09
6.549841248508403301e+08
2.480803038503400803e+09
2.620047782478172779e+09
3.006179756719776154e+09
5.646800499502314568e+09
6.271561407918130875e+09
5.244402852329100609e+09
4.772450747301108360e+09
7.295951394501374245e+09
6.862419763740144730e+09
5.511793692672161102e+09
3.933636937303969383e+09
8.278462322095367432e+09
6.598563869846723557e+09
6.621134167488628387e+09
7.387327588600193977e+09
6.121120119760257721e+09
6.470401134898893356e+09
6.103644323709194183e+09
6.318102982351981163e+09
3.013714687733978271e+09
2.070232195191783190e+09
5.990814157891059875e+09
3.726290117699624538e+09
8.362416802237940788e+09
8.264004628627907753e+09
7.340368923107919693e+09
8.794863956957099915e+09
6.575261892142416000e+09
5.423333119927932739e+09
5.894743295297640800e+09
7.110655486594053268e+09
7.122845158085010529e+09
5.681964051993629456e+09
5.523801259564716339e+09
4.254290040429709435e+09
5.852168447088452339e+09
1.480463683787953377e+09
2.926719310149852276e+09
4.118023999212239742e+09
5.605474791950162888e+09
7.515658284641882896e+09
3.997518001844292164e+09
7.847072764241683960e+09
7.975032191231223106e+09
3.844415186086950302e+09
6.968735058235544205e+09
1.029982345194418335e+10
6.777640501852492332e+09
5.085885036819475174e+09
1.278975037479392242e+10
6.916671594768757820e+09
9.070915855241641998e+09
6.563274252942866325e+09
9.380194373061487198e+09
4.834907399791813850e+09
3.086929767103520393e+09
7.457281344830432892e+09
3.785814517369689941e+09
6.900045089410997391e+09
3.235710895505065441e+09
7.229479282707325935e+09
4.663353209756565094e+09
8.859236151566354752e+09
7.008158941825911522e+09
5.102104703086293221e+09
3.162492934500878811e+09
4.134206215917612076e+09
4.052626570763244629e+09
1.020661113851094246e+10
3.623567791162751675e+09
5.980561786131275177e+09
5.488085779205432892e+09
5.498568424244400978e+09
5.812785132496143341e+09
5.742990624618071556e+09
5.386930369874559402e+09
3.210620215303050518e+09
5.888287595923306465e+09
9.029638354307001114e+09
2.813688207859853268e+09
3.386349277984558582e+09
7.016489516809723854e+09
6.541274645426122665e+09
3.468891344453669071e+09
1.023498035097546577e+10
4.832943644118912697e+09
5.041607221130925179e+09
1.348773669917840004e+09
3.754075000977412701e+09
8.043059046856028557e+09
3.885287667912384033e+09
8.624270130317409515e+09
4.806611146615308762e+09
4.140247742513131142e+09
6.130603693121366501e+09
5.553233521716352463e+09
5.576684019103777885e+09
5.642425030488306999e+09
2.201298936363992214e+09
5.009724493368073463e+09
2.870019110152801514e+09
7.075982634602038383e+09
1.837938029239328146e+09
8.442716390804119110e+09
6.086672842098736763e+09
5.796393283469440460e+09
7.891534941019884109e+09
5.940731859922924995e+09
3.209435991225660801e+09
3.751578010562654495e+09
6.734705291435651779e+09
1.042998884621508598e+10
2.031284380637227297e+09
5.930213585196586609e+09
5.960332147215492249e+09
5.880637898827265739e+09
4.687017015375406265e+09
8.046433174272750854e+09
2.466343734474256039e+09
6.873006569619735718e+09
3.867972752356582642e+09
4.287273283427973270e+09
8.647557593479965210e+09
5.090521943050894737e+09
3.577709545182115555e+09
8.122788813545968056e+09
2.965476834743277073e+09
4.831479307945326805e+09
6.067056758341323853e+09
6.501278515577859879e+09
5.856590817121945381e+09
4.573872375634416580e+09
5.947140580936962128e+09
7.364603212222450256e+09
7.094746617747303963e+09
1.315893475635614872e+09
5.655362916406124115e+09
6.724538245473412514e+09
6.951021711339624405e+09
5.121029311764661789e+09
6.750118092852238655e+09
7.546848912339812279e+09
6.806022360330436707e+09
6.661326406739645004e+09
5.966513070063881874e+09
2.182364402072679520e+09
8.229994621521953583e+09
9.279519360009052277e+09
2.358810551607458591e+09
8.379972027885133743e+09
7.466031025770688057e+09
5.708264109876106262e+09
3.992140576252443790e+09
9.717393325916757584e+09
6.176695978708613396e+09
5.417631619188484192e+09
5.023229811592701912e+09
1.126467618154410172e+10
8.592776773404554367e+09
5.459010789066936493e+09
6.517945967392819405e+09
7.419761376397953033e+09
6.054652654045635223e+09
5.409678593242257118e+09
6.319199125410140991e+09
5.582847125557370186e+09
6.237445328176492691e+09
7.057516236982341766e+09
5.581792911130804062e+09
7.206908119396237373e+09
6.925075899287883759e+09
7.939560929384121895e+09
6.394128567601579666e+09
4.605114499172079086e+09
7.673163984389104843e+09
4.205368839671584129e+09
5.423988164681111336e+09
4.720907983733430862e+09
1.810033508953979969e+09
4.175875732096096992e+09
7.087754883320043564e+09
6.833562622795861244e+09
5.190395171653375626e+09
6.259275219611687660e+09
6.027206639009264946e+09
3.503801156183078766e+09
3.451771737377544403e+09
8.064670853017555237e+09
6.113570674540040970e+09
4.811891502686850548e+09
4.574625725724343300e+09
4.939181824957486153e+09
2.083910809965795755e+09
6.175055012359018326e+09
8.747386554343944788e+08
5.158692876395254135e+09
9.152128356159616470e+09
6.751333663206695557e+09
3.505686706567067623e+09
3.721874121069018841e+09
4.261021647143048763e+09
4.449504137932934761e+09
7.281898246255432129e+09
3.345887521962547779e+09
4.324612780786652565e+09
3.318258863020740986e+09
8.789400136762413025e+09
3.668635999778180599e+09
7.073279492884120941e+09
4.534141760772909164e+09
5.114365158191379547e+09
5.605105529515356064e+09
6.007742624857260704e+09
9.900996378799915314e+09
4.233805657207571507e+09
8.651755249986995697e+09
2.452216397305396080e+09
3.386765727399285316e+09
8.900184188975362778e+09
6.923403343751533508e+09
5.401511873464870453e+09
4.837286204395750999e+09
5.721604240289674759e+09
3.369496444514959812e+09
7.329416294357925415e+09
8.872650199624238968e+09
1.039370443958186340e+10
3.324998533787300587e+09
7.270921096918142319e+09
5.247801252452813148e+09
6.974797586217065811e+09
5.237923198814592361e+09
4.485744031094281197e+09
5.940679678753238678e+09
6.827128109550976753e+09
7.755219208544360161e+09
5.516188992006845474e+09
6.883201592672270775e+09
8.021434698378762245e+09
3.476990458013303280e+09
1.893205850274655342e+09
3.417200218144258022e+09
5.663565203027374268e+09
3.834525446370980263e+09
3.903091473096451759e+09
4.946280224272551537e+09
7.476301214707652092e+09
4.470462724698413849e+09
6.809385918616904259e+09
3.544848999269659042e+09
3.801759719431821823e+09
7.954726071172419548e+09
6.313942145499883652e+09
7.267967925043143272e+09
2.759401982156649113e+09
2.790723811187288761e+09
3.464057669515331745e+09
6.212607630892160416e+09
5.222085875771455765e+09
4.445685418794201851e+09
1.637588531617462873e+09
7.111826663336718559e+09
4.982691388777108192e+09
8.682683009283874512e+09
5.222223484744226456e+09
6.013999125254579544e+09
4.542233728616357803e+09
4.105085982414985180e+09
6.654630281080172539e+09
1.989400703354130030e+09
2.251580942368430614e+09
4.052368501351041794e+09
7.687313850931087494e+09
2.928146414352277756e+09
5.513912201249873161e+09
4.404514157193301201e+09
2.137680045381398201e+09
5.763229226693572998e+09
4.447101185350964546e+09
7.383873120595533371e+09
2.705895734527735710e+09
3.627245814318103790e+09
3.359382243064935207e+09
7.538815650476767540e+09
4.836149754439439774e+09
2.399307685371510983e+09
2.648287006646522045e+09
5.350090516321484566e+09
3.681839346780769825e+09
5.389557103139468193e+09
5.093988414367748260e+09
3.197793295017419815e+09
9.119448327712347031e+09
4.630302447956724167e+09
5.777040318847532272e+09
6.277031205807268143e+09
2.676372144723724842e+09
8.008867871789466858e+09
4.813751568007140160e+09
6.491378334579580307e+09
1.054881922256183743e+09
2.049326592254769087e+09
6.875225532136803627e+09
5.219449071139601707e+09
6.888826645428941727e+09
4.404320722555492401e+09
3.412153832999825478e+09
5.425429541647151947e+09
7.099780571425466537e+09
2.322314428814776897e+09
3.070225111063890457e+09
3.503101067225094795e+09
3.223979962839365959e+09
1.820257334287015915e+09
3.789024823769188404e+09
4.557670293358366966e+09
3.953241920658236027e+09
3.240368248465803146e+09
1.754151875291330814e+09
7.937347042510155678e+09
6.476129678287789345e+09
7.513331615223552704e+09
3.328526989713140965e+09
6.748458155245260239e+09
7.401941782562127113e+09
3.671118092433427334e+09
3.570920251992810249e+09
3.966641983017850399e+09
8.854412838135402679e+09
3.345292444491969585e+09
4.113496029626301765e+09
1.827915918366589308e+09
4.030510260973072529e+09
7.515278707833315849e+09
8.705401749343587875e+09
5.346625875151232719e+09
3.565098811013673782e+09
4.225585728848423481e+09
1.368767393178353548e+09
3.393637089381897449e+09
1.918213731448749065e+09
6.079099135883247375e+09
3.999792206133773804e+09
3.763897754384474277e+09
2.547121891170415878e+09
6.407298501760420799e+09
5.559968931608695984e+09
4.221189755679683208e+09
6.695069956923992157e+09
4.709508012956889153e+09
6.190614231372477531e+09
4.514906707519986153e+09
5.307065763440410614e+09
4.325372566525181770e+09
2.765237301355873108e+09
5.674221042796428680e+09
5.358167724392215729e+09
3.530888369880157948e+09
5.742763628826921463e+09
3.246065713334755421e+09
3.490661329899359703e+09
7.604106705348121643e+09
1.716285671305358648e+09
3.147452154443656921e+09
2.577878902320829868e+09
3.286265533785606861e+09
6.561228011092480659e+09
7.100185936611696243e+09
5.211626752472746849e+09
6.303316726748688698e+09
8.343395863119058609e+09
4.092458206293163776e+09
5.116724152768862724e+09
6.084120505023620605e+09
4.112963123471161366e+09
3.866741355489946365e+09
5.832962277278843880e+09
6.113490125735005379e+09
1.248349997541747570e+09
6.922111191156571388e+09
6.882324982306278229e+09
6.113664649487252235e+09
6.000069494270931244e+09
3.737254564328849316e+08
1.913447199192522049e+09
5.438072867001949310e+09
3.282298929444433212e+09
6.154545892120046616e+09
6.731526439387140274e+09
6.218312757886939049e+09
3.546156984706079006e+09
1.557341174945669413e+09
4.894977178756597519e+09
2.129845790011093378e+09
4.633882881821270943e+09
2.944918603831307888e+09
5.877333000413756371e+09
4.475934006374567032e+09
6.884819080663021088e+09
5.061707741098902702e+09
3.855947355083909035e+09
4.310334692734295845e+09
5.960305970492365837e+09
3.384996171010587692e+09
6.970785929618162155e+09
6.018887419070970535e+09
6.912389782932439804e+09
6.661853025294751167e+09
6.847772988560872078e+09
4.680609298465707779e+09
4.814544427946992874e+09
4.564631346169954300e+09
6.397007614611352921e+09
6.810328012782617569e+09
4.565844356648789406e+09
7.044355465794496536e+09
6.551236538688222885e+09
8.402618282818319321e+09
1.438849105566366673e+09
4.197637329026193619e+09
4.549930477628674507e+09
4.653614595480786324e+09
2.865264799526656628e+09
2.476780500424737453e+09
6.834057836471699715e+09
3.055938536940912724e+09
5.972713518154195786e+09
2.733361079781537533e+09
5.276991081257943153e+09
7.429576353542456627e+09
3.332732414916718483e+09
2.380436124357307434e+09
3.772710497908969402e+09
4.401603863881885529e+09
2.545092344472533703e+09
2.041860975219935894e+09
5.912140251135885239e+09
7.686908724866276741e+09
4.959505600347081184e+09
5.390219904793104172e+09
4.796699758827506065e+09
4.247419834104929447e+09
4.125047222048582077e+09
6.372136192168994904e+09
6.188358026916291237e+09
4.443440644544426918e+09
4.761083133424344063e+09
3.692916270983486176e+09
6.124212438061275482e+09
2.100159472814721107e+09
1.545923515952763796e+09
4.628208363801317215e+09
7.376078127429520607e+09
3.336415604529776096e+09
3.223491508132647991e+09
4.612887410092294693e+09
5.861891774903369904e+09
5.490785951646985054e+09
2.794139304614176273e+09
3.513532234371602058e+09
3.263110800214550018e+09
6.856214020126497269e+09
2.687833431203962803e+09
8.596928960308141708e+09
5.142146520992444992e+09
4.228193941580308437e+09
8.238384478908069611e+09
3.376963030150963306e+09
5.009493479049227715e+09
9.235913371110277176e+09
6.691395512360206604e+09
1.056495391851153851e+09
4.191604101583078384e+09
4.102562719195641994e+09
1.976446604872927427e+09
8.265783232091659546e+09
2.763307006396346569e+09
1.274511676591744900e+09
5.080806053713711739e+09
4.267173532097620964e+09
3.782432502921104908e+09
4.354850355733045578e+09
4.029935008930854797e+09
4.444562889950897217e+09
6.490665647542117119e+09
4.897826482106727600e+09
6.965292787988054276e+09
3.226083286886212826e+09
2.636797477797687531e+09
6.211107151844806671e+09
5.614923867658351898e+09
4.926767901412976265e+09
4.636244226825685501e+09
1.081767453979249716e+09
5.831258969356573105e+09
1.005204643393452263e+10
3.042032388121122360e+09
4.345345670789569855e+09
7.404022592659377098e+09
5.503811209899590492e+09
5.791927338396547318e+09
2.880341926073316574e+09
4.307694729115773201e+09
2.675520102456633091e+09
2.847807889073429108e+09
5.759977663110265732e+09
2.769576273879916668e+09
4.265599602669585705e+09
2.947273458095548153e+09
2.809255451454599380e+09
5.037048053535207748e+09
1.961413501484941244e+09
5.631148756399564743e+09
5.497578412921914101e+09
5.697719500627453804e+09
5.891042369843461990e+09
7.002913144517249107e+09
6.513524792689864159e+09
4.334738375520311356e+09
8.589946886753572464e+09
7.068761028834165573e+09
5.258021217779561996e+09
2.512662085696520805e+09
4.618107060941902161e+09
6.114470208292658806e+09
3.409689590712320328e+09
3.491144270903538704e+09
5.223393307429491043e+09
4.915442866961642265e+09
6.136112244023502350e+09
3.958106264328302383e+09
4.754208750615300179e+09
3.200814218149292946e+09
3.987996218694182396e+09
2.108676195208581448e+09
3.098495402010486126e+09
3.436735934736870766e+09
7.933008221197951317e+09
7.543800234606114388e+09
3.100033495876718998e+09
9.828925136752105713e+09
2.713232049739410400e+09
2.118115649049697638e+09
2.694250931540490150e+09
5.221730402708132744e+09
2.748082038678551674e+09
3.699750647274075031e+09
4.446525060425319672e+09
1.124083093956241846e+09
4.435846109103564262e+09
1.260364877202998877e+09
7.568057992091372490e+09
3.596693538922077179e+09
7.105270557247019768e+09
8.207435123608669281e+09
6.178405217060647011e+09
9.456427151971126556e+09
6.657378094277415276e+09
1.196186353109774351e+09
2.926963539899888992e+09
3.006285379679628849e+09
3.496238380795190811e+09
3.679721683159849644e+09
6.333160339515440941e+09
3.620545372813545227e+09
3.020969969287123680e+09
3.432112868184236526e+09
6.491292808003424406e+08
3.619241739593342304e+09
3.533362614108358383e+09
3.325590001274820805e+09
3.729007738409231663e+09
4.409004226425830841e+09
4.165910818405892372e+09
3.409914219896119118e+09
2.224077153702831745e+09
3.539310985319280148e+09
4.844844541109228134e+09
3.049690667200562000e+09
3.970249733938863277e+09
5.928794329537680626e+09
3.071533329407572269e+09
5.047988121356565475e+09
4.942046006933332443e+09
4.911407605262397766e+09
3.780398103485201359e+09
3.996508634595829487e+09
6.552099753565485954e+09
4.735464519165879250e+09
4.758647755511943817e+09
2.754607095687388420e+09
4.698847477723504066e+09
5.793377438862798691e+09
3.850675810519631863e+09
3.947429935074014187e+09
5.714171087844481468e+09
4.829166985224493027e+09
8.294475141600570679e+09
6.279374895172450066e+09
3.814864110796833515e+09
6.608148644068703651e+08
3.565318020189699650e+09
4.928055503242050171e+09
4.550520000530825615e+09
6.492347714534764290e+09
3.678291737228867531e+09
5.615145810292241096e+09
4.002067704227347374e+09
6.514855121943247795e+09
4.853864051757350922e+09
5.134203289276095390e+09
4.681359669111324310e+09
1.013654359634562373e+09
9.068844518718975067e+09
2.796484123791501522e+09
6.844645978442155838e+09
5.218062417122844696e+09
9.633174265557064056e+09
2.147753917983222485e+09
1.387390008771571159e+09
4.886750396354878426e+09
2.714459681643311024e+09
2.648432396050048351e+09
5.665965997718342781e+09
2.931401784547115326e+09
2.412393759862733364e+09
1.374417714084020376e+09
3.605803596492274761e+09
4.669050312166156769e+09
4.370091517054769516e+09
4.489922510967101097e+09
6.698496355836619377e+09
7.825064577234868050e+09
3.868660806833114147e+09
7.504246358135556221e+09
4.512656709292935371e+09
3.096917267580811024e+09
2.531664449809622288e+09
5.543303944522569656e+09
4.197840122446480274e+09
6.513324551597425461e+09
7.970340221214963913e+09
1.898859919077161551e+09
8.151825656358309746e+09
5.620549119183021545e+09
1.150845533252794981e+09
5.598475257528793335e+09
1.497952384807856321e+09
4.344420193880506516e+09
1.091754619338870287e+09
5.338015111284743309e+09
5.474484605250609398e+09
4.722774361918519020e+09
6.940528103354494095e+09
5.422999672987771988e+09
6.759121467236702919e+09
5.977673265074614525e+09
6.540470305764947891e+09
6.389594941991928101e+09
3.701188935414782047e+09
4.240728340206338882e+09
5.856037838159419060e+09
3.633703309307589531e+09
2.680159667588163853e+09
1.243007756822005272e+09
4.392672300947643280e+09
4.884915757841754913e+09
5.161718354618905067e+09
3.252444483639953613e+09
2.841835768326410770e+09
6.687649656439605713e+09
3.177459060681653500e+09
3.948721712005750656e+09
2.797546691790038586e+09
2.241787899115413189e+09
4.606894633610083580e+09
7.271831234908682823e+09
2.988310495990566254e+09
3.615913246878066063e+09
1.162391538439261913e+09
1.731628873570193291e+09
1.404479151969294786e+09
3.893042240108064651e+09
6.087301068240049362e+09
5.234485217408590317e+09
3.364668273753824234e+09
4.272414777170061111e+09
3.433092770264434338e+09
3.489419788346374989e+09
4.549500873459004402e+09
2.875835736993715763e+09
5.569292379668218613e+09
2.838143832008721352e+09
9.940842019055119753e+08
3.807348867320890903e+09
2.462609603951632500e+09
7.561147719042696953e+09
7.900447152748243332e+09
7.629278739681336403e+09
5.642301128919740677e+09
5.535421688818612099e+09
2.685591509001791000e+09
1.137926461744350433e+09
4.638291020123325348e+09
6.027828727442133904e+09
8.079986248552891016e+08
2.972185196027398109e+09
3.096944469984270096e+09
5.215416191439102173e+09
3.314144476380152702e+09
3.753193035720328331e+09
1.921691976449216366e+09
1.648347011375406742e+09
2.334667822266396523e+09
1.162943012344660759e+09
1.917670429865377426e+09
9.135322359062273502e+08
4.097547838234743595e+09
4.545067331736790657e+09
1.893492727192438364e+09
7.254589939160817146e+09
2.965235902795038223e+09
1.520064013293797255e+09
2.332556562619388103e+09
2.159491702161287785e+09
6.840213484789877892e+09
5.079590083556829453e+09
3.041464636995107651e+09
6.286576870405677795e+09
1.241033139256352425e+09
1.602660797272581339e+09
6.193252042869411469e+09
4.869910512121258736e+09
2.225625884921355247e+09
8.186699050642168999e+09
6.608134133143549919e+09
1.631637192008159876e+09
7.035991805978596687e+09
2.789424936035140038e+09
6.129540264267934799e+09
4.749179407730188370e+09
8.188353129833661079e+09
2.682944910945127964e+09
2.880879600374028206e+09
4.292878567893788815e+09
4.101166579757824898e+09
1.058743516565484619e+10
2.664555971352744579e+09
3.090728140077883720e+09
3.292708838791085720e+09
3.055079702748464108e+09
7.079588430577393532e+09
4.169425128554695606e+09
1.628719708457912207e+09
2.641961584238699913e+09
3.895419530607274532e+09
3.797529463280477047e+09
6.167845355650865555e+09
7.445434855011924744e+09
5.002359285996314049e+09
2.228026837483160973e+09
4.364682523014560699e+09
1.456891981112395525e+09
3.705230508427911282e+09
2.350165888309324741e+09
4.025875180754386425e+09
4.026998078892916203e+09
9.781276727825970650e+08
4.460784073189883232e+09
5.136684230212914467e+09
1.422837578650059938e+09
2.611403199551588058e+09
4.448409949779577255e+09
2.963029356286501884e+09
5.591017902461271286e+09
5.171929672894227982e+09
5.878778664868020058e+09
2.613164260878429890e+09
2.158685701911096573e+09
2.454662343630421162e+09
4.731379599414062500e+09
4.699425336686461449e+09
5.384293093342979431e+09
3.777311229643277645e+09
6.525880118924028397e+09
6.592365108748512268e+09
4.202866997307395935e+09
2.501502773689976215e+09
3.968959629866477489e+09
4.074452647681674480e+09
3.504739956512082577e+09
2.087730768920337915e+09
2.788359329842620373e+09
2.686783034730865955e+09
3.771940112835783005e+09
3.210366416221570015e+09
4.055689061951856613e+09
3.468182999057500362e+09
3.648583185206393242e+09
6.424416244557421684e+09
5.134022903956869125e+09
7.708663764584469795e+09
1.878022167044662952e+09
8.047387372693664551e+09
7.080801136735181808e+09
1.592050168162187576e+09
1.462594511994371653e+09
2.283387586032868862e+09
6.265903741844491005e+09
2.388473473567631245e+09
2.789890500995557785e+09
4.183833585280578136e+09
2.180840985979925156e+09
1.219837003879799604e+09
4.166743368797086716e+09
5.648375506546709061e+09
5.533404272999371529e+09
2.726880361893588066e+09
5.021167514336602211e+09
6.141935941779667854e+09
6.214845381856159210e+09
6.941656015566086769e+09
3.756284945202439308e+09
6.504034418332605362e+09
5.813168076792148590e+09
3.270011314610355854e+09
3.173798018548011303e+09
4.987256114377851486e+09
7.464178645581059456e+08
2.053002006268864632e+09
6.459682635930629730e+09
3.925939438433351517e+09
3.809958274327323914e+09
5.222062941295199394e+09
1.112294592171293736e+09
4.821146087805391312e+09
6.381980641080699921e+09
3.922018826791975498e+09
3.585007672093889713e+09
1.808416536053797245e+09
3.045421058662554741e+09
3.652334720700095654e+09
4.436196789842806816e+09
4.367165608697097778e+09
4.316965381421843529e+09
9.903649228731619120e+08
7.617159018199344635e+09
6.409507855471361160e+09
2.473883314444995880e+09
3.284375390214930534e+09
6.678888146062772751e+09
5.421273222148370743e+09
4.195784988171835899e+09
1.628169015634243727e+09
5.804175551964851379e+09
3.507026448336921692e+09
3.547005876249312401e+09
1.104491418441937685e+09
2.320535347422476292e+09
6.637948553418340683e+09
3.809916442810261726e+09
8.537536790747697353e+08
1.432461990301843882e+09
3.425028219259491444e+09
3.494112374709491253e+09
2.441985024019094467e+09
4.249089691382986546e+09
3.181410743585449219e+09
3.283300946211610794e+09
2.486049203322329521e+09
3.658322709010760784e+09
1.727094621063453197e+09
5.372978127501501083e+09
5.118016444179048538e+09
4.083167538202852249e+09
2.960759435242562771e+09
2.662181466426597595e+09
6.640324928494328499e+09
3.738362632804597855e+09
1.903088564532824278e+09
1.346403358108765602e+09
2.422118170723408699e+09
5.316630547338531494e+09
9.298816082891101837e+08
1.033410071507590771e+09
7.719691499678994179e+09
4.605660603624582291e+09
5.781850275004411697e+09
3.383911102408922672e+09
4.464194212890271187e+09
5.140780403988349915e+09
5.721327835362481117e+09
4.205479656785648823e+09
8.576922573037676811e+09
1.069583904825184941e+09
1.495346177882565737e+09
2.436837196355525017e+09
3.388923159913876057e+09
1.222918670177585363e+09
7.855762255281001329e+08
3.033200848641436100e+09
2.390399123208670616e+09
3.665286226758317471e+09
1.858098436783326149e+09
1.776324104512413979e+09
6.111825688015556335e+09
2.724139236110724449e+09
9.384665230530845642e+09
3.203535488920660019e+09
2.603084361657948494e+09
7.033968088270418167e+09
5.547273643045372009e+09
5.197101332042607307e+09
5.536953471357015610e+09
4.078248008777420521e+09
5.893384293895834923e+09
5.204033277286043167e+09
3.756433420906478882e+09
6.232242674245736122e+09
6.545312200668814659e+09
2.745542663724097252e+09
3.812000210556223869e+09
4.533753470170004845e+09
5.402650675201383591e+09
4.747636196067196846e+09
7.100388627883919477e+08
2.072515573889254570e+09
6.223462784428763390e+09
1.665176765256082535e+09
5.566162456373059273e+09
7.874553342334227562e+09
9.005559268068174124e+08
1.856356995744459867e+09
4.765204162222252846e+09
2.147909561118615627e+09
1.155578501890496969e+09
2.384789162002010822e+09
3.442189034698052406e+09
3.298983664767573833e+09
1.041341997198862433e+09
7.825666011876988411e+09
1.683320161743449926e+09
4.208685381753346443e+09
4.007924931127911568e+09
1.849578113295133591e+09
4.057230084614057064e+09
3.356941369027758598e+09
3.052504648088952065e+09
5.338988112190996170e+09
3.509638105541230202e+09
4.113062473619862556e+09
2.546903763121718407e+09
2.995583554513927460e+09
2.561863490238793850e+09
6.250608228862569809e+09
6.927296460701898575e+09
3.393473146198619366e+09
2.052199699830671549e+09
5.734434050338715553e+09
3.800699627316441536e+09
4.736858147792108536e+09
5.850472377824853897e+09
8.808064485653886795e+09
4.694515799798606873e+09
