1.174725052314894036e+01
1.179736385148311584e+01
1.123439457170936073e+01
1.112496181630407399e+01
1.128364235736535903e+01
1.146145740810691294e+01
1.128487845414865376e+01
1.134857732530839591e+01
1.130344669159316062e+01
1.137433480281161557e+01
1.141528886149119693e+01
1.092290634322413112e+01
1.098710340355287585e+01
1.122641380745902850e+01
1.085454000987251177e+01
1.100249957108102450e+01
1.089578830329556958e+01
1.093522915992903854e+01
1.112376389993557702e+01
1.063164115306713775e+01
1.104045972887864480e+01
1.068206856179505415e+01
1.103068145255490506e+01
1.083098736245630711e+01
1.069804966420612580e+01
1.064479985041051080e+01
1.057498932527328073e+01
1.071046565459985800e+01
1.088656065987181165e+01
1.064463567814337530e+01
1.059438406728387960e+01
1.071028704746557203e+01
1.061569663455207113e+01
1.068039493672791096e+01
1.065822833682332949e+01
1.050057603012095697e+01
1.062976853796130250e+01
1.062869957341271920e+01
1.058697844402749233e+01
1.058271942739686011e+01
1.064137866393397402e+01
1.064695447929329397e+01
1.053715144599423326e+01
1.050340342689923290e+01
1.051512418161572704e+01
1.189695867653665040e+01
1.178148930797131833e+01
1.137361395044413115e+01
1.118820875474310128e+01
1.132764998060868145e+01
1.117989985766314653e+01
1.129250329000501196e+01
1.120999835552168911e+01
1.107303503411494994e+01
1.106556913033622180e+01
1.106836172307725974e+01
1.069925841241428977e+01
1.104757031442108151e+01
1.099192355074544203e+01
1.084157410936198218e+01
1.074293469093798592e+01
1.111059617114734976e+01
1.084082647837522018e+01
1.099169096566455650e+01
1.101980410558919843e+01
1.087987536379304210e+01
1.075497523220324858e+01
1.088853084790737924e+01
1.054157703318338335e+01
1.068245765965770211e+01
1.075760467881637794e+01
1.078182848793420412e+01
1.058555896790860551e+01
1.051280559345829779e+01
1.059891516000691425e+01
1.069894051182863315e+01
1.082880293588832998e+01
1.055995572178573738e+01
1.062039457833115286e+01
1.068489489988638930e+01
1.058160695475999447e+01
1.067398845016165687e+01
1.057216030284416597e+01
1.057816259152141214e+01
1.175091792615268815e+01
1.163340135647475293e+01
1.095073714792704678e+01
1.121439561488391234e+01
1.089741441471776184e+01
1.094225417323257865e+01
1.075969906330925774e+01
1.074670749640169198e+01
1.074938047388331874e+01
1.107185973054198236e+01
1.104862515489363872e+01
1.104162400946710143e+01
1.103877135306555246e+01
1.072900160843070516e+01
1.075332653526943893e+01
1.078865718465565315e+01
1.087113271826800975e+01
1.086678686337947930e+01
1.093831419325549348e+01
1.066306434595422381e+01
1.065321678788561677e+01
1.083545933247509474e+01
1.087704334968948672e+01
1.064967914436081919e+01
1.068769375168327329e+01
1.072986467263500643e+01
1.069607534033003660e+01
1.054794503183436127e+01
1.067306800169100889e+01
1.063205719272007244e+01
1.061431670827501073e+01
1.057087405879853925e+01
1.051776142975784190e+01
1.050290024238299758e+01
1.192376455892219944e+01
1.151332889677129145e+01
1.142474085670994555e+01
1.182469660309964254e+01
1.113523127397732182e+01
1.100881508224165017e+01
1.095955680022975898e+01
1.113821083348375218e+01
1.097542705944851349e+01
1.086061028653331029e+01
1.064958864494558455e+01
1.096105658896711788e+01
1.096319857327090652e+01
1.063273128814071988e+01
1.079234411994796439e+01
1.089986442578704740e+01
1.065200981909953448e+01
1.088813122064526873e+01
1.066407292140796947e+01
1.084384605372425980e+01
1.073600695033629293e+01
1.067443505481652188e+01
1.079521171313024297e+01
1.054748365214404338e+01
1.054099078393699962e+01
1.065927207774836205e+01
1.065007683089445045e+01
1.052961189121812247e+01
1.070496268658887651e+01
1.063861304173609135e+01
1.063677031175513576e+01
1.066929244319639736e+01
1.062209220844311020e+01
1.060974749485656687e+01
1.059623499612774822e+01
1.053361199281021854e+01
1.171151084348767313e+01
1.162240738690527309e+01
1.140068811036188201e+01
1.118213115300370042e+01
1.126657872119692350e+01
1.119799436172075247e+01
1.085018699053977898e+01
1.073366463983571606e+01
1.085069813655348803e+01
1.080622805529939789e+01
1.087317827910600698e+01
1.064877617914066832e+01
1.059478031172995571e+01
1.060755948941462457e+01
1.059957013160163974e+01
1.078099384135095384e+01
1.054900217538087581e+01
1.051586367950000067e+01
1.060885057782303598e+01
1.053040465683788440e+01
1.050236018031673346e+01
1.052162483007430005e+01
1.054906918006511418e+01
1.143496518029209597e+01
1.110746233718876219e+01
1.164878337577350109e+01
1.096942568037683507e+01
1.127329694128087745e+01
1.143545942961762840e+01
1.093055862204098183e+01
1.102795418703974306e+01
1.087483980693689922e+01
1.071964732717186131e+01
1.074209375515119547e+01
1.110763700580171864e+01
1.077053133343079061e+01
1.106055732878784070e+01
1.108395582206292751e+01
1.100003974760218561e+01
1.078575213801254939e+01
1.093626390108001978e+01
1.078446925192082873e+01
1.072742406278627847e+01
1.084175873953936353e+01
1.083153766251876249e+01
1.055764144334194299e+01
1.050032489333238850e+01
1.067094777736676647e+01
1.051979235303113391e+01
1.052541974800747937e+01
1.069712221878867986e+01
1.163241903254097664e+01
1.139974165952905949e+01
1.118830434429034959e+01
1.096928670614143897e+01
1.109370854317141841e+01
1.058716591989726652e+01
1.068062238328929325e+01
1.060230354850479273e+01
1.061927607293363707e+01
1.083231559095320939e+01
1.061034703296900616e+01
1.064053014173103584e+01
1.083736175072650454e+01
1.071055056090130719e+01
1.069519928522153052e+01
1.070707207998443344e+01
1.064644106296605308e+01
1.050214437078785501e+01
1.062042377165498941e+01
1.064621236121550396e+01
1.053951428494534426e+01
1.197867614111836332e+01
1.195636157447305337e+01
1.173391789692887244e+01
1.161509821966792266e+01
1.088248739679853649e+01
1.093254610930850035e+01
1.080981807361833091e+01
1.079851648903181349e+01
1.096285860414361402e+01
1.083851074510559087e+01
1.094090172106876224e+01
1.061442421057331664e+01
1.083852469312872202e+01
1.076951991908673101e+01
1.057255161018459155e+01
1.073530817719811203e+01
1.079555061337664412e+01
1.076300110761845552e+01
1.061634230801647938e+01
1.061045552227498767e+01
1.077919821809208756e+01
1.072460477249233968e+01
1.050092616398231549e+01
1.061978875828839364e+01
1.184549443738169039e+01
1.135266949595200359e+01
1.096820573093756757e+01
1.087664407826204460e+01
1.081181318379226219e+01
1.092264747490500376e+01
1.062145809893118376e+01
1.057242807753112857e+01
1.055042876958236953e+01
1.061347290441169910e+01
1.074489787108768013e+01
1.090168687632354505e+01
1.080772991667804384e+01
1.084537729522351235e+01
1.079170659903952334e+01
1.088678204548680561e+01
1.067542707165151938e+01
1.050764715899305557e+01
1.058107572201596902e+01
1.130840717688060160e+01
1.116208502191749830e+01
1.101623366975710461e+01
1.095887932084188066e+01
1.086504781837154354e+01
1.121776361546684697e+01
1.072380263487808527e+01
1.066416045262777423e+01
1.074540514235524569e+01
1.096214149314782915e+01
1.065339483843407820e+01
1.056257556768697903e+01
1.055821984035978467e+01
1.074668796693837791e+01
1.060456912390891659e+01
1.054868149636685892e+01
1.118693082332116973e+01
1.093414643827719601e+01
1.091892589633749999e+01
1.113805597186388141e+01
1.073761937642949960e+01
1.112023186602569425e+01
1.068089917219543139e+01
1.093967250476755559e+01
1.070902095484780325e+01
1.058415488065417875e+01
1.082880103407831740e+01
1.056082723608293961e+01
1.087650181831591389e+01
1.065393566427744076e+01
1.061854525912719360e+01
1.059638279516787662e+01
1.070807523547857265e+01
1.057271455090840107e+01
1.058532249209518561e+01
1.052222623661213596e+01
1.053124314728600375e+01
1.158379896934727071e+01
1.094541493710917202e+01
1.090142308653812719e+01
1.062244562115949620e+01
1.084374408499023623e+01
1.075121021225433360e+01
1.062094431242378612e+01
1.075423409302226396e+01
1.056132747799767557e+01
1.063267602479345619e+01
1.058705808968261763e+01
1.059900717377308510e+01
1.177446093148496153e+01
1.155619029032564349e+01
1.153076933471623455e+01
1.123190220593103561e+01
1.090149628818021554e+01
1.099058251679227105e+01
1.116853767125644481e+01
1.116735789348803998e+01
1.101294925059061924e+01
1.103595472527216081e+01
1.085443783242528681e+01
1.069265284943439198e+01
1.065957404129014208e+01
1.188858222556159383e+01
1.198827608754861629e+01
1.162697768478878402e+01
1.135894540223361204e+01
1.115212938985171398e+01
1.075074154950806893e+01
1.060871485438498318e+01
1.078318467745729770e+01
1.053566554890787721e+01
1.074997832214892490e+01
1.074364676220133674e+01
1.099172167925963883e+01
1.051967223768095572e+01
1.070851699472519236e+01
1.051331709988560625e+01
1.078469876719763398e+01
1.095866148607743185e+01
1.098896581800451600e+01
1.084413988371423798e+01
1.064393616121529362e+01
1.198123418684144070e+01
1.134283047456815652e+01
1.093368286750557772e+01
1.091955133609417139e+01
1.082527505941617285e+01
1.057632638481977239e+01
1.193247271611563676e+01
1.197105153591723692e+01
1.125116062007467477e+01
1.127354972406913625e+01
1.104622596041209626e+01
1.084784887201980474e+01
1.058836352202167319e+01
1.074517233229355817e+01
1.051533755229784894e+01
1.085049194117692295e+01
1.105666633431503953e+01
1.093965187782025517e+01
1.051635207452093290e+01
1.096167256438519644e+01
1.061567488845145490e+01
1.070780770254819458e+01
1.065322676064601026e+01
1.052503523798074347e+01
1.056901708623581726e+01
1.050750769575970800e+01
1.051451285238772648e+01
1.190624960380443120e+01
1.150984871873729354e+01
1.068546140613457496e+01
1.069292467896413790e+01
1.062268412690081654e+01
1.090603792518868254e+01
1.078861546287971862e+01
1.052829752169184729e+01
1.064275124996136057e+01
1.054545065971581863e+01
1.055336660045696462e+01
1.190507132872202511e+01
1.116722311918633359e+01
1.081665513883412544e+01
1.095641828180018429e+01
1.073537657225850595e+01
1.083337544488615833e+01
1.069654623218220379e+01
1.074844439919894867e+01
1.080968990702604060e+01
1.079094469415856672e+01
1.050085737383069606e+01
1.061661518884890931e+01
1.052699440422937016e+01
1.061371326693171824e+01
1.055315856636065774e+01
1.192840628544719728e+01
1.156300366185652528e+01
1.056826063377319436e+01
1.090564214371774376e+01
1.064659587489624570e+01
1.051654532723820523e+01
1.187676670811752722e+01
1.132685026640777082e+01
1.092555887529567826e+01
1.070633646995946364e+01
1.062749194532178443e+01
1.092681042446988116e+01
1.067431428609917887e+01
1.076506638671829563e+01
1.095259956399456946e+01
1.071302303061753669e+01
1.073597515877706954e+01
1.065800576040343373e+01
1.187190663764465093e+01
1.166753291314651442e+01
1.121441126781484421e+01
1.095156579493375659e+01
1.092825808039614088e+01
1.072539095284386867e+01
1.059099391371697862e+01
1.065981546104752553e+01
1.077402102710690990e+01
1.061474500123960496e+01
1.073524448935440212e+01
1.051604151886914096e+01
1.050900756231106570e+01
1.050529420629994526e+01
1.188060011444937736e+01
1.145503827761195836e+01
1.140038220633239874e+01
1.106096312711702190e+01
1.087746350767514159e+01
1.065185120872835789e+01
1.075918813381546002e+01
1.064402493575000896e+01
1.052332473550969816e+01
1.189008110062271406e+01
1.140812625185502860e+01
1.126929435702059834e+01
1.085002945442068345e+01
1.117518419663811535e+01
1.074904239395691796e+01
1.084031561222627360e+01
1.072991363177982471e+01
1.071795436973860127e+01
1.057198856552391675e+01
1.193923323380985657e+01
1.150332698041599500e+01
1.074777682888335129e+01
1.054565511778204545e+01
1.053062765689006142e+01
1.195779470520688825e+01
1.115440878725299356e+01
1.097500350581784723e+01
1.092191522202128873e+01
1.069545789236635613e+01
1.060926695245717077e+01
1.051836043258187203e+01
1.056360999087833719e+01
1.176589591128020018e+01
1.095526709141121557e+01
1.072287281961109962e+01
1.091762890949904552e+01
1.070483873146486431e+01
1.065140221317831326e+01
1.188376953207977849e+01
1.121895795803610518e+01
1.112887002657025093e+01
1.084558410299506903e+01
1.070820956779175859e+01
1.071163041830326179e+01
1.061931458384524518e+01
1.059481942737450844e+01
1.067996379942080587e+01
1.073193523599907628e+01
1.190936586246144024e+01
1.100155704968314296e+01
1.084433260166431978e+01
1.182935031087835576e+01
1.150501572313432597e+01
1.099182883309238257e+01
1.097407077568756861e+01
1.059903945468541409e+01
1.199167593481580418e+01
1.085625104246390471e+01
1.083086340146768123e+01
1.087678288586019271e+01
1.059933148787671797e+01
1.055819324389977432e+01
1.188485236720034521e+01
1.144510848890676868e+01
1.084684842818330708e+01
1.098911178453662707e+01
1.055412794409173038e+01
1.076022275543182261e+01
1.069562461231747363e+01
1.053932728576451616e+01
1.161239588424513158e+01
1.148138930438279992e+01
1.131307786398176241e+01
1.095620630027527653e+01
1.116884069921707123e+01
1.104112741373989159e+01
1.172112905829229845e+01
1.140642451206725916e+01
1.134773754735986806e+01
1.060685306182194587e+01
1.093813828353656525e+01
1.070451729524479489e+01
1.072035464832612028e+01
1.085169427185711655e+01
1.078922524487288648e+01
1.082702205192899036e+01
1.053536103058816842e+01
1.176800219564891137e+01
1.127265407385434770e+01
1.110074742098605149e+01
1.098730809281508947e+01
1.077968934783770116e+01
1.072162347013499328e+01
1.154348515031793276e+01
1.130451647708115281e+01
1.122385210873787464e+01
1.125778340830929380e+01
1.064664071664250500e+01
1.070793709351087308e+01
1.050268873091127730e+01
1.065202839130014212e+01
1.187864779625144429e+01
1.076217046438769387e+01
1.127216787216031335e+01
1.071241804157480182e+01
1.050454650602386941e+01
1.062940749213147207e+01
1.055806201085362162e+01
1.190045502170762504e+01
1.082799867868639510e+01
1.094554504755230973e+01
1.050830203695815257e+01
1.089251113068469046e+01
1.057275056113527789e+01
1.196607311018281372e+01
1.065116752128176181e+01
1.059041313556914865e+01
1.067298360896752207e+01
1.069124285194834556e+01
1.054886088838601843e+01
1.070900967855584618e+01
1.181124719878666163e+01
1.134484343394514916e+01
1.104585403245562603e+01
1.129306848629616411e+01
1.051360799623975950e+01
1.146343140197375376e+01
1.130180185858255015e+01
1.091136051701467125e+01
1.107834698967513098e+01
1.078972285927319064e+01
1.094426988485818697e+01
1.083142709117113966e+01
1.074065517469752074e+01
1.153584853081580519e+01
1.173886572077965340e+01
1.133579210192319309e+01
1.068125058693717655e+01
1.079436330369427743e+01
1.155628291055697332e+01
1.148591539519770777e+01
1.101869583148629239e+01
1.116045754288849245e+01
1.070506764132627708e+01
1.069760226791689739e+01
1.190006299435887982e+01
1.069820640098408226e+01
1.159912660116546945e+01
1.132524640659610249e+01
1.071897558910206882e+01
1.088956964922713411e+01
1.065615452631589122e+01
1.062529756214480692e+01
1.056795386925560720e+01
1.063327607706840006e+01
1.169345873792335411e+01
1.120999835552168911e+01
1.081372435511348229e+01
1.094113965886441520e+01
1.082389239208435683e+01
1.081972749011415225e+01
1.064016325465247448e+01
1.170075250080417817e+01
1.077836597239200600e+01
1.063858209884823403e+01
1.072549952948092766e+01
1.086175588019516702e+01
1.199845665032042596e+01
1.065432094749288972e+01
1.064826491315431589e+01
1.180108536302330435e+01
1.050641834277270625e+01
1.056553376555948986e+01
1.056956499382045855e+01
1.164656260222136730e+01
1.152178682916353125e+01
1.106955580453399435e+01
1.100936632500623524e+01
1.123890428095298333e+01
1.167956843735109373e+01
1.128940618839604504e+01
1.110524862975660731e+01
1.093289119057477876e+01
1.051403219828259061e+01
1.076125713996295730e+01
1.182829104856178581e+01
1.115305700738354311e+01
1.100094590294364139e+01
1.066316879003051987e+01
1.171646913845740912e+01
1.106489549877785628e+01
1.108806071788627357e+01
1.085216670449857546e+01
1.080612387238709893e+01
1.063587269663067580e+01
1.166314790322459594e+01
1.103580597447295375e+01
1.163143148570510910e+01
1.150100910232291440e+01
1.075077114026823288e+01
1.087630240559439976e+01
1.176835425570442695e+01
1.095254736182946154e+01
1.139861394341807888e+01
1.140704775108005187e+01
1.107805729918962889e+01
1.098959470231305602e+01
1.058147588807999639e+01
1.069419053982335122e+01
1.052212413330653362e+01
1.163399296228796764e+01
1.095943222896630509e+01
1.062770503368711239e+01
1.075307982204572355e+01
1.057435598028637536e+01
1.159856953071985153e+01
1.107093341892654870e+01
1.108297607479564562e+01
1.069544108758055145e+01
1.079866328418700228e+01
1.082550028582064172e+01
1.074833454393312593e+01
1.051500668511445369e+01
1.187231888877289698e+01
1.119284340101102693e+01
1.087887155672092376e+01
1.091322080285753771e+01
1.071465119076088079e+01
1.184458850901494387e+01
1.072312638256229711e+01
1.075589172691572593e+01
1.098075930169233949e+01
1.083764322814860748e+01
1.190579906604411420e+01
1.054218088999019720e+01
1.162989483312436789e+01
1.108836369196181160e+01
1.101238260103216149e+01
1.089025365183943883e+01
1.072329857535971520e+01
1.175918366890032196e+01
1.067877394526816204e+01
1.069947363228884463e+01
1.150414506355544653e+01
1.153089963750839608e+01
1.128896805776361312e+01
1.058500587925425585e+01
1.066539373816526570e+01
1.050021953467017433e+01
1.152767023056415141e+01
1.136727556726192567e+01
1.097902144994292684e+01
1.064528183853274790e+01
1.176162247825576657e+01
1.076962345500417939e+01
1.050992798908365877e+01
1.051558798227583758e+01
1.176680612327170472e+01
1.069309627315110056e+01
1.157697554440913201e+01
1.069518893773202706e+01
1.072447058117410812e+01
1.055589805091172906e+01
1.066929656195056175e+01
1.140586081673002816e+01
1.120615875871733458e+01
1.088839906129724255e+01
1.076061900447081499e+01
1.075579273959784565e+01
1.065084103143548688e+01
1.176967357931718006e+01
1.118723503721151502e+01
1.147803495698583909e+01
1.107565039023656617e+01
1.124529988052216822e+01
1.147556053283615718e+01
1.093798227035444981e+01
1.094932228759989101e+01
1.173466497279821930e+01
1.077266076131233774e+01
1.081287784702342769e+01
1.079498254889181652e+01
1.131610102748983770e+01
1.069457540851185051e+01
1.115247928383372233e+01
1.079994766214117341e+01
1.076244198260451945e+01
1.053369829897220278e+01
1.158336747452858084e+01
1.064137134354565006e+01
1.150715285881434902e+01
1.081792062116826969e+01
1.051558602635121176e+01
1.152223779396449288e+01
1.112003495922048302e+01
1.066277455622116932e+01
1.101948914544330371e+01
1.057443797453270662e+01
1.170395357495777056e+01
1.151848479709576267e+01
1.109493652911400474e+01
1.058868430914238701e+01
1.129509777407730020e+01
1.116000980195424397e+01
1.106596201317784534e+01
1.068718944320305475e+01
1.083875058871570118e+01
1.156907415617862789e+01
1.053216098507248333e+01
1.056791225737945616e+01
1.166286095608372797e+01
1.053132426652486409e+01
1.079949317017989152e+01
1.165686573479379362e+01
1.052576188601487495e+01
1.112677310759209703e+01
1.110578163296792731e+01
1.060168637844626360e+01
1.071881147330605266e+01
1.151316764492420575e+01
1.089987411416549890e+01
1.059321442579886963e+01
1.063910341310128871e+01
1.168045649284761467e+01
1.067425049580784879e+01
1.054564234197249561e+01
1.153795473110157310e+01
1.094419334338736505e+01
1.070572587491901118e+01
1.056806134815206910e+01
1.169317164916220086e+01
1.089359125461830047e+01
1.158628424498546217e+01
1.067993030811553723e+01
1.140580289585711604e+01
1.139245601231606031e+01
1.081466353430386107e+01
1.070909612264616229e+01
1.122561370686076287e+01
1.112800191716232590e+01
1.081343383110092660e+01
1.084406919903324784e+01
1.158382237153636396e+01
1.101129767920189018e+01
1.056504532965636045e+01
1.067061256114770629e+01
1.122612441741171807e+01
1.080933402162810886e+01
1.057011393618042483e+01
1.053877693011201799e+01
1.062254348551463146e+01
1.093182737076276645e+01
1.157268539758528902e+01
1.063086187780676006e+01
1.132172749127505718e+01
1.070712116027279315e+01
1.090284549129872005e+01
1.092764657806825745e+01
1.114333938990807660e+01
1.108215332824641486e+01
1.053316893475245486e+01
1.139821688410375167e+01
1.092954788476351702e+01
1.114342741147284777e+01
1.091018264256932113e+01
1.058702490576803434e+01
1.168665816703728133e+01
1.064504091133655272e+01
1.072271866834585197e+01
1.146200430466126896e+01
1.058089064665012913e+01
1.134425764669458303e+01
1.110054249397599513e+01
1.064703107813620697e+01
1.094745296952362423e+01
1.173034089436614558e+01
1.165522665072984765e+01
1.163777238016342430e+01
1.055563950460577871e+01
1.155162933038504747e+01
1.066564579050692352e+01
1.060319169458804112e+01
1.144060142149315240e+01
1.087736318299587346e+01
1.060452450177478845e+01
1.139193108773296714e+01
1.087579237892532369e+01
1.087326240793627186e+01
1.057756947353121468e+01
1.068205922982657619e+01
1.165067052911369316e+01
1.058427178316144435e+01
1.051119435078944520e+01
1.123201119436582296e+01
1.137916013726368014e+01
1.052423643573735923e+01
1.138536822896225154e+01
1.066850917028167700e+01
1.066338316982759160e+01
1.164755967526628311e+01
1.058256187452667518e+01
1.132236886357125982e+01
1.104114724182197982e+01
1.059359049215535720e+01
1.145714901725785495e+01
1.079629526432619890e+01
1.142355060127464483e+01
1.074869718960770371e+01
1.160984511388999785e+01
1.144286889552486741e+01
1.105467037840771738e+01
1.051517704467218373e+01
1.131602980756073684e+01
1.137836678272674540e+01
1.079637929071381919e+01
1.071941374378807232e+01
1.162778057183288105e+01
1.159441995615418186e+01
1.133113039698925384e+01
1.108521639798134117e+01
1.088198290374040056e+01
1.149496797168564655e+01
1.077069333269866114e+01
1.163717703418548055e+01
1.158544074609719843e+01
1.050958504075086886e+01
1.135264672553441834e+01
1.144846805919999433e+01
1.161212033852605963e+01
1.138040620518434842e+01
1.134651813244174967e+01
1.080938672696746927e+01
1.120879493914768332e+01
1.068137478344397628e+01
1.084051003430706572e+01
1.087446161639543440e+01
1.100235739861539308e+01
1.140070594811421678e+01
1.066765971646811195e+01
1.147963144967650351e+01
1.063911224354529494e+01
1.150240050665335190e+01
1.077011137621101078e+01
1.140030314609100870e+01
1.083643494237511362e+01
1.145986816948724751e+01
1.089508684808220451e+01
1.099136147476439440e+01
1.067554888465425833e+01
1.055830848346488615e+01
1.149854658451098111e+01
1.136224042915104882e+01
1.086951926200557494e+01
1.056922803470830274e+01
1.131290322684688476e+01
1.076494193141660283e+01
1.079444152954485325e+01
1.137894853911297233e+01
1.101167917686959896e+01
1.083706702923708498e+01
1.134889038831420827e+01
1.098809821221393790e+01
1.060128193715687850e+01
1.060618835154573247e+01
1.136709113768671742e+01
1.059557009075672696e+01
1.144307696515441286e+01
1.062132932596749768e+01
1.073050428873759543e+01
1.109932823908333432e+01
1.099297907014317666e+01
1.066276619403187986e+01
1.058051015323579236e+01
1.157212767797870256e+01
1.149791552586768439e+01
1.066064256872121518e+01
1.136588353031467591e+01
1.057397313565153674e+01
1.148229408047658850e+01
1.122729221895660423e+01
1.099893443516321945e+01
1.056470484414800382e+01
1.130279908355726448e+01
1.050180329414475366e+01
1.126763239707290687e+01
1.080774588727683749e+01
1.065822692847044983e+01
1.143533474355797530e+01
1.097830359986917514e+01
1.051137806208414993e+01
1.103860420698533851e+01
1.095951879922506222e+01
1.058685728825484773e+01
1.103412189578879676e+01
1.106892115667470655e+01
1.145526532091095540e+01
1.093823511660940007e+01
1.076642865525554527e+01
1.107184397311639046e+01
1.109287535586802065e+01
1.135428882297599351e+01
1.063937560257912018e+01
1.051615482905120480e+01
1.154997725051184432e+01
1.055410288578392120e+01
1.057502855885998372e+01
1.146434572271786401e+01
1.161227378896274764e+01
1.145700130794090654e+01
1.125758505341936377e+01
1.134398478300288815e+01
1.118589573497764889e+01
1.149820266945784653e+01
1.067197780191075296e+01
1.051273669079313855e+01
1.055485221995069800e+01
1.151789569377783451e+01
1.078429124143975137e+01
1.136808393065424028e+01
1.079773478528635877e+01
1.057471629784212830e+01
1.129413480031583994e+01
1.101413557236264751e+01
1.104149700028884595e+01
1.135142390999248185e+01
1.133687965621133209e+01
1.095823042942323688e+01
1.071721853644116251e+01
1.050198092960936513e+01
1.124878459299825373e+01
1.085939431499676466e+01
1.116773669489855259e+01
1.111889552407709481e+01
1.075332766665861151e+01
1.141350368632522816e+01
1.053958832177380067e+01
1.117989138395515702e+01
1.094338409492449316e+01
1.050814089721454714e+01
1.117085823994903038e+01
1.120349042787247740e+01
1.116554782068866913e+01
1.063425200171979235e+01
1.131343315845099262e+01
1.057831497673990206e+01
1.056457731164022817e+01
1.115980483975629411e+01
1.123066383185800632e+01
1.054638818444413850e+01
1.131322749708184183e+01
1.071377715425086485e+01
1.149271420946181443e+01
1.060824738875255591e+01
1.052822533431060315e+01
1.145940762504379506e+01
1.140242258461523583e+01
1.075918255266436496e+01
1.111727374267061030e+01
1.126285309236611809e+01
1.128423585635047743e+01
1.087207623298159653e+01
1.133624755117542726e+01
1.129243136258660840e+01
1.131321502962576275e+01
1.082065960378232283e+01
1.127258562766672156e+01
1.099556201012290302e+01
1.056252992620686015e+01
1.071435550278470750e+01
1.123993865015745897e+01
1.092165345848377278e+01
1.119344339726802140e+01
1.050269074579217943e+01
1.136528952406014348e+01
1.059950725847897601e+01
1.131334280408666615e+01
1.146959376085992233e+01
1.113521483843242343e+01
1.097185603053010716e+01
1.132980038201714734e+01
1.136580897877312424e+01
1.066604987680189609e+01
1.050338331070824971e+01
1.139757313328854060e+01
1.061842951126037704e+01
1.098816278279532632e+01
1.074176738167266620e+01
1.052347457768284045e+01
1.118633427919878720e+01
1.080505756711943022e+01
1.137390135081597897e+01
1.056272123724645517e+01
1.138541310322991684e+01
1.126043477192022557e+01
1.062044681762982634e+01
1.115183480893657730e+01
1.054255052190098674e+01
1.123230044479802636e+01
1.052715631758787573e+01
1.104190935331260626e+01
1.093423372232926560e+01
1.071462645471419783e+01
1.117410352018351105e+01
1.096595178115418889e+01
1.104865381446155936e+01
1.085733516775511909e+01
1.059373429232451258e+01
1.126770855082840761e+01
1.143006533862169682e+01
1.076735308889245601e+01
1.140354806166747004e+01
1.054856729921581326e+01
1.111971777590275146e+01
1.059294771190018913e+01
1.091908504422074877e+01
1.107557389835947781e+01
1.058763011345942218e+01
1.103915935307924023e+01
1.068221651335825229e+01
1.085131071871963826e+01
1.061833534690795311e+01
1.126647460130433309e+01
1.118290183224136314e+01
1.054414130899249713e+01
1.120170507514320768e+01
1.064652209291540075e+01
1.079042666529419492e+01
1.138596968650210073e+01
1.052175212015970196e+01
1.118097890328569655e+01
1.140633648288548763e+01
1.137178205496506678e+01
1.120191857773810362e+01
1.058439700093826197e+01
1.099075806791758403e+01
1.104653479328587196e+01
1.093538170126555720e+01
1.121305127333448404e+01
1.050184770982292548e+01
1.063283731433313051e+01
1.101068508373720078e+01
1.111047488996745969e+01
1.068060766976273079e+01
1.054340994034543932e+01
1.113327389424248359e+01
1.061549621854797998e+01
1.089848566706276500e+01
1.129037969252683382e+01
1.059356270708885006e+01
1.076942617054421625e+01
1.135698562813538892e+01
1.064660310774913476e+01
1.132319514186047371e+01
1.056843904677502799e+01
1.136511807819930731e+01
1.112378318519865950e+01
1.146847030330926565e+01
1.148269091044066315e+01
1.120059559032983465e+01
1.134743805575840803e+01
1.114897851246152882e+01
1.113725045443246309e+01
1.074515042789465546e+01
1.099933400736531475e+01
1.054932804697319781e+01
1.117326543302484509e+01
1.140602698157730543e+01
1.106332571199436465e+01
1.144585092979063567e+01
1.123611400555851070e+01
1.054141303686895803e+01
1.147404583909841236e+01
1.127268829290333585e+01
1.129598727638812683e+01
1.102767576402796834e+01
1.063793621558286517e+01
1.100263978532018427e+01
1.111988126126548693e+01
1.054003782446899429e+01
1.125640012296141634e+01
1.078892827854495984e+01
1.096256169888538601e+01
1.065499117926435169e+01
1.123487640113663311e+01
1.131304980203506538e+01
1.120670878621761979e+01
1.101385683881208877e+01
1.116664123432407330e+01
1.153312760968915995e+01
1.114206545974522200e+01
1.053989359034796180e+01
1.091729707626128487e+01
1.081746699484913243e+01
1.075542133608441553e+01
1.124449369583997438e+01
1.080669256711734327e+01
1.104574671961622201e+01
1.126060720246844227e+01
1.123022635811207159e+01
1.050357638768915791e+01
1.089284521442938214e+01
1.090542060352124487e+01
1.112641049474670929e+01
1.084129054923807445e+01
1.121080404561488386e+01
1.119364047539055562e+01
1.067941823947167634e+01
1.122844552270662000e+01
1.127931000621661894e+01
1.129721788511216474e+01
1.118858683387167297e+01
1.117635190283637137e+01
1.075751168393834512e+01
1.115098201915132847e+01
1.121137975067256676e+01
1.112348223752633913e+01
1.054621323617956641e+01
1.144501415633987484e+01
1.102785258031811821e+01
1.138728050692804672e+01
1.107995577554658340e+01
1.058303101260617218e+01
1.117460988602186056e+01
1.110149308788865063e+01
1.123541735498545258e+01
1.067962877008825018e+01
1.128144134391167341e+01
1.088779099906712844e+01
1.111415043390698187e+01
1.099066899114013474e+01
1.103280772515176977e+01
1.094694979051019956e+01
1.097146526651434328e+01
1.138017651300623534e+01
1.050390000130833990e+01
1.105396715805453134e+01
1.097618354033384946e+01
1.122085516061560284e+01
1.091521813364326654e+01
1.097653286608830925e+01
1.128935679727484143e+01
1.131416775792323826e+01
1.060202312538078218e+01
1.123079951001856536e+01
1.088274446278045460e+01
1.094562789087331289e+01
1.069393895983480114e+01
1.098395091985258887e+01
1.065177974368745240e+01
1.116130344331570434e+01
1.099677088633551669e+01
1.089466052787670414e+01
1.069992678246581974e+01
1.058495920099949217e+01
1.100451493609416076e+01
1.096392996540703280e+01
1.096394041489927496e+01
1.064110186739838504e+01
1.130154579060281250e+01
1.100783896109180660e+01
1.054172439276877249e+01
1.137434292590618590e+01
1.053867122648360244e+01
1.078220763183323783e+01
1.063250122683661658e+01
1.122007950706498747e+01
1.113409764288824100e+01
1.133598439525460755e+01
1.115180181427582085e+01
1.093558550215549907e+01
1.105662975762268019e+01
1.058801269999177741e+01
1.116464433567277403e+01
1.144973773038866582e+01
1.099728859295969130e+01
1.115962908084990168e+01
1.129645078318396401e+01
1.111821335534995114e+01
1.128607122931730622e+01
1.124220929815692216e+01
1.131900488283467787e+01
1.064275854712734137e+01
1.141023536718972586e+01
1.084725599087015979e+01
1.069429294560258015e+01
1.096295706200487707e+01
1.079922350389694685e+01
1.090555688802647083e+01
1.084844912458080302e+01
1.061362431708953302e+01
1.056535241062907637e+01
1.134428376295097252e+01
1.135964898565735837e+01
1.098136671368590633e+01
1.061327145934159155e+01
1.120896139928076884e+01
1.131232580089156770e+01
1.130443379006262283e+01
1.131210711503482003e+01
1.094147651441430824e+01
1.055331998078899147e+01
1.134101576944321188e+01
1.118346108646231052e+01
1.062472745320935275e+01
1.085323948820217588e+01
1.056129931066602978e+01
1.127314315004575640e+01
1.080510878553252141e+01
1.057946629519899417e+01
1.129235942325368391e+01
1.112900723884751919e+01
1.093269285849565975e+01
1.071506283905623924e+01
1.070859475806982708e+01
1.085107139048747804e+01
1.067473750767405605e+01
1.105444703275467511e+01
1.102287552434080276e+01
1.052337084630040920e+01
1.092834201905914426e+01
1.114226741451504843e+01
1.099974732535045341e+01
1.075278652634249710e+01
1.072079385340178703e+01
1.064536598641671183e+01
1.106689622982024801e+01
1.050049908427870093e+01
1.132584022252328992e+01
1.121313369965747953e+01
1.109753939272812318e+01
1.114410425857639453e+01
1.089042778474757256e+01
1.088511304917272149e+01
1.080325606398099225e+01
1.122406648063281054e+01
1.091812618444214067e+01
1.126286009259954746e+01
1.105602889640058173e+01
1.100347694141076005e+01
1.107211991706776821e+01
1.075159772814257231e+01
1.078047761563627915e+01
1.107939276403019591e+01
1.119777078878560239e+01
1.113633853518235917e+01
1.129490925140101787e+01
1.107839569866989926e+01
1.119879421622499116e+01
1.109205923907230407e+01
1.129126250858380942e+01
1.110149765546963962e+01
1.125022474107463744e+01
1.062614450131170862e+01
1.074289992587142706e+01
1.122653179278897184e+01
1.098731139346437402e+01
1.094436390305866880e+01
1.124839395580988111e+01
1.087117498331421039e+01
1.120109218301730003e+01
1.095515834427452084e+01
1.063772661328247615e+01
1.131631152247442529e+01
1.113671588742538532e+01
1.056178669981951046e+01
1.093054282383795517e+01
1.061073369706460312e+01
1.053895119219805210e+01
1.098946072181970912e+01
1.109528159724143492e+01
1.051715770190550536e+01
1.095353813158143375e+01
1.055916561477759075e+01
1.116844850513191645e+01
1.094638074962064067e+01
1.103587681454106040e+01
1.067360935834964408e+01
1.118717671133419067e+01
1.123053188188527685e+01
1.133975971484519008e+01
1.108242492210654895e+01
1.081583490429776617e+01
1.099300513209929164e+01
1.073215030356486821e+01
1.058243109576074836e+01
1.090143274020818964e+01
1.092146375405821779e+01
1.061391918612094543e+01
1.057959965754670328e+01
1.113125031418421429e+01
1.101807206623840862e+01
1.108767214134332235e+01
1.059286095367579961e+01
1.076301881071111310e+01
1.087710971745373634e+01
1.112771439094670356e+01
1.106364422119883351e+01
1.122507184989989426e+01
1.115793665114502886e+01
1.095526709141121557e+01
1.096595802175965240e+01
1.097536803107373338e+01
1.110520887972709936e+01
1.050530221756126714e+01
1.074633168732405331e+01
1.118925079131929934e+01
1.120205951249682741e+01
1.077483256207427331e+01
1.089336102070454437e+01
1.117060726269970239e+01
1.084468111214818897e+01
1.089072389791363449e+01
1.077359687395211196e+01
1.105545767397655332e+01
1.092395173358255711e+01
1.085645273771094033e+01
1.055141145704512695e+01
1.113058634368542243e+01
1.057064495554973860e+01
1.059322260461807552e+01
1.058708629401658108e+01
1.105388108671066405e+01
1.069646886036046851e+01
1.073566654198632442e+01
1.053121484631208027e+01
1.102228819115334346e+01
1.054469588760860610e+01
1.110747585274077487e+01
1.063757156058403730e+01
1.120527646394366705e+01
1.110411911806431107e+01
1.072483678936122509e+01
1.059624799146672025e+01
1.089740223542547781e+01
1.093499317340183907e+01
1.104398148871992014e+01
1.077247026513283501e+01
1.089929889602238688e+01
1.083321357239338134e+01
1.092243827625084052e+01
1.100901795564666230e+01
1.065696179295456503e+01
1.107888195375191920e+01
1.103871564485286250e+01
1.052121570632029623e+01
1.084268716182404191e+01
1.057279342656024212e+01
1.119702607100053982e+01
1.111871215625764542e+01
1.076845369923456452e+01
1.112644308001073234e+01
1.097576750333803730e+01
1.093084138788662152e+01
1.059098733701011419e+01
1.108566244751277452e+01
1.081418583932149069e+01
1.113923981934375362e+01
1.078593689771989439e+01
1.105143964913560239e+01
1.106186088949300839e+01
1.067418941121564480e+01
1.066384497958797795e+01
1.137810916700071395e+01
1.113350732264840204e+01
1.076788623763552799e+01
1.086303733628167123e+01
1.075556768447775191e+01
1.069437200190168014e+01
1.102576045934651994e+01
1.090710481644232388e+01
1.070154478686486677e+01
1.067046744859652918e+01
1.103143410828232973e+01
1.118030640133624587e+01
1.100908639618872087e+01
1.103673129744582404e+01
1.082694852531694885e+01
1.100059775312039001e+01
1.110285767075637509e+01
1.052171547986822908e+01
1.108523641946729832e+01
1.107076894582697690e+01
1.097712256164673583e+01
1.102018616294040321e+01
1.067344620628269425e+01
1.114162008804959036e+01
1.131734394566083601e+01
1.099700205856850843e+01
1.080116137412256094e+01
1.069518117695310622e+01
1.123522343522593303e+01
1.107103305279019523e+01
1.063057229062411402e+01
1.130738801318100251e+01
1.087485092520405416e+01
1.077758241855934429e+01
1.063690198361690165e+01
1.086125053224288273e+01
1.123859719039279881e+01
1.106117256686794370e+01
1.104799703564132862e+01
1.076461355071104009e+01
1.057319615488446551e+01
1.113843369995879051e+01
1.117585611818901370e+01
1.116622125177352487e+01
1.115564303871476426e+01
1.108321222037759490e+01
1.064855446442794751e+01
1.065384889286342585e+01
1.069968874556141714e+01
1.091381776163255957e+01
1.092571865427645683e+01
1.065736980327420547e+01
1.079708365290823657e+01
1.063492715961009516e+01
1.118384751805930399e+01
1.103751236419980586e+01
1.073703127601505791e+01
1.073646943087073957e+01
1.066044925072181471e+01
1.093615623049957186e+01
1.086506793749599353e+01
1.051277606508322293e+01
1.123918897816016482e+01
1.101834749376731715e+01
1.082753638995986911e+01
1.073676689970148956e+01
1.118106764649655638e+01
1.116313345719186678e+01
1.106877835612870697e+01
1.116813301458122076e+01
1.090148180971339897e+01
1.105445099177878809e+01
1.115002045456119717e+01
1.091490317043721348e+01
1.051101451502087869e+01
1.103883819348962270e+01
1.102891316862788962e+01
1.097144267220401304e+01
1.091494840197218608e+01
1.114638074647645283e+01
1.096782685662980228e+01
1.113463214881739738e+01
1.112750364041037088e+01
1.080494205244769645e+01
1.054435736770483878e+01
1.059934761658425018e+01
1.067283656311270867e+01
1.088273102519133317e+01
1.084828095563390171e+01
1.107145529014453622e+01
1.082952027484350133e+01
1.057397997512320664e+01
1.079382460387948939e+01
1.106592786355827052e+01
1.098857370106486719e+01
1.098496756924654782e+01
1.057303682194192973e+01
1.101155433727315724e+01
1.078529935448022314e+01
1.058233046990527093e+01
1.094702077768793380e+01
1.106466188374274928e+01
1.083522422249880890e+01
1.116892891582382141e+01
1.111011283323790977e+01
1.103637355096226891e+01
1.096393693176312922e+01
1.092175019887391940e+01
1.086093273510879875e+01
1.096277339563792985e+01
1.111815523853793941e+01
1.104808542879052702e+01
1.082678137307122412e+01
1.113040737229664501e+01
1.102100852675731169e+01
1.102684062781236740e+01
1.112412487444678888e+01
1.112070067955730224e+01
1.099140398267384100e+01
1.101328391135829143e+01
1.054872861659779559e+01
1.082831294457055726e+01
1.092904389737851112e+01
1.118015822636644963e+01
1.095069908546545356e+01
1.077194380155813391e+01
1.061426840147630379e+01
1.065923273680742867e+01
1.060604385269026295e+01
1.085833842274122496e+01
1.094502800990665925e+01
1.072706363645468741e+01
1.086535912304241158e+01
1.098823458981967605e+01
1.076174233996431795e+01
1.057936497996989722e+01
1.081016264422177642e+01
1.109380773644130791e+01
1.066315068819009149e+01
1.059807483478766166e+01
1.098043750472774782e+01
1.064822744465596749e+01
1.078679248538732871e+01
1.097782279879714551e+01
1.051940088720657229e+01
1.067163109030612844e+01
1.054750546064469496e+01
1.092365374407076395e+01
1.113277691063517238e+01
1.078045635862869567e+01
1.090308197292180559e+01
1.058398113880253710e+01
1.089681153591533658e+01
1.081653777780600834e+01
1.106978407275654419e+01
1.074074602641052856e+01
1.120484064405571090e+01
1.092457913495516486e+01
1.058821793218393736e+01
1.101005596210311843e+01
1.109182578088045190e+01
1.103335488902277106e+01
1.087838065839388868e+01
1.061989337642088493e+01
1.098784181181179775e+01
1.106635729231738807e+01
1.082885713397304528e+01
1.057376790139971945e+01
1.095408362516589129e+01
1.071969989668590451e+01
1.052279218549581330e+01
1.054718003678547511e+01
1.056021524186516736e+01
1.091640421035577013e+01
1.076823073917976892e+01
1.085185661583295236e+01
1.098418569142756418e+01
1.089992013101182877e+01
1.086145873979670995e+01
1.097291636902450840e+01
1.109741492171230348e+01
1.101736548486656986e+01
1.055587665981706635e+01
1.099681286809133240e+01
1.077284468400415562e+01
1.064357214145141839e+01
1.070039990918590611e+01
1.115799903889303124e+01
1.094795845718227412e+01
1.091002808516189937e+01
1.057664428837091997e+01
1.057546159858559420e+01
1.072487544679130878e+01
1.104566592901691990e+01
1.074664430966813278e+01
1.053228522464494077e+01
1.099332491525035316e+01
1.115370102255985607e+01
1.085727105144727567e+01
1.097395166082662854e+01
1.099718535910960071e+01
1.111098612894690696e+01
1.090569711281202103e+01
1.081919506519621876e+01
1.066804678883833724e+01
1.100460502420554931e+01
1.086621318966052385e+01
1.105263908269178152e+01
1.056942678581028439e+01
1.076594536864729257e+01
1.084587675982074906e+01
1.053640447200535490e+01
1.052437446340963412e+01
1.099659258012722240e+01
1.052440321365393849e+01
1.089687413774217895e+01
1.089105935879916132e+01
1.084623042840009433e+01
1.054155308252736489e+01
1.102706898964269300e+01
1.102369342327242130e+01
1.112430260076516397e+01
1.074198576545829908e+01
1.053003967248148065e+01
1.084211854278153631e+01
1.092397999376617435e+01
1.099172233271678678e+01
1.054217721047954548e+01
1.057730994157765281e+01
1.087391856834836368e+01
1.079079526628071406e+01
1.051895278793074517e+01
1.064761452008655773e+01
1.101929601217478805e+01
1.097720973077088935e+01
1.082380871475370832e+01
1.070997587081800617e+01
1.095724395176606869e+01
1.102204876963344127e+01
1.063994591135746504e+01
1.062181815392799145e+01
1.104808141131038290e+01
1.072606248614088464e+01
1.071931464691711788e+01
1.074611662884848506e+01
1.094970253006674987e+01
1.099854800380875375e+01
1.095726093021136371e+01
1.082050455190764815e+01
1.057359679873779612e+01
1.072742286186191230e+01
1.068292092418860761e+01
1.056971351839329820e+01
1.080986376728718845e+01
1.101740737016402605e+01
1.101558408935312627e+01
1.092365603707830601e+01
1.087096534279563542e+01
1.080078118552021671e+01
1.098033823588405689e+01
1.090830847720843977e+01
1.082291515194356535e+01
1.103584375728057410e+01
1.087246166533749481e+01
1.062595795227951179e+01
1.057365327006882261e+01
1.066758804957472329e+01
1.077756636926344669e+01
1.081061701955353627e+01
1.089480758212213019e+01
1.061046495484703023e+01
1.084811363109150761e+01
1.102596946125569666e+01
1.057090161194915190e+01
1.088961842420642689e+01
1.102086923189936130e+01
1.103695510745670916e+01
1.077459023037077124e+01
1.098284252218796730e+01
1.077308258604045932e+01
1.058900485949189552e+01
1.104274741241909474e+01
1.096287536450491196e+01
1.085400465582586982e+01
1.113832181476919736e+01
1.072154678793947369e+01
1.112671564622056941e+01
1.101854903536370678e+01
1.104060455891973902e+01
1.116649793525272827e+01
1.058635238538254875e+01
1.063763063480624815e+01
1.054605098158101839e+01
1.094841354336352879e+01
1.078132280088765071e+01
1.088006553781124452e+01
1.077210960893243019e+01
1.080712759618464069e+01
1.086303909392560563e+01
1.087711397145171155e+01
1.110155753708808390e+01
1.095988881568393936e+01
1.080539589849624171e+01
1.064424315664231990e+01
1.102433523908983837e+01
1.078443660457464048e+01
1.081448863703299956e+01
1.105901932722975012e+01
1.103475263731125011e+01
1.082248311788973538e+01
1.067873901869434405e+01
1.094253235550073455e+01
1.084223564516769933e+01
1.106011095884482209e+01
1.055047209072773207e+01
1.069321452967489350e+01
1.093340643049569039e+01
1.096346296481013560e+01
1.078469666210408739e+01
1.104464552069112315e+01
1.100112754680730198e+01
1.093756349351837187e+01
1.102554893884869003e+01
1.091029300705118033e+01
1.098319253253507810e+01
1.075059811956448286e+01
1.058867108549047842e+01
1.096985745506294307e+01
1.112827255276969396e+01
1.069294288156199002e+01
1.082121346197664380e+01
1.078203610492390219e+01
1.073457992772400438e+01
1.066454232690804815e+01
1.085490908244827857e+01
1.108510573627935436e+01
1.086897953053517796e+01
1.078934189187239312e+01
1.051959666422644979e+01
1.082691987521488919e+01
1.081134026097097589e+01
1.061436500970112462e+01
1.088753607317247685e+01
1.080638228026063707e+01
1.076896039821007101e+01
1.086911994259003933e+01
1.106269631606687120e+01
1.096413751488185540e+01
1.067428035625959382e+01
1.095860718661781696e+01
1.093510113267874750e+01
1.093484049551396176e+01
1.084659841307414219e+01
1.073733775105039179e+01
1.102355863066799024e+01
1.096507859971303311e+01
1.083043541688265421e+01
1.088111633143754808e+01
1.100308753034306619e+01
1.077318419536887006e+01
1.071856763460522721e+01
1.083983566529645159e+01
1.096152338090040779e+01
1.094751374593415605e+01
1.074447199766960814e+01
1.077727845115474281e+01
1.105459688492316239e+01
1.067568960380717868e+01
1.072424320755792060e+01
1.092881509936782969e+01
1.102071644494035496e+01
1.074237115393841258e+01
1.068567035033615653e+01
1.074201015257489367e+01
1.061663068829508916e+01
1.092533127898116696e+01
1.059632108300380615e+01
1.107079454672682317e+01
1.079146935974902455e+01
1.077668274336486043e+01
1.065251955195167533e+01
1.105945843374070137e+01
1.096271122478650284e+01
1.058417492331896703e+01
1.065179975508433152e+01
1.076401124174154766e+01
1.088681033476365378e+01
1.061001825496786921e+01
1.084535441220700491e+01
1.076447132228929959e+01
1.074689700146178595e+01
1.092034843041257375e+01
1.085456599854598636e+01
1.067971858330352397e+01
1.087376941109571682e+01
1.074207401710531329e+01
1.102851229929615151e+01
1.087300052482891211e+01
1.092800692373868188e+01
1.080967102657986878e+01
1.074922745678935243e+01
1.079949622204741466e+01
1.066154777623157912e+01
1.053097326962283020e+01
1.085735920893039363e+01
1.090260888083672342e+01
1.089465317385719523e+01
1.081029563293291851e+01
1.087105939159352985e+01
1.079114177730196644e+01
1.053132803914398608e+01
1.107981549119399745e+01
1.078025011164316105e+01
1.069314955754867746e+01
1.073311145798711763e+01
1.063130114140140137e+01
1.079373595825815535e+01
1.059849035258689121e+01
1.097465362690377333e+01
1.077947527929209492e+01
1.090325424284820599e+01
1.099985059341430649e+01
1.100851908140684543e+01
1.081048412923535196e+01
1.068660935723137229e+01
1.078982272984961632e+01
1.058080649540397289e+01
1.097228539690592442e+01
1.076347994325866964e+01
1.097414767250004353e+01
1.083933662544815313e+01
1.056304223978014178e+01
1.061828748506729170e+01
1.060712246348400711e+01
1.092778212128822446e+01
1.077153171832966017e+01
1.101927393433149405e+01
1.065283480130655569e+01
1.063714598881104934e+01
1.083888718458467260e+01
1.090146652636364522e+01
1.089213487629113608e+01
1.058810539750774282e+01
1.096509110595339287e+01
1.093482112765314973e+01
1.080263134309315198e+01
1.063705579680213198e+01
1.066394784619727965e+01
1.091673439641667898e+01
1.095546745599092908e+01
1.080622705365961700e+01
1.050221094030439417e+01
1.059677397617566363e+01
1.091342587990911284e+01
1.090215374519656599e+01
1.073458583417006729e+01
1.093828980666649819e+01
1.092931407113072773e+01
1.096462952608191088e+01
1.082463228258976784e+01
1.070186333499270326e+01
1.084019799090949299e+01
1.105410755363670994e+01
1.086274810698114379e+01
1.086158925972694966e+01
1.084362922666621110e+01
1.103883643466288333e+01
1.096578325090076689e+01
1.065380621203689770e+01
1.074830822031555044e+01
1.104162517451699088e+01
1.069916742432428514e+01
1.081992649602830703e+01
1.079892413090108327e+01
1.072221942547712992e+01
1.093644947734736839e+01
1.074790171850264997e+01
1.100555678554521677e+01
1.060018548504798730e+01
1.109244494822679705e+01
1.078149142866892518e+01
1.090687051580842493e+01
1.098067686393910769e+01
1.075074154950806893e+01
1.086590336985065797e+01
1.078637958119617757e+01
1.084850001693897248e+01
1.093668764105727575e+01
1.108601022721357232e+01
1.058748924999637175e+01
1.082839956578242813e+01
1.076919171061310188e+01
1.055986564795992422e+01
1.062796633977550265e+01
1.062904765213371405e+01
1.052268444255362567e+01
1.066969452390838669e+01
1.059232037069502042e+01
1.070772854149824482e+01
1.083855816655666437e+01
1.075940685844500067e+01
1.068430112874669291e+01
1.066078120038236676e+01
1.066262401217370837e+01
1.083397723177276717e+01
1.109518428488679298e+01
1.059751803238808066e+01
1.094329936137890691e+01
1.062794066926320724e+01
1.099922547829577901e+01
1.094761429774504435e+01
1.101665713504378807e+01
1.076627494057229484e+01
1.071314343093196442e+01
1.084543495507812239e+01
1.063012477641387399e+01
1.077918969032850427e+01
1.076167686405655743e+01
1.072819197401487301e+01
1.099411522123151563e+01
1.086698285467082492e+01
1.087240318422757035e+01
1.094642572010585191e+01
1.058842472135920154e+01
1.092697050227041089e+01
1.094499453759729235e+01
1.096274266059901947e+01
1.073011060670321548e+01
1.098125694685252185e+01
1.066017173102588522e+01
1.097473721584193562e+01
1.076284174730284704e+01
1.081501998869599213e+01
1.069567758742849684e+01
1.079878251872627715e+01
1.065152809314997029e+01
1.080156451722142208e+01
1.083829867998240104e+01
1.068339034049394876e+01
1.086529705480989172e+01
1.087029951637417646e+01
1.095293408095262677e+01
1.079360295589100716e+01
1.092698794794349304e+01
1.089696842995408232e+01
1.084242920978919322e+01
1.070276801078266260e+01
1.088484818833049239e+01
1.081393990663784699e+01
1.062653705412176919e+01
1.067642358055991103e+01
1.064983711401687572e+01
1.087279863827460069e+01
1.076677870205537779e+01
1.079916547831787454e+01
1.071839723386295873e+01
1.081590152049214559e+01
1.091063968437729059e+01
1.080401582055603171e+01
1.063792440969120889e+01
1.073945835265655546e+01
1.094102144063679383e+01
1.068404109837887539e+01
1.073274623258374305e+01
1.071322657454984117e+01
1.082702014230431686e+01
1.079602462986803424e+01
1.092868441144205249e+01
1.101400522927300152e+01
1.088806900490552643e+01
1.089104123240146826e+01
1.072606007674683681e+01
1.079547258705916768e+01
1.076106490862253118e+01
1.075407600021706322e+01
1.084975317557296393e+01
1.059954756280998112e+01
1.106382027037220794e+01
1.086027875422625577e+01
1.066133388660906789e+01
1.071635212061307030e+01
1.080561161025515027e+01
1.080461744245584121e+01
1.082908146111311609e+01
1.070316567507730277e+01
1.069941727548678756e+01
1.075549113916192212e+01
1.072201519004483394e+01
1.088322458367041534e+01
1.092188222240787177e+01
1.061625544632782692e+01
1.051471280471272252e+01
1.072918703693327735e+01
1.080882254719640123e+01
1.083634990926089436e+01
1.065054583378375774e+01
1.066351953825706644e+01
1.084656920484088261e+01
1.068961737850334970e+01
1.063732779444426413e+01
1.061448651856387038e+01
1.070191428101743192e+01
1.078458086624244316e+01
1.071699225364218933e+01
1.061807126909493526e+01
1.068344084232491653e+01
1.099123000089738333e+01
1.081802786135506445e+01
1.061149815237064864e+01
1.076804703903084892e+01
1.094159607565882908e+01
1.066940500842154727e+01
1.073063305266133582e+01
1.084343435747430284e+01
1.061222525438105180e+01
1.080710060706108777e+01
1.080161311221638343e+01
1.083770285557305257e+01
1.098017922431153970e+01
1.064872435986358035e+01
1.055015249564963753e+01
1.066781816857360354e+01
1.075291224875573981e+01
1.090688084358398946e+01
1.082448824690179912e+01
1.069934810032389905e+01
1.090794012119879852e+01
1.062610507486132505e+01
1.053499270790740283e+01
1.078191006358886384e+01
1.069993957645383276e+01
1.084586761727945969e+01
1.064001200697630978e+01
1.086614862573459028e+01
1.077016362098533087e+01
1.058340763167161036e+01
1.094924446970194687e+01
1.057837930111507241e+01
1.054781066472053652e+01
1.082386257787287320e+01
1.077476795350689009e+01
1.056189395755516180e+01
1.078226585087684697e+01
1.062721976560268722e+01
1.078320368900356740e+01
1.058217780951462750e+01
1.067146172892300093e+01
1.102098103788965666e+01
1.064381388460786049e+01
1.067363246660339193e+01
1.068302602177350913e+01
1.069150252058793171e+01
1.082789196704067436e+01
1.069511520473230526e+01
1.086406872850175986e+01
1.066064677033088870e+01
1.082609394018053273e+01
1.081853640410184170e+01
1.054927556195982952e+01
1.085346414900381973e+01
1.066674093348665586e+01
1.062533858112051810e+01
1.069949028176271710e+01
1.059940728759449513e+01
1.081876612465454812e+01
1.093455361385349178e+01
1.079189609015863383e+01
1.072832502055915960e+01
1.053904756246997287e+01
1.076397039569535252e+01
1.088819757427853041e+01
1.070041268924375899e+01
1.071497139537087051e+01
1.076139265080768226e+01
1.084951389386187337e+01
1.077870119644445523e+01
1.070380523929667227e+01
1.059506870682391444e+01
1.078287615161490898e+01
1.068591487249995176e+01
1.065064043351880230e+01
1.067421520353589237e+01
1.088977876434410774e+01
1.067141664581262184e+01
1.073808600301701155e+01
1.058600991329678465e+01
1.069549925522286138e+01
1.058576037038965545e+01
1.091657982290148077e+01
1.087096189107615807e+01
1.063217385170632490e+01
1.068591487249995176e+01
1.060380194155293943e+01
1.054927375201864592e+01
1.080182666325214669e+01
1.073208852710077288e+01
1.072217202223982291e+01
1.075345775675815752e+01
1.060044618340418765e+01
1.070771346156692694e+01
1.056769199480591581e+01
1.079938634130334130e+01
1.057958277850054074e+01
1.061831373253629351e+01
1.068994348392910076e+01
1.074972513575787225e+01
1.064430133036637116e+01
1.081853250948575251e+01
1.072469300184467222e+01
1.057618350744662195e+01
1.069379105616147818e+01
1.091097428061690700e+01
1.050396027533904864e+01
1.078743516367216060e+01
1.069478389856368672e+01
1.089455265644150828e+01
1.060125945714908546e+01
1.079853688021517755e+01
1.093959072789814968e+01
1.084965349088128050e+01
1.056750980355583813e+01
1.086443417491978458e+01
1.065701122637407927e+01
1.060640897681378902e+01
1.084820002952996987e+01
1.079359573754306467e+01
1.075116587021278214e+01
1.077185382727478036e+01
1.085354410020637772e+01
1.092175557270824626e+01
1.077469795004409470e+01
1.071686307201411914e+01
1.091034739065839787e+01
1.072243935741341403e+01
1.057108582872332470e+01
1.065260516264443780e+01
1.086237419715048880e+01
1.059200061872724596e+01
1.075374042695943011e+01
1.080231611858726914e+01
1.088930501149858543e+01
1.082655298688364098e+01
1.058666137591547418e+01
1.069324051580400337e+01
1.085755505040316571e+01
1.057993878733824999e+01
1.076300000115120348e+01
1.061006074268374100e+01
1.071678185246173953e+01
1.056869527895130112e+01
1.088608004793163175e+01
1.060109403273841622e+01
1.073219663014687342e+01
1.075436278323849670e+01
1.079911966317325245e+01
1.094027835250501113e+01
1.076157696653532270e+01
1.085123216135043656e+01
1.075341251244751639e+01
1.062163739766777049e+01
1.078868951627539019e+01
1.054852378763948728e+01
1.060214012389676341e+01
1.060772721589314571e+01
1.079313764272527187e+01
1.071332831075351599e+01
1.060448146894580290e+01
1.073427859240980986e+01
1.093223147968876141e+01
1.055493798004613915e+01
1.083599277531898686e+01
1.071729844512623409e+01
1.092871009887945100e+01
1.059060900876285416e+01
1.086443505092059070e+01
1.069243422189824599e+01
1.075138639870583468e+01
1.090951512830018011e+01
1.082856324221823030e+01
1.082187870668770380e+01
1.056225246325403333e+01
1.057525365701604514e+01
1.085281321199482463e+01
1.054386467020696649e+01
1.077141018757707869e+01
1.069659909500034622e+01
1.081413174607893346e+01
1.089891876953693561e+01
1.058740305217072297e+01
1.054338242124729064e+01
1.081395073060549450e+01
1.082247346936698307e+01
1.068586465755969428e+01
1.067036748439263505e+01
1.065684171693349214e+01
1.056238068019342080e+01
1.074523688620116957e+01
1.069648691501849846e+01
1.080417485854079729e+01
1.059323896179441959e+01
1.059964105445535942e+01
1.051624467473079072e+01
1.063999144497281257e+01
1.066583542575955512e+01
1.083180688523286328e+01
1.058011078181606202e+01
1.056047989850919677e+01
1.086640595183570923e+01
1.068734619706808253e+01
1.074263446079121742e+01
1.070200978870864894e+01
1.052277294764500581e+01
1.063714303199297539e+01
1.098672083827727519e+01
1.066852429945050496e+01
1.095063875322053981e+01
1.050570259232402925e+01
1.083601989788533260e+01
1.065440478305193039e+01
1.072218053089419065e+01
1.079369987637083739e+01
1.078321425061411531e+01
1.059495141667103546e+01
1.060816679484688763e+01
1.069176855250440283e+01
1.060157086221971312e+01
1.075086445176902217e+01
1.080406313540942165e+01
1.065465619267182085e+01
1.061451611172812726e+01
1.068167778069288865e+01
1.052218000412684873e+01
1.067671655435522560e+01
1.063753758926734605e+01
1.066676441009574461e+01
1.089723168946058252e+01
1.056122184108289552e+01
1.050409887387198005e+01
1.066487671178799346e+01
1.080256569018646928e+01
1.068027179830775530e+01
1.062679452152106840e+01
1.061765397691755730e+01
1.081131749227918348e+01
1.076532509553746841e+01
1.081363475656899098e+01
1.085073882144418889e+01
1.062489932482940347e+01
1.052455651615450272e+01
1.065850569330700992e+01
1.059585796204477326e+01
1.065836070160623805e+01
1.057245896398885421e+01
1.071739800306875168e+01
1.063794654547480611e+01
1.077184623822981102e+01
1.065804521264318439e+01
1.064826347211799806e+01
1.069059496109516516e+01
1.065899661629404171e+01
1.076196865519583667e+01
1.055128356310828330e+01
1.051323057959788265e+01
1.065399255415522717e+01
1.084272952500931098e+01
1.064319469490914472e+01
1.054110883483152072e+01
1.068895131069532667e+01
1.065265081478107057e+01
1.060605338156794808e+01
1.083872363615676448e+01
1.062327676608714455e+01
1.067064951603179424e+01
1.079339460675542739e+01
1.067278617483968794e+01
1.067174168588054073e+01
1.056607389388734042e+01
1.065222406544931388e+01
1.061150128904472112e+01
1.052994128224954551e+01
1.060584210904897873e+01
1.054822815611485431e+01
1.060103941278656059e+01
1.070805765621374306e+01
1.078499969056609054e+01
1.067401968669909884e+01
1.073849242703299467e+01
1.073877564476547342e+01
1.053852282710682253e+01
1.058808553541988928e+01
1.067543790085763256e+01
1.057602016144246981e+01
1.067618176208768155e+01
1.090318614430040789e+01
1.050181944582602789e+01
1.069122196732284458e+01
1.055851406581648355e+01
1.054548352554028234e+01
1.050251743185888387e+01
1.065236826513889667e+01
1.071880167338600209e+01
1.073854393490576342e+01
1.061186185554140060e+01
1.079358336295317500e+01
1.082640193757510438e+01
1.064582850856487184e+01
1.074073088577813273e+01
1.072803130494652457e+01
1.058417826367317360e+01
1.056889600394959849e+01
1.063804245416830518e+01
1.056564184497866599e+01
1.067442691416086298e+01
1.072765817959949963e+01
1.068449207230302633e+01
1.058464565986285777e+01
1.062874931602786077e+01
1.067415139868832874e+01
1.056694886889695972e+01
1.069296368359681182e+01
1.076376168972337588e+01
1.062466964038741679e+01
1.056230340328250605e+01
1.082049582859499814e+01
1.050794784869443177e+01
1.072271988234908591e+01
1.075115791090555817e+01
1.065446871455036160e+01
1.054915427921988957e+01
1.086313311750710753e+01
1.073126796794136872e+01
1.072490322969392906e+01
1.070759657434191858e+01
1.078516374274316192e+01
1.052861082781237556e+01
1.057599293113436545e+01
1.079398535674919835e+01
1.067284745710580829e+01
1.075488167251669225e+01
1.076994371511861992e+01
1.060633280233940035e+01
1.066150584539157720e+01
1.050378746739789904e+01
1.065834380622051825e+01
1.051596335668764937e+01
1.065566179498417654e+01
1.063185670537515648e+01
1.067488933282417207e+01
1.064304741638109064e+01
1.054306307221037464e+01
1.066280103542508151e+01
1.066370315052822804e+01
1.067862615979393759e+01
1.064288549819200647e+01
1.067225469932419912e+01
1.065384747023678358e+01
1.066484758475381689e+01
1.077434991923186480e+01
1.073265250512531566e+01
1.077791290217057174e+01
1.070401188108853852e+01
1.077366381622640468e+01
1.070896707658819302e+01
1.055641824306572474e+01
1.055083473577497521e+01
1.083151970840244616e+01
1.081054363739037782e+01
1.051214564766681647e+01
1.074754528707260626e+01
1.051538647575215712e+01
1.057345473231540822e+01
1.073359715859250585e+01
1.070417915088618699e+01
1.074289297252415132e+01
1.083026107220473833e+01
1.078028520180748906e+01
1.054085978366956589e+01
1.080058640005305826e+01
1.071340149645274487e+01
1.071895844557658783e+01
1.078011929604693897e+01
1.067408351089878416e+01
1.073098100113195486e+01
1.064393616121529362e+01
1.065258518832554557e+01
1.074872005930888719e+01
1.065520396024394678e+01
1.075966115469345219e+01
1.065889538247636281e+01
1.075083600526510708e+01
1.068334249123637569e+01
1.073361846959156907e+01
1.052682290073502180e+01
1.065956421322487913e+01
1.060705275202259479e+01
1.086730844017706232e+01
1.073451258856067625e+01
1.078981024728346050e+01
1.079285367031438270e+01
1.056733968940351076e+01
1.057430301744043888e+01
1.057605760032855891e+01
1.063367118099785102e+01
1.070526862838956994e+01
1.050219278599363548e+01
1.069759969534137589e+01
1.072650679075943714e+01
1.070164419896024555e+01
1.077060636073844258e+01
1.074579902162871647e+01
1.067264996105834740e+01
1.065274638340257418e+01
1.086036453485161424e+01
1.067532147273835541e+01
1.058172622466589985e+01
1.055283914772195786e+01
1.050102123831261025e+01
1.074712429843596162e+01
1.070317710413009671e+01
1.077560496647897992e+01
1.052121763705430801e+01
1.071604032973457343e+01
1.076541203113554701e+01
1.060214973881151579e+01
1.071561603331912593e+01
1.070405497189373101e+01
1.082648702877381552e+01
1.059681940175357440e+01
1.057537127554464895e+01
1.064511349383612959e+01
1.055576255618107595e+01
1.063089337564779946e+01
1.060701313825198788e+01
1.059687942112340586e+01
1.061496754677069987e+01
1.055024821828146919e+01
1.058345280401960053e+01
1.053531056828325241e+01
1.071230241388770388e+01
1.061330582092431385e+01
1.064614285834426610e+01
1.055219960479314523e+01
1.070384581476770158e+01
1.054622417251104061e+01
1.060091890330365416e+01
1.061500644162359919e+01
1.063328204357396345e+01
1.080560258260891793e+01
1.067702012046898830e+01
1.068560820655162047e+01
1.058527418190139002e+01
1.058858016198233543e+01
1.065499969250546108e+01
1.069194060400670487e+01
1.075616494978454263e+01
1.053378271232036845e+01
1.075061178160013853e+01
1.057911327820994529e+01
1.075366808090703863e+01
1.060102013351628081e+01
1.055444820509922010e+01
1.074370575962321084e+01
1.071081017129835544e+01
1.070107163037804199e+01
1.068461667074150157e+01
1.071574188537948125e+01
1.063162019088536425e+01
1.060089961868283659e+01
1.052533178072301823e+01
1.064792758023964225e+01
1.060366782464870639e+01
1.080590941735409949e+01
1.067934982857850201e+01
1.071389858462240596e+01
1.061169101569254991e+01
1.052632897355821662e+01
1.053379396619389397e+01
1.067815021764127081e+01
1.061579137271291806e+01
1.078837965951837674e+01
1.061027311893584546e+01
1.065714396257286367e+01
1.062618089178164915e+01
1.071753562584842712e+01
1.055310833630044520e+01
1.050742598934904137e+01
1.053020045468583987e+01
1.062773676130862910e+01
1.053577758779847606e+01
1.065916669221537028e+01
1.068656450014025339e+01
1.053516101590914289e+01
1.060031102601356778e+01
1.055013623876734741e+01
1.068470280833521002e+01
1.075677710923123875e+01
1.056430639919593162e+01
1.069100261809830599e+01
1.066576899363431430e+01
1.066190402501230317e+01
1.060189166479152156e+01
1.064682148317566224e+01
1.079362357908120629e+01
1.064347016121682543e+01
1.076177230022328679e+01
1.060095746997651034e+01
1.063576740898518125e+01
1.050400848854139824e+01
1.069588167500602438e+01
1.076016150492622891e+01
1.068818695956445453e+01
1.065040389553355560e+01
1.057032607698885229e+01
1.054268652609871637e+01
1.050986457396412632e+01
1.067742858784674631e+01
1.068914153267453138e+01
1.057370802313571900e+01
1.058026248510372191e+01
1.072029117086434269e+01
1.062612327212933749e+01
1.062800257791577430e+01
1.051546082884916444e+01
1.064689665989864764e+01
1.050133059152181225e+01
1.075388056314988994e+01
1.070717778448333313e+01
1.080281915659484859e+01
1.058884296156723792e+01
1.063339091790441771e+01
1.061533302093742925e+01
1.052271907712873222e+01
1.054212937400400918e+01
1.064587342960913041e+01
1.074857481624553124e+01
1.065237540249375137e+01
1.069574089067153544e+01
1.057225301276712415e+01
1.057600144078905480e+01
1.050094841728696338e+01
1.069295068244181302e+01
1.058157671211367123e+01
1.057411503262266805e+01
1.068592940732016672e+01
1.057546159858559420e+01
1.072038028082512007e+01
1.069145816608745925e+01
1.073240207055432194e+01
1.058543075404672074e+01
1.061327458323418504e+01
1.064767945894394252e+01
1.074305518829391026e+01
1.053432444290577052e+01
1.059506870682391444e+01
1.061406420694513386e+01
1.063280297065443669e+01
1.069787487453909058e+01
1.052634423840677336e+01
1.064091870393659001e+01
1.055389699494892319e+01
1.064781652020802838e+01
1.054203368524282247e+01
1.058379896934727071e+01
1.054951983480077793e+01
1.051564665591886794e+01
1.059643150910389053e+01
1.057247783796505836e+01
1.050918029098627748e+01
1.062323249884316390e+01
1.072070116930990125e+01
1.063547513910406472e+01
1.058401622689273580e+01
1.052077720742775391e+01
1.069869936751632089e+01
1.055020306872545532e+01
1.068444832181905113e+01
1.063331187487229634e+01
1.050388392682059546e+01
1.056298787899093661e+01
1.060721275487937731e+01
1.073494243464343434e+01
1.050075619204507760e+01
1.063467447009652389e+01
1.065301300849730382e+01
1.062698676525494612e+01
1.060182591957149967e+01
1.050347985992838140e+01
1.062309203495770227e+01
1.070794588567262551e+01
1.063605651808322250e+01
1.058781233955688172e+01
1.072668486659986264e+01
1.069305728042520798e+01
1.058702324650574411e+01
1.080433786235640881e+01
1.066628910684845977e+01
1.056382883239490411e+01
1.069775530873894631e+01
1.051713821283343719e+01
1.054499027682969903e+01
1.078388438743674449e+01
1.061023537074728829e+01
1.064753225025865113e+01
1.066508054634820901e+01
1.054813017244223872e+01
1.052058389553909024e+01
1.052224549869519876e+01
1.060481127838445836e+01
1.051680091337173018e+01
1.057083272579471434e+01
1.067008801031495402e+01
1.065376779570638632e+01
1.054958675967218618e+01
1.064553133303155263e+01
1.056537159598236109e+01
1.051393993032404950e+01
1.059207770868588305e+01
1.055153391171332267e+01
1.058943409236306188e+01
1.060192212871410966e+01
1.060228752920311734e+01
1.056769546437376661e+01
1.055763434166000359e+01
1.063744156900336435e+01
1.061502044291795777e+01
1.071740046100085841e+01
1.057326124184885785e+01
1.064278919388563338e+01
1.056127290213334291e+01
1.050104955430313147e+01
1.053310130987408222e+01
1.051765632460682021e+01
1.061658263821129644e+01
1.062822296147891521e+01
1.062096733079324196e+01
1.057186315438333857e+01
1.054974950685988766e+01
1.064780786498672427e+01
1.060281905443274120e+01
1.061725021299051086e+01
1.052657314677389877e+01
1.062088906335892879e+01
1.059949274800411345e+01
1.058928060779540203e+01
1.062951282817397392e+01
1.065300730699961385e+01
1.051260476090500973e+01
1.070399286907990088e+01
1.069445493074844578e+01
1.070664018606660584e+01
1.051528079418550021e+01
1.065292034988416958e+01
1.065306716899250894e+01
1.058570378739134377e+01
1.059942825113837728e+01
1.059976997543276944e+01
1.053245458498649256e+01
1.060139271448415776e+01
1.063824158149615506e+01
1.055225173764048208e+01
1.053616763106156817e+01
1.066084839980719146e+01
1.074797388603667869e+01
1.053585413108679880e+01
1.059204818648871438e+01
1.063417609237419015e+01
1.066543529532492407e+01
1.052061289780841946e+01
1.059863415523041219e+01
1.064801265897197702e+01
1.063756860666198456e+01
1.052547710837763084e+01
1.052672377894829658e+01
1.052492422151899909e+01
1.055660336660731957e+01
1.054133193715772698e+01
1.067162016575811023e+01
1.056007932211724842e+01
1.053801045965603045e+01
1.050234001574415110e+01
1.057108755000692035e+01
1.054308143196475633e+01
1.060575153221146394e+01
1.053375082476162206e+01
1.059021223264327816e+01
1.055258056961837632e+01
1.069720076178465007e+01
1.055498799894889927e+01
1.051698616804836739e+01
1.058775436681919757e+01
1.053221181464802036e+01
1.052205476642520843e+01
1.061168788038847843e+01
1.060603591179914673e+01
1.070388892205236786e+01
1.065128631412917493e+01
1.066580082696235188e+01
1.060876062633092154e+01
1.051936404800133573e+01
1.052443771143498452e+01
1.054221400418329146e+01
1.065678802514826451e+01
1.060482242698375543e+01
1.066080220131961021e+01
1.055434982601126848e+01
1.052881577858848594e+01
1.069467642861372525e+01
1.051560558520108302e+01
1.061809289553680991e+01
1.053153359733857641e+01
1.059914273748368174e+01
1.065639502530708782e+01
1.063784618755189548e+01
1.064590530624135312e+01
1.059123389538338422e+01
1.065281483754678504e+01
1.052801060091562668e+01
1.052902632170315478e+01
1.065277205497110558e+01
1.056726328994064446e+01
1.067646544606154890e+01
1.063617951640693349e+01
1.056218921904313568e+01
1.061600562215691745e+01
1.060763703140385594e+01
1.057008633300998923e+01
1.051448932253128454e+01
1.065511176795224735e+01
1.059580430559611486e+01
1.055500407522999673e+01
1.058224995243073963e+01
1.051616459578635521e+01
1.072253167133403551e+01
1.056809427990934758e+01
1.057152797433812097e+01
1.060025308853882464e+01
1.057256704929591429e+01
1.052072502169711044e+01
1.050128410151516434e+01
1.062151021046799748e+01
1.074239900009645154e+01
1.055476286850611345e+01
1.055699827035930838e+01
1.061548378660231329e+01
1.071096860714476406e+01
1.054622964057350742e+01
1.056209257815577729e+01
1.051369444137855957e+01
1.057816767189023288e+01
1.060562596464998464e+01
1.050972185607998988e+01
1.050515799224216273e+01
1.063679990441527679e+01
1.052998669589566383e+01
1.051691792551887517e+01
1.059095445198180485e+01
1.065231116207694484e+01
1.054740549602244748e+01
1.063209757822317947e+01
1.071383167820941473e+01
1.051790736694860406e+01
1.052981826310533364e+01
1.050682766936310131e+01
1.059869877012605421e+01
1.054386833544860558e+01
1.059695078471383844e+01
1.056148940471156195e+01
1.052251122823484764e+01
1.050695338495363806e+01
1.067247281924825053e+01
1.059072089665127159e+01
1.051343701996094993e+01
1.053606129036203676e+01
1.054738186465838545e+01
1.059794864564784689e+01
1.056150700180401181e+01
1.050424345128545234e+01
1.050249122722226502e+01
1.063795835076474461e+01
1.058025068785943468e+01
1.054623875385795984e+01
1.060325403660659305e+01
1.051753951126456066e+01
1.051959472627263104e+01
1.070863488854238810e+01
1.053880288847167357e+01
1.058068360529557239e+01
1.052461015924769150e+01
1.058945554287461199e+01
1.052271522897900624e+01
1.054969888093666164e+01
1.052350722873171840e+01
1.058995355680196226e+01
1.065211409885860228e+01
1.050667596401463655e+01
1.060498325349833593e+01
1.051526317809055833e+01
1.052502566871379486e+01
1.051580894503999986e+01
1.050933906134550533e+01
1.064202383728117063e+01
1.051141953452679978e+01
1.051530623839454215e+01
1.051297878616456494e+01
1.052779005613970931e+01
1.051895861036608792e+01
1.067926664787873392e+01
1.054277472226984003e+01
1.051726487617162675e+01
1.054819912622016176e+01
1.060272144344575018e+01
1.055031503101152879e+01
1.055617603930591919e+01
1.064771697474722956e+01
1.065839026694975367e+01
1.059301645139361625e+01
1.050284183522458115e+01
1.052433420986985979e+01
1.055361216762188903e+01
1.057313619773367286e+01
1.056372205151113697e+01
1.061787349167618011e+01
1.050952554237898795e+01
1.055916030718703347e+01
1.050126590841865060e+01
1.056272123724645517e+01
1.065665235316890325e+01
1.051062890171804654e+01
1.052655216852921960e+01
1.050117897532559574e+01
1.057381579806752470e+01
1.053171455887328456e+01
1.052409069225399385e+01
1.051527296489818575e+01
1.050869766979216813e+01
1.050781843824944595e+01
1.063524652711531360e+01
1.054236114783433642e+01
1.055742478978246801e+01
1.054740004274486864e+01
1.051047456047691320e+01
1.050546641585962959e+01
1.056314217573490133e+01
1.055024099466792187e+01
1.053338113335725446e+01
1.051636378925508630e+01
1.055250332546341063e+01
1.055690935939762909e+01
1.053911426782564753e+01
1.059577666180793187e+01
1.053912538438889612e+01
1.053515727643987532e+01
1.051145705380075590e+01
1.060403814203914052e+01
1.056927816312846957e+01
1.078007249065331585e+01
1.050000874063555045e+01
