1.395594271602041321e+11
1.489391663855204010e+10
3.542872365907624817e+10
1.581930060396963501e+10
1.009673384533141708e+10
6.667604653215304565e+10
4.873847463604456329e+10
1.772902625307883072e+10
1.255872693558796310e+10
2.202493225650733566e+10
2.094476246842338562e+10
6.831942174374113464e+10
8.931293943311509705e+10
1.459931199707955742e+10
4.752392564698361206e+10
1.634312254722871780e+10
2.762930816575896835e+10
9.991571235744863510e+09
3.017469354198861313e+10
9.169247155032356262e+09
1.098830607410519600e+10
9.183372588318092346e+09
7.676568363752148438e+10
2.926558643796644211e+10
2.285032812421355438e+10
3.343625322100151443e+10
9.626893681555227661e+10
4.825933711965221405e+10
1.787287444903229904e+10
1.493288742905775452e+11
4.341368471669929504e+10
9.434213409379568100e+09
1.506645020434130554e+11
1.845634527308655167e+10
1.453878244867460938e+11
5.186737807733090210e+10
2.094609630628565216e+10
1.689745700609480476e+10
2.678024116391338348e+10
7.845814964484243774e+10
1.265751141252986908e+10
2.018806614170161057e+10
2.663497125126702881e+10
2.811792009613599014e+10
3.246044329139705276e+10
3.542779008925037384e+10
7.611240087295111084e+10
9.543899066347097397e+09
3.633671392214974976e+10
1.318152183198305969e+11
2.828897689167607117e+10
1.920565600148171234e+10
2.064847586888770676e+10
1.997363000795264053e+10
3.147645683551805496e+10
7.704788323226004601e+09
1.737364936148469162e+10
1.606593162460233688e+10
1.335781064841678810e+10
9.169992176559600830e+10
2.999164152293714905e+10
2.134077963845153046e+10
8.562150458773004532e+09
2.353212714426870728e+10
2.141824312137157440e+10
2.759559531462170029e+10
7.678406007712397575e+09
3.180244276844176865e+10
2.033953529945734863e+11
4.426534002675225830e+10
1.021506428654514885e+10
3.812100661878867340e+10
1.677685165760867500e+10
1.866047355483964157e+10
1.893122705670080185e+10
8.371805647297460938e+10
4.599949937506935120e+10
1.359597801965425873e+10
4.626115226708980560e+10
3.691829779965825653e+10
1.783825262821207047e+10
1.064417502459347076e+11
2.624954272393197632e+10
1.406621162047298622e+10
7.014348183968858337e+10
1.917556735056330872e+10
1.225703939547377777e+10
1.220887490631421280e+10
3.869731357082769012e+10
1.454472188803086853e+10
1.326981056888950729e+10
1.963348342986965942e+10
2.182268558387629318e+10
3.387241732299518967e+10
3.068054968155295181e+10
2.483686512265125275e+10
3.013893375388782883e+10
1.490831414215590477e+10
3.365229848876873016e+10
1.344757544740775681e+10
8.737116025814103699e+10
5.851860034290489960e+10
1.821124918771461105e+10
8.101608325838561058e+09
1.743387962356317902e+10
1.912523033081824112e+10
4.608604614856379700e+10
3.223555215419058990e+10
2.142111230630632401e+10
3.830368075084302425e+09
3.480764283403146362e+10
1.697078751489301872e+10
6.671280683067449951e+10
4.017732499538864136e+09
5.732042005353000641e+10
3.694603397912082672e+10
2.176253220845678711e+10
1.039792768271455002e+10
4.359979080709109497e+10
2.257184833091045761e+10
7.995706182931155396e+10
1.931451928286094284e+10
2.849296622409983444e+10
7.394273848117159843e+09
1.163022180528995323e+10
2.156563094878173828e+10
1.375486539057338333e+10
6.738536692733935356e+09
4.922312583974996948e+10
1.212673951896255112e+10
1.399676158268065453e+10
2.775104018799454880e+10
9.865685652794635773e+09
1.848485887396673965e+10
1.498264908315309525e+10
3.290388661982050323e+10
2.289130959419097137e+10
1.822072937405195618e+10
6.426956092902714539e+10
2.980708170301139069e+10
2.104097002905722427e+10
3.036566345173501205e+10
2.080636901337026978e+10
1.152955116196086121e+10
4.074184241817580414e+10
2.216047919805213547e+10
1.257216456298627014e+11
2.640766740067086792e+10
1.082249782036759377e+10
3.238589842329370880e+10
8.155621493863347054e+09
1.461936254476176643e+10
4.513082834310276794e+10
1.388450628086742592e+10
4.917008231796792603e+10
3.577678119917810059e+10
3.985860008434509277e+10
9.067809027834918213e+10
3.740530471781076050e+10
4.748136642195208549e+09
1.406605718020644379e+10
7.537077617024975586e+10
3.901908873328331757e+10
1.694993114133678246e+10
1.770774353064555359e+10
6.418733444948165131e+10
7.658132012048150635e+10
2.467410894493055344e+10
1.820549148361641693e+10
5.608700718003001404e+10
7.015364850443363953e+10
1.853403953770813370e+10
3.518867638262879181e+10
1.693400819570062447e+10
2.299080330022423553e+10
2.469324270365192795e+10
3.596330247530138397e+10
1.747769244157902145e+10
9.402218983091726303e+09
2.207558009415603638e+10
1.783981954939069748e+10
7.208696652932575226e+09
2.943425153078320694e+10
2.554296952294232941e+10
1.121984453568833008e+11
1.828670696809836197e+10
2.634256810745811462e+10
4.319857656691672516e+10
4.259459340218281555e+10
1.747416187970357132e+10
2.460798695812601089e+10
9.307314443265726089e+09
3.207885882093412018e+10
1.762538339355364609e+10
1.241570120752365112e+10
4.147372618072526550e+10
1.355070287059958458e+10
4.420288261503762817e+10
1.188290326398069000e+10
5.023979947856320953e+10
1.515884002793131447e+10
1.898764017539238739e+10
2.087194453430649567e+10
3.866333807037742615e+10
1.404254029354817772e+10
1.523435721916802979e+10
6.033112448074239349e+10
1.158012037067033958e+10
4.629875421877893829e+10
2.524192648514367676e+10
2.346695256953647614e+10
2.675567104614355469e+10
1.353824075310733604e+10
2.719949092819610977e+10
6.019257505686144257e+10
8.489863714531842232e+09
8.670146347952260971e+09
1.469574154613781166e+10
1.882468949133098221e+10
1.854531664520329285e+10
1.531788426523798370e+10
2.259843128849435043e+10
5.954144552587436676e+10
5.341931639994672394e+10
7.605075249957561493e+09
8.622471191334463120e+09
1.529966396933662033e+10
3.812636446973347473e+10
1.594397719192372131e+10
3.111737055038726044e+10
1.165000579410274696e+10
1.512605401667842674e+10
1.673461195674672699e+10
1.385538916649316597e+10
2.843802184862766647e+10
2.462782655935123825e+10
9.507210131945416260e+10
5.800136639613939667e+10
2.169630247815252304e+10
3.290164681648325348e+10
2.548990727396332169e+10
2.880563309219537735e+10
1.850033059328238678e+10
3.115866994133517838e+10
1.826503553785399628e+10
3.116168064730514526e+10
7.178083890871279716e+09
4.286002515223037720e+10
1.103705877825052452e+10
4.024399090465720367e+10
3.275350907950743484e+10
2.394102616197494507e+10
3.958141031160682678e+10
8.501448933424231529e+09
1.356645305131682205e+10
1.054682727881744385e+10
7.055610275484725952e+10
3.089574568776043415e+09
1.351026512745145226e+10
4.076009750428809357e+10
1.742660730619602203e+10
1.177078831957984924e+10
4.244110047050167847e+10
3.124081580925293446e+09
5.674059063622848511e+10
3.516287720161997223e+10
5.742360102907045364e+09
3.258027246293961334e+10
1.115009080487604141e+10
1.357625776415390015e+10
6.930415574111981392e+09
2.005841620329456711e+10
1.290340777147900009e+10
9.358385755882138062e+10
1.546313957888037872e+10
2.313757790150722122e+10
7.802946767135015488e+09
5.074985423485528564e+10
1.108342328665077782e+10
2.756119732483317566e+10
5.540602278951553345e+10
4.171256672407655334e+10
1.340491371420116234e+10
4.081724220019781494e+10
3.381897958621678925e+10
2.683687345469020462e+10
5.275693403820751953e+10
2.834406898626082611e+10
1.045730247594580841e+10
1.211247460835224342e+10
2.997557619869601440e+10
1.300004954073297691e+10
1.222891816202451324e+10
2.230807545574359894e+10
4.077352557984441376e+10
6.286507846802613831e+10
6.917507008957305908e+09
5.111850096053136444e+10
2.170511827246129608e+10
1.452675134668363571e+10
2.846638715729620743e+10
1.307434052716895103e+10
6.234528569029347229e+10
6.201281162077816010e+10
1.081684315698040771e+10
3.886260411030449677e+10
4.689353949171641541e+10
3.670715041164094543e+10
4.489764761836454773e+10
1.742320184301553345e+10
3.391498998188402176e+10
1.918837243798944473e+10
1.618832119629444504e+10
1.738299889068586731e+10
1.107782689805161285e+10
1.252482436790119553e+10
3.102594140502241516e+10
1.484262436102922630e+10
1.766626330704309082e+10
2.414635607312303543e+10
2.297505710068725586e+10
6.385681487611601257e+10
3.211402888785867691e+10
1.440322229102603912e+10
3.015985470531716919e+10
8.600743189692207336e+10
6.488684788670046806e+09
2.567055582475172043e+10
8.849436688363088989e+10
3.890546792169716644e+10
2.749826579455064392e+10
2.739724840040399933e+10
3.371613260924752808e+10
8.779870717733448029e+09
2.749748081519670486e+10
2.546713615448609924e+10
1.904932406377172470e+10
3.892349849310737610e+10
1.900891667374979401e+10
2.427378818781046295e+10
3.485429922348796082e+10
2.172929667870555878e+10
3.517932778686987305e+10
1.352783965553671455e+10
1.878018043069769287e+10
2.559957108714677811e+10
1.063097706345508003e+10
2.957796198702126312e+10
2.499948711974088287e+10
2.115131679555840683e+10
2.059666934978770828e+10
2.284350501573038101e+10
3.678558295168341064e+10
1.151545769634745598e+10
3.397022049280364609e+10
3.096964871943667603e+10
3.632179581005294800e+10
1.721592820276018143e+10
1.927820546462100601e+10
2.761226469180134583e+10
3.116120165189702988e+10
9.194531114306688309e+09
5.838780325254460907e+10
2.614903541280764771e+10
2.621049066319830704e+10
3.485904484812978363e+10
2.060141889624913025e+10
1.803871341037537003e+10
1.901292432712988663e+10
1.053099776431250763e+10
1.072236541180053253e+11
1.122418163341969490e+10
7.961069451233016014e+09
5.501974458351428223e+10
2.115656590360860443e+10
1.057421467682445335e+10
2.171598807118963623e+10
3.987707238074769592e+10
2.844582885938856888e+10
2.357769651498671722e+10
2.202899528340786743e+10
2.237209473979607773e+10
2.336324345085941315e+10
1.618338075082908058e+10
2.914328975202183914e+10
1.873158057309160233e+10
1.596654063784941673e+10
3.958575642332870483e+10
1.600824770511569595e+10
1.418034079692188263e+10
1.443694581707805443e+10
2.406087498569365692e+10
2.070541350118388748e+10
1.511064985141525841e+10
2.849903598280970383e+10
1.639700748931995010e+10
1.622262595541578102e+10
1.339308563628052139e+10
2.350986593608154297e+10
2.334247467839579391e+10
2.749349588105940247e+10
4.971467054592824554e+10
3.379403620380908966e+10
2.622056490624732208e+10
2.215400802303247452e+10
1.880915302803923416e+10
7.146110210113240051e+10
1.182579102323933220e+10
1.479082664246419525e+10
4.229410420080894470e+10
1.383258899105874252e+10
2.630170266358266830e+10
2.711564313992588806e+10
8.078105712263535500e+09
1.332414993500119400e+10
8.961981069587528229e+09
6.305130231376531601e+09
1.365450122531771660e+10
2.519286399513580322e+10
2.253005346299616241e+10
1.973090211905321884e+10
2.606218700249534225e+10
1.368803462036548996e+10
4.569274609017449188e+10
2.755556934594903946e+10
7.208965762757402420e+09
1.001775875343961525e+10
4.143085305301351166e+10
1.260337200949542809e+10
1.232876273194431686e+10
1.815670417906423950e+10
2.002043998071369171e+10
4.775711110063785553e+10
3.747773914700859833e+10
1.342043550160876656e+10
1.204264419595525360e+10
1.559401250366276169e+10
3.067495832191378784e+10
1.586961138229963875e+10
1.006068086000938988e+10
2.126896670007352829e+10
1.988256470512843704e+10
1.235366787659453011e+10
1.582190615798466682e+10
7.337468106050249100e+09
3.126545371480893326e+10
4.696062369034693909e+10
3.530461951195137787e+10
2.781021397854702759e+10
1.889214876803067398e+10
1.598780186001716805e+10
1.064127707824220848e+10
1.061942769750523758e+10
2.049758652155147552e+10
4.239052460256015015e+10
2.065006291121457672e+10
3.434872384438321304e+10
1.145374640264707756e+10
1.974572565845642471e+10
1.566254622434086800e+10
9.806073236560409546e+09
1.007571492247855186e+10
3.997860366881401825e+10
2.207596790656546021e+10
8.210715936095039368e+10
1.811986130290620422e+10
2.836561262543630981e+10
2.407155015781622696e+10
1.507038779369581795e+10
3.468807554121499634e+10
8.814449583643470764e+09
1.638070467496490097e+10
2.963296137434402847e+10
8.694932299233507156e+09
2.219622631557888794e+10
3.856277595387693787e+10
1.416182528507316017e+10
9.743097576474332809e+09
4.893526284224940491e+10
1.222430020116596603e+10
1.552080183671737862e+10
9.972282103637042999e+09
2.347262171511310577e+10
9.161961217866796494e+09
1.875924234189602280e+10
5.693454602831896210e+10
1.868363983610718155e+10
1.849602482567641068e+10
1.623698859147650146e+10
2.530736213055937195e+10
2.064648090301045609e+10
4.792793551180705261e+10
4.373201842418730927e+10
4.569665941807033539e+10
4.076734811574459839e+10
1.559058856504204178e+10
1.452898448538043976e+10
1.383249786573745918e+10
1.933047318144364929e+10
1.263818098291358757e+10
1.451425211153634071e+10
2.880677170034572983e+10
8.375722309227790833e+09
3.156366820649648285e+10
1.954315354490488815e+10
1.376716413045924568e+10
1.327499839464247894e+10
3.899467681731037903e+10
2.224389744448361206e+10
1.938513858844917297e+10
7.165123092261748314e+09
2.443701593341492844e+10
1.852089835741904831e+10
3.138445504156302261e+10
2.205053215834545517e+10
4.472023862346028137e+10
1.941986268655971909e+10
2.928332889255471802e+10
4.405181571909753418e+10
1.854845265543164062e+10
1.421657033313098145e+10
2.541730103881287003e+10
3.149713040108041763e+10
6.048805454786512756e+10
1.217196029559057808e+10
1.193955719220643997e+10
1.224138461966928291e+10
2.621584392177712250e+10
1.342355970137523079e+10
2.289467775769439697e+10
1.507872961558025551e+10
1.980647951545718384e+10
1.569256621096678543e+10
1.320571351169927788e+10
1.093299638252348137e+10
1.284990953502451706e+10
1.817110317286507797e+10
1.067847265854683495e+10
1.694847959894368744e+10
1.106404265030108643e+10
1.122494572767979813e+10
2.430712556340630341e+10
1.564212972045787239e+10
1.678624863148427010e+10
2.192475522276494217e+10
2.136084624466130829e+10
1.118312047477585983e+10
3.221396947769650650e+10
2.503151243803661346e+10
9.514039374787206650e+09
1.536646539389546394e+10
1.137476768203714943e+10
8.056033323019147873e+09
3.603998734598848820e+09
2.830830287988119125e+10
1.527099920449997902e+10
1.786090801937700272e+10
1.822397056917253876e+10
2.698899271091406631e+10
1.860879151093504333e+10
1.868261417154594040e+10
1.939054549627884674e+10
1.625993099300029945e+10
8.795675131325126648e+09
9.437321432623680115e+09
2.819594984878741837e+10
1.353898399458492088e+10
2.761747972723023224e+10
8.861473660260913849e+09
1.183028441799590302e+10
1.880010977450211334e+10
3.203577697372822952e+10
1.030873862268775940e+10
8.632682780484199524e+09
1.519089649191334724e+10
1.227503209742865753e+10
1.533488026680389786e+10
1.718563548634446335e+10
1.864609622641236496e+10
2.966173694061207199e+10
8.148997832156209946e+09
1.705611784428660393e+10
1.617734052899305534e+10
3.674077843636503601e+10
4.184357296904086304e+10
1.735492727643589401e+10
8.091367502533987999e+09
2.102531263096958160e+10
2.492362531173344803e+10
1.272741316947686005e+10
1.407643933879497528e+10
2.882164099234163284e+10
3.187165511983823776e+10
1.700241888794795418e+10
2.169492086750329590e+10
1.340656223537026787e+10
1.510265517210913658e+10
2.282319826513125610e+10
1.046079348933703423e+10
1.900678795149761963e+10
9.359146145337293625e+09
3.457453680232605743e+10
2.279595044244263077e+10
1.458963342895344543e+10
4.367443725522173309e+10
2.163668752137996292e+10
5.241133251418372345e+10
2.034342143138281250e+10
9.539729414421819687e+09
2.616086683361518860e+10
2.199979685837521362e+10
1.315590103463421631e+10
1.177006460719455719e+10
3.132200895382093430e+10
1.248558351604150963e+10
2.272877167416730881e+10
1.592050168162187576e+10
9.949752346713596344e+09
2.074924489141825485e+10
1.262597582983506012e+10
1.249276891436086845e+10
2.268170498180661011e+10
3.259293813259466934e+10
9.609532396520721436e+09
9.393881501760143280e+09
1.999548444407218170e+10
2.034243866122195435e+10
2.589850917472542572e+10
1.299739493892284203e+10
1.972639658302614212e+10
2.349577634447674942e+10
4.532170783349640656e+10
2.243018931617355347e+10
8.081139624123532295e+09
2.199694677001406479e+10
2.398628122065771484e+10
3.316372165374718857e+10
1.015994251255794334e+10
1.334107221068643761e+10
9.329925947334367752e+09
4.343132487059342957e+10
7.020851229386376381e+09
1.541574221640747070e+10
1.337844741457099724e+10
2.898405577796678543e+10
2.681967096460564804e+10
2.826066424694744110e+10
2.664901211082648087e+10
2.069677650577895737e+10
1.200944912037307549e+10
2.986709777436546326e+10
1.345871277246261215e+10
2.614392543495946503e+10
2.066167470182595062e+10
8.119917569914119720e+09
8.707026789327774048e+09
1.261084673153562355e+10
5.234450734048498535e+10
1.615089672190222931e+10
8.021188100584472656e+09
1.262256604330486679e+10
2.618086605552823257e+10
1.603667635751523972e+10
9.987337586763053894e+09
1.421710105580335808e+10
2.369260468557099152e+10
2.671134912134719086e+10
1.020977184154082680e+10
1.820177393388743973e+10
1.039162768996442032e+10
2.620956978269183350e+10
1.795418308059183884e+10
1.331783155058959579e+10
1.234230663120316505e+10
1.245127686299136543e+10
1.065233557846897316e+10
3.778804563404830170e+10
2.355492667211189651e+10
1.848209887828340530e+10
1.718846608566508484e+10
3.065812303347386169e+10
2.077171991173899078e+10
1.061786541437653160e+10
1.687261466694620895e+10
3.266372740239678574e+10
1.543399907368876076e+10
2.306113652018845749e+10
1.181120575783546066e+10
1.816336379062622070e+10
1.897946966130577850e+10
2.329695065965237427e+10
7.910116302096348763e+09
1.317391135853575897e+10
9.312916163108310699e+09
2.681201586958577347e+10
1.452199909427099609e+10
1.254439460539587593e+10
9.863086288938514709e+09
1.429906926101049423e+10
2.060920147230893326e+10
1.460335197315491104e+10
1.425298632743519402e+10
1.973107542944987869e+10
1.168957211394382858e+10
1.585313667590524673e+10
2.103099228656070328e+10
8.321786324234427452e+09
1.292595361387347412e+10
2.031886641507799911e+10
2.634736976914456940e+10
1.743617677527959442e+10
1.915553444259939575e+10
2.163773281841784668e+10
1.722636547265668488e+10
3.657511428575934601e+10
7.497641309292277336e+09
2.228711901233582306e+10
1.531280595175600052e+10
9.171724082095678329e+09
1.312522756821824455e+10
2.650096218893758774e+10
2.277653621087361908e+10
7.076200173660871506e+09
2.901971977503199387e+10
8.526445353834742546e+09
4.649089802721509552e+10
9.351914671289152145e+09
2.000787045016474152e+10
3.454956722597367096e+10
1.974347106925531769e+10
4.129778343923775196e+09
1.304531810800304031e+10
1.184663606758716393e+10
1.225919281919084549e+10
1.330692769034299850e+10
9.571708327712047577e+09
6.353134538593370438e+09
1.370078505301683807e+10
1.458918490926110077e+10
1.382642419815314293e+10
1.149724020843100357e+10
5.177304383564759254e+09
2.865371763509940720e+10
2.125519322512895203e+10
1.002407421506314087e+10
1.711175237843246078e+10
1.885211617557061386e+10
9.797635808788002014e+09
2.565894615026127243e+10
1.093258825508354568e+10
1.584408809746640968e+10
6.575695068146507263e+09
2.592092602802140808e+10
1.177562282557557487e+10
2.582230069501242828e+10
1.751119147078109741e+10
2.703876235557941055e+10
9.936891708696201324e+09
1.167897548998830414e+10
1.341837274946825981e+10
2.085618392119017410e+10
2.512154518178937912e+10
1.812527350997708130e+10
1.671823045816807365e+10
7.124378157839880943e+09
2.387115433864826584e+10
1.913472409977560043e+10
8.280680434027295113e+09
1.293682937809655380e+10
1.267194515535350609e+10
1.859874184197814941e+10
1.414249541952066612e+10
1.833459545105700684e+10
1.481972904600786400e+10
1.718774895641281128e+10
1.876018982150603867e+10
6.627490959401450157e+09
8.228314061878604889e+09
2.331481169825364685e+10
1.161904110398306656e+10
1.152889291460006714e+10
1.348892146882631302e+10
3.669739840201918793e+10
2.096468688430076599e+10
2.678541669466699982e+10
2.212464389933498764e+10
2.280225862288434219e+10
8.918261232892553329e+09
2.489337788341833878e+10
1.166352115458335495e+10
1.466421474754066467e+10
2.427432122572580719e+10
2.426115861462436676e+10
1.100910113978240776e+10
1.139159032880555344e+10
1.473532627057489967e+10
3.816095746527691364e+09
2.546383687000574875e+10
4.029359838991122437e+10
8.068745030420145988e+09
2.179950424243400574e+10
2.955686053114965439e+10
8.783457504307073593e+09
7.882563544736609459e+09
1.577323592558530426e+10
9.707817024306478500e+09
1.177270120224353409e+10
1.078025448201983643e+10
8.569956747851347923e+09
9.395346216518606186e+09
5.943080487005897522e+09
1.166782478382418060e+10
1.030855752726397896e+10
2.259203066519598770e+10
1.693534693252023888e+10
1.117393985383258629e+10
1.774203412939085007e+10
1.712314168755741119e+10
2.386533653248936081e+10
4.684660671896960258e+09
1.985438005179072571e+10
1.434637226721306992e+10
8.584930845980029106e+09
2.448250963781546402e+10
1.355760806983440208e+10
2.742174530546974182e+10
3.673876149990483856e+10
1.495835522526883888e+10
6.323766121112746239e+09
4.345288419075329781e+09
1.217503447337806129e+10
1.839852069292010498e+10
1.781042355782600021e+10
2.539654661042695999e+10
1.201509399996267700e+10
1.733595888631846619e+10
1.158243463858555222e+10
1.007910068143228149e+10
2.172090033530990982e+10
1.078051488306250954e+10
1.854971535472417450e+10
1.425448872810904503e+10
1.843014189488808823e+10
1.572150443228437233e+10
3.446242914724342346e+10
1.240166826621217155e+10
1.262417379537519836e+10
2.386921491236304092e+10
1.530581341575384903e+10
1.678108885716053200e+10
1.292694710296344757e+10
1.411491380122923279e+10
1.848384412176465607e+10
9.880037795463176727e+09
1.297569323044429016e+10
1.332327220238632202e+10
8.776092678086856842e+09
1.363017579614891624e+10
1.732012969875274277e+10
1.839997520840122604e+10
1.158485112600852394e+10
1.472837104089910698e+10
1.849817758419925690e+10
1.148028675185007286e+10
1.073586542699704170e+10
1.690647602455196381e+10
1.411503778244889069e+10
1.939024743847000504e+10
1.063520330039620018e+10
7.434733596572427750e+09
1.064480613366302490e+10
1.197537252031867981e+10
5.578251718601693153e+09
6.066084275640029907e+09
1.474089281907547951e+10
1.613561809995141983e+10
2.028351471037623596e+10
2.240100021820502853e+10
1.568037226636212158e+10
1.042804224040810013e+10
1.789085877094826508e+10
8.571895314538103104e+09
1.082104823421825981e+10
1.353538708497185135e+10
9.465402113868200302e+09
9.745900728102346420e+09
1.217030323484867859e+10
1.183147948079532051e+10
1.238139624914926910e+10
2.391097357635463715e+10
1.707920500044021988e+10
1.903330963310470200e+10
9.798173693247894287e+09
2.083009514480677032e+10
8.535643481405993462e+09
1.270967834530442429e+10
2.292169124686658859e+10
1.710562859047080803e+10
1.184164238997054863e+10
1.389933194814900970e+10
1.262941427057090187e+10
1.087557664474490356e+10
1.675332704747421455e+10
2.601724272140913391e+10
1.944960858605299759e+10
1.435822244918389320e+10
8.667100656569242477e+09
1.437200743375581741e+10
1.068288198661739159e+10
2.179524423888046646e+10
7.143458710263618469e+09
1.764493968726690292e+10
1.307976787301695633e+10
9.088621158903862000e+09
6.351823284492404938e+09
1.361743126934755516e+10
1.275387977355499458e+10
1.246722743440971565e+10
2.198313631956064224e+10
1.252586954319833374e+10
2.454020989708709335e+10
9.151284308167329788e+09
1.343358562809162521e+10
1.706956906217941856e+10
1.865846579782704163e+10
2.111433129310759354e+10
1.264267766941053391e+10
2.641074099792222977e+10
3.028156271618332291e+10
9.706580684948972702e+09
3.088889415606420135e+10
9.545953132468780518e+09
1.467745549200337982e+10
1.669401819732136917e+10
5.107776973946780205e+09
1.219178231489171600e+10
6.507420207939607620e+09
1.142127167938135719e+10
1.349185422126105309e+10
1.149294902339184570e+10
3.051995259206071091e+10
1.089144576336745644e+10
2.528286636729229736e+10
1.144909432606849861e+10
1.046343549097057724e+10
1.496597773932157898e+10
1.537584894278455353e+10
5.936910801829429626e+09
1.314850746318743324e+10
7.836723454630250931e+09
6.718722751568255424e+09
8.134444705972084999e+09
2.819533069613681412e+10
1.128294636054910660e+10
2.429463869134147644e+10
1.317148156291656113e+10
1.096812831514032745e+10
1.160787115123143578e+10
2.035481609610491943e+10
1.347530289884893036e+10
1.557006071504141045e+10
1.254144748254664230e+10
1.777650823780074310e+10
8.011154482570931435e+09
3.040970445825521851e+10
1.943432451769763184e+10
1.124441067834626961e+10
1.374927868689796448e+10
1.286487342352188683e+10
7.159964194969743729e+09
6.977110696480970383e+09
1.282701748213574791e+10
1.364550894518964386e+10
1.015699796877536583e+10
5.535397378226961136e+09
9.827177029001773834e+09
1.796463397997956085e+10
1.953444371521179581e+10
1.874614730990027237e+10
1.301741772072749138e+10
6.592365108748512268e+09
5.970313849430445671e+09
1.661710275745567513e+10
8.908474729015148163e+09
6.536392677049063683e+09
8.679804453380046844e+09
1.526965790998710060e+10
1.135507707324430466e+10
8.649684658022371292e+09
2.133525057214061356e+10
1.821272889182264709e+10
1.781081466410785675e+10
1.016864728881696701e+10
5.985422901437215805e+09
1.972882251302842331e+10
1.251195935777431488e+10
9.674661025883939743e+09
2.583801237298298264e+10
7.275520855425112724e+09
1.390998812835407829e+10
1.205036850650500488e+10
1.608308658510412025e+10
6.295514921574706078e+09
2.956536422939002609e+10
1.990427579265902710e+10
4.717281026179920197e+09
1.553413377036517715e+10
1.798357940217271423e+10
9.150098753179517746e+09
2.392352592244338989e+10
7.196802546119216919e+09
6.357516647950457573e+09
1.962507809990403366e+10
2.183673089332348633e+10
1.413029578025711441e+10
1.577153881833087730e+10
9.066196287172073364e+09
1.198618543121211433e+10
3.197154349005370712e+10
1.129732583082444763e+10
9.059847665112819672e+09
1.161891353247671700e+10
1.349964836800390434e+10
1.160364059677602577e+10
1.049473068473714066e+10
3.133108929695050430e+10
1.903351861202290726e+10
1.995324532230270386e+10
1.212697918507174110e+10
7.248363797868317604e+09
6.821733193656892776e+09
3.600621006499944687e+09
1.579861038199755859e+10
6.699996876259981155e+09
9.309235821378135681e+09
8.921845780219633102e+09
2.234705386844329834e+10
1.582131552813085175e+10
6.563908429209475517e+09
1.220190638238748741e+10
1.453980411493314171e+10
2.481680262916683578e+10
1.198350102458179665e+10
1.768446689401408768e+10
2.211415227279162979e+10
