9.097638578841036328e-01
1.440253434776519237e+00
1.152845502734778815e+00
1.319622354569769174e+00
1.126294651064463137e+00
1.579757422104125508e+00
6.925513510079295276e-01
1.134154481284250338e+00
1.087598556529801641e+00
1.073766604747758313e+00
7.338703744682111285e-01
1.451435175830445790e+00
6.364475553617570114e-01
1.171026495309682947e+00
9.600803913844426773e-01
1.382905998078740151e+00
1.523053091205802678e+00
1.218301874402372365e+00
1.369772475881323004e+00
1.493139815845679230e+00
1.299732324833136499e+00
1.510576581297702115e+00
1.306188460571009902e+00
9.492248668495261166e-01
7.986823037976684692e-01
1.280614732406673673e+00
7.610283735277958428e-01
1.603079115518073028e+00
1.153316837487682101e+00
1.017018311824949173e+00
1.079167592565238643e+00
1.428981892471365533e+00
1.179768233839772140e+00
1.343571961263303249e+00
1.307214286790316482e+00
9.858894819417105548e-01
1.379342040141267045e+00
1.544552497684401393e+00
1.179926020881586712e+00
9.931328601130291478e-01
7.089296464163190592e-01
8.793549844552990269e-01
5.698364708525400779e-01
1.057473787234383567e+00
1.021192063361944236e+00
8.859753578737648017e-01
5.190952649603715052e-01
9.909677467452322475e-01
8.777067299246429366e-01
1.173026112192889769e+00
1.537047058424242607e+00
1.382438047298099493e+00
1.328957407578013061e+00
1.179551244630210771e+00
1.452929099038035021e+00
1.097508707508420223e+00
8.180743667792675922e-01
1.427957900029256155e+00
9.857692162973666905e-01
1.077394087919839816e+00
1.432216536788291528e+00
9.541658530556290652e-01
1.722562780219396350e+00
1.062613037886844136e+00
1.361682850682838009e+00
1.168608098007867691e+00
1.388651328249228101e+00
9.781215820031339270e-01
7.475838092706739157e-01
7.997676644269871016e-01
1.261861013011155164e+00
1.543131328536750502e+00
1.304589106728337278e+00
6.978632988371772372e-01
1.092504394968596415e+00
1.519617420348421399e+00
1.039827095290176917e+00
8.545624219582688141e-01
9.806026910026184318e-01
1.310690677684863914e+00
1.117142025263910154e+00
7.290756334599404198e-01
9.764901252437161450e-01
1.192935002620926888e+00
8.890062370351918819e-01
1.502142289143087117e+00
1.469266475968983743e+00
7.367926939874678283e-01
1.106985155491223338e+00
1.125656874814562336e+00
1.111461368914186787e+00
1.669282198213334123e+00
1.642484389752183693e+00
8.152701887193409824e-01
1.062676149818515547e+00
1.198789530372917023e+00
1.386661405249478340e+00
1.243139967939185020e+00
1.067922945082816044e+00
1.262009652874127807e+00
7.193113108603543804e-01
1.211197532165711355e+00
1.367798912312405468e+00
1.251287099911152279e+00
1.460850986213038993e+00
1.141876441830271816e+00
8.749344998040744503e-01
7.818263100578859426e-01
8.184695008506517322e-01
1.135663983408762956e+00
7.935202868505468743e-01
1.500732124342341489e+00
9.660889301802353391e-01
1.143999587538306884e+00
1.040549473919160528e+00
8.366075681201632364e-01
1.079167161791342755e+00
1.223350550169710171e+00
1.226102026112207533e+00
9.909963623039851344e-01
6.802448384323571684e-01
1.190104539410561602e+00
1.155395526056019584e+00
1.264919787384630068e+00
1.495025959364527646e+00
1.655640743922428104e+00
1.213695554059210036e+00
1.573777964534374796e+00
8.781354500330329493e-01
1.150802722081978757e+00
1.178625765688867455e+00
1.112723840545998266e+00
1.184261551716328187e+00
1.052518921814748820e+00
1.251584771434949506e+00
1.123760907304941936e+00
1.426549892028019295e+00
1.619814922284972925e+00
1.319546129423216474e+00
1.255696418425342742e+00
6.224823351572941199e-01
8.140339164837098185e-01
1.278707339787527042e+00
8.317927763405065233e-01
1.140142637882426424e+00
1.478535449418449721e+00
1.023708489533985189e+00
1.385000985989477407e+00
1.097512771459389969e+00
1.235913405165051104e+00
1.054046985940699788e+00
1.139201629845175257e+00
1.288660455721451381e+00
1.321686357613863771e+00
8.937778277429186957e-01
1.293057104755113595e+00
1.101648510464092290e+00
9.144644504409167318e-01
9.141852730456054843e-01
1.186465417385418997e+00
1.503881206520427005e+00
7.403285453757764145e-01
5.238399057532334702e-01
1.306315419298962555e+00
1.413079604626720664e+00
9.061614486575193528e-01
1.332720885286353241e+00
1.237679475936157125e+00
7.738599914290495985e-01
1.329560092130156246e+00
1.074807037382915720e+00
8.911539254586013925e-01
1.314303537388354037e+00
1.238975034856761193e+00
1.246554430503336919e+00
8.507079193928781535e-01
1.248879696822182028e+00
5.976813241827725331e-01
1.132863219594879123e+00
9.705163909309358905e-01
1.315529190876894683e+00
1.208747124519895522e+00
1.110528802336157028e+00
1.156966725055327938e+00
1.076244362076856920e+00
1.324974177477336257e+00
1.287898926270609090e+00
1.502742436771915990e+00
9.147573146130707489e-01
1.558264442524628146e+00
1.385774240678466995e+00
1.314857211016509764e+00
1.352175428112430078e+00
1.102509858969425771e+00
1.622433075088606680e+00
1.017754266692209919e+00
1.268808164270243344e+00
1.502390723115502258e+00
1.150187466219398491e+00
1.052654790758795755e+00
8.123340179684361839e-01
1.294474191780224936e+00
8.009818958607481942e-01
9.218289815003554155e-01
1.329206012292614147e+00
1.401432908136102107e+00
1.396426569428828923e+00
1.424380120484338264e+00
1.105779510557106438e+00
1.484400197605226790e+00
1.013370129992835711e+00
1.200457938021963100e+00
9.382862107242411209e-01
8.971922153321916227e-01
1.043696218240272033e+00
1.259497411864115568e+00
1.011205825958814142e+00
1.421002382224239469e+00
1.626800841023374966e+00
1.117683070397238687e+00
1.356137130912063782e+00
1.569427130092495126e+00
8.617102451533915630e-01
9.672828924069527545e-01
1.154810519011634007e+00
1.221047257920145679e+00
1.274809400189947484e+00
8.249168743488586308e-01
1.413620648170924143e+00
6.269347258210569152e-01
1.427490523207541884e+00
1.149164773671600415e+00
1.550281799653511872e+00
1.315670040799619578e+00
1.166032983946586610e+00
1.028350523063096489e+00
5.562779497651701988e-01
1.097231233100653958e+00
1.256032703444928345e+00
1.804219652706222199e+00
9.994934997793464282e-01
1.133713001594268466e+00
8.269633373822644629e-01
1.564443536465224938e+00
7.386438734041571585e-01
1.299939520116110803e+00
1.331715505883343198e+00
1.013684544740508731e+00
8.339062145630999900e-01
8.745513178545651911e-01
1.231314449058377614e+00
1.112624164441982089e+00
1.158353414160279149e+00
1.548010563338720669e+00
1.181624764987216913e+00
1.427927425206158452e+00
1.073863127898368353e+00
9.072757483186699723e-01
1.105986748703711164e+00
1.717768996074126253e+00
1.198662227225832488e+00
1.290187526377015725e+00
1.125502978676709009e+00
1.254729471127936646e+00
8.880684961267262256e-01
1.029826776586199699e+00
1.152070007171695387e+00
9.586003586850447844e-01
1.298613041374105270e+00
1.223379750482619821e+00
1.326863396467564016e+00
1.124056260207218383e+00
1.570007703593505832e+00
6.832710621056379274e-01
1.230652195478364685e+00
1.234950679644847948e+00
1.314022423558484309e+00
6.266132177960683780e-01
1.207107585001868433e+00
9.923765876527397278e-01
1.116842830506976192e+00
1.060492508665195510e+00
1.274048742959901892e+00
1.180746409490132987e+00
1.007785165581674747e+00
1.280192017809375082e+00
5.954313444986463200e-01
1.214863295429966961e+00
1.694671662047363858e+00
9.931352319290835950e-01
7.762468686085317593e-01
1.635865905090768457e+00
1.014020618476647817e+00
1.249382313501232744e+00
6.411659770217881249e-01
7.977283168486795084e-01
1.298894515003816474e+00
6.394386521692176917e-01
1.317672340533281972e+00
1.576885629441365566e+00
1.257154174747226572e+00
1.070103997538727203e+00
8.112055818558658871e-01
1.084260085102517035e+00
1.299102127436660092e+00
1.569804822449177850e+00
1.412538696948670847e+00
9.179926385794401344e-01
7.610778437320533385e-01
1.266375591936050427e+00
1.363046873208523913e+00
1.376405382345610384e+00
1.456975370292566296e+00
1.424521124385048410e+00
1.488686085792039204e+00
1.150649239360576059e+00
1.335936383170567066e+00
1.662125487126986600e+00
1.427877256173799125e+00
1.163741066179528660e+00
1.512287848342865670e+00
7.388206491446334123e-01
7.357390974265176631e-01
1.106566312142080566e+00
9.358700308837986093e-01
1.443224072308758155e+00
1.351039863556976028e+00
8.432776649561262161e-01
1.063378937988568529e+00
1.288711387859079238e+00
1.419275081782179537e+00
1.452755051065177438e+00
1.138333726624372488e+00
1.326517108473405315e+00
8.637578305462008110e-01
8.101581833556421586e-01
1.562119344237745677e+00
1.037441027635854773e+00
9.015040267065717039e-01
1.436008280848572571e+00
8.297674319576956448e-01
1.272349365063324633e+00
5.549348964273568274e-01
1.337673106972383286e+00
9.830097787982992052e-01
1.150507340010715307e+00
1.631431479357247305e+00
1.019047407098755853e+00
1.218338021617736189e+00
1.171193287716050691e+00
9.723185468277392163e-01
8.625873356619837562e-01
8.433504085864865774e-01
1.224426897332443476e+00
1.425294865151850443e+00
1.275157201618920766e+00
1.045239667510865722e+00
1.315063232368256507e+00
1.406751834844182758e+00
1.126075883990810489e+00
1.045968538713701212e+00
1.243355463246811565e+00
1.164724866963378069e+00
1.278111118164930282e+00
9.601337354039920502e-01
6.670654249969163452e-01
8.624708586534715060e-01
1.636154164798010680e+00
1.188513392951954017e+00
1.444819666976881134e+00
1.078641053829848762e+00
1.374726658805193846e+00
1.237973628802933490e+00
1.153522254243406930e+00
1.413617022158479397e+00
1.043217275043701875e+00
1.148732580900023947e+00
1.393997188713100410e+00
9.638779396295522606e-01
9.332562811396922786e-01
1.212921116778453490e+00
1.004397182174552761e+00
1.125003066072079339e+00
1.101793951252279857e+00
1.217875185755879164e+00
1.240952884567969594e+00
1.172488198502620316e+00
5.926109044340071019e-01
1.245966637636898300e+00
1.101574071187424675e+00
1.058031086436170387e+00
1.182020522855227185e+00
1.280722445332113546e+00
8.809723090888383901e-01
1.326318102188104975e+00
9.022171818141651034e-01
1.312847525637125479e+00
1.130490079418895455e+00
1.369348604331760866e+00
1.202328055048783151e+00
4.218020720379525024e-01
5.219866795477925425e-01
1.282510410216143093e+00
1.612162478478026184e+00
1.373177700300421300e+00
1.448791462951560360e+00
8.941790084075650347e-01
1.195609603201317039e+00
1.188200496121215144e+00
7.860419553740154441e-01
1.056458243270568254e+00
6.607984720024910885e-01
1.059913613591345172e+00
1.003531869667862120e+00
1.272051342042529898e+00
1.263422977923460921e+00
1.547325989225278198e+00
1.301449193551797334e+00
1.354900079132555168e+00
1.197947840695136490e+00
1.112088537579718928e+00
1.172407862793741984e+00
1.057463191250524348e+00
1.312658066895070696e+00
9.614755401044237093e-01
1.119023120881331934e+00
1.609886115554592045e+00
9.272939771577763945e-01
1.362362496345150831e+00
1.233015988355878223e+00
1.113785898883782766e+00
1.110961663542558542e+00
1.333484492066646432e+00
7.593305871606514934e-01
1.062362325973189803e+00
1.335357290757528848e+00
9.325413706109344503e-01
1.055754195162843523e+00
1.255891006928687048e+00
1.257055410216967761e+00
1.411239422418939515e+00
1.145443436370287671e+00
1.197448012624899860e+00
1.279625017953652133e+00
1.109558460054098639e+00
1.390743607835796425e+00
9.968106337471367429e-01
7.298970188726898733e-01
1.732716751135635835e+00
1.418705748388707555e+00
8.686554178970942175e-01
1.304315632111700873e+00
1.082548214521865670e+00
8.556164454310946077e-01
7.910676176136020032e-01
1.084242175527640129e+00
1.086691232989866585e+00
1.054680172720697140e+00
9.755288534902953890e-01
1.420863358316750036e+00
1.230473313917228140e+00
1.213433543586416530e+00
8.577244583284528989e-01
1.174676267430207588e+00
9.365791800158278502e-01
1.401334323844528162e+00
1.104479411505358222e+00
1.183238243930358813e+00
1.127679942689398196e+00
1.180895893689174247e+00
1.182697008580946729e+00
1.275568509627449387e+00
1.399943754067798363e+00
1.495557342271110146e+00
1.359802046914921902e+00
7.454452352247018521e-01
1.325529550086036013e+00
1.042613797231675132e+00
7.677430164055698558e-01
1.235520935804000242e+00
1.341966082850847730e+00
1.407464600620551343e+00
6.632000630351537751e-01
9.910181904707102696e-01
6.697366040088930106e-01
1.095900354320962666e+00
1.494876870400597912e+00
5.489187389836606146e-01
1.493373471643905770e+00
8.726094770394119404e-01
1.228159320066990690e+00
7.893726826707635480e-01
7.173861450015490693e-01
1.550606487826285740e+00
8.110825625765480940e-01
1.092274056457983811e+00
5.442398540140924723e-01
1.358038778001900537e+00
1.152864353714872614e+00
1.103661746543178168e+00
1.286669268563111590e+00
1.259013690033013333e+00
9.620212908631580184e-01
1.240552176181426658e+00
8.563552412183359497e-01
1.171010324621676091e+00
1.257612152273038797e+00
9.295485069452322779e-01
1.342957582830689667e+00
1.293140712099908329e+00
1.268560546509750031e+00
1.140658887693395851e+00
9.444602217345875461e-01
9.447860609249996156e-01
1.453266916441886325e+00
1.377245559473289749e+00
1.167103921995776838e+00
1.118891494062066450e+00
1.248530361439291303e+00
1.133874120248670181e+00
1.376897520302951206e+00
1.314309042431644370e+00
1.295440525304867529e+00
6.605130656825080049e-01
1.348620593916811439e+00
1.051729547166110557e+00
1.494224644644015942e+00
1.288152792705534289e+00
1.331834954908868163e+00
1.088642002062328640e+00
6.822560035527807099e-01
1.072000384859639333e+00
1.184430422156739438e+00
1.048249726825503103e+00
1.107120801058091075e+00
1.243008197934066139e+00
1.458436676974731450e+00
1.102958910005960025e+00
1.257767585202553606e+00
1.439403272786724308e+00
1.344153480661804068e+00
1.208629550548774523e+00
8.147518488119684932e-01
1.214377924743017090e+00
1.460889905581170600e+00
1.519681655718002844e+00
1.314183033533868672e+00
1.663951966722899467e+00
1.580667462122445244e+00
1.044362116960155795e+00
1.327220130220769123e+00
9.902056175567159890e-01
1.166236656280692952e+00
1.073220711150637108e+00
1.079431362799484262e+00
1.645023895942303138e+00
1.581504307764942885e+00
1.269055204193357156e+00
1.150227184662566682e+00
1.148633853251995962e+00
1.126477754534959352e+00
1.355964917634700617e+00
9.821853799993705003e-01
1.518407164571977663e+00
9.656758300615058133e-01
1.398479011202978350e+00
9.919101379278243424e-01
8.469438429136418867e-01
1.165542527885754520e+00
1.432545787252595293e+00
1.098600249487258429e+00
1.457491531569678589e+00
1.411827776103017795e+00
1.140976894734531344e+00
1.396137875295830000e+00
1.017078436401270602e+00
1.457852868989908846e+00
1.307112792001859702e+00
1.181423074925385119e+00
8.158874377872357142e-01
1.058655341781741033e+00
1.079377809275019695e+00
1.474412048705247225e+00
7.205382333967396136e-01
1.151344195078344734e+00
1.390216407019555067e+00
9.411629283092719511e-01
8.291520356176169670e-01
1.095311517734188778e+00
1.330934799948408465e+00
1.251147209730279819e+00
9.434983278049544619e-01
1.309848735491696559e+00
1.382547612990495001e+00
1.049377832704544655e+00
1.335542733984318220e+00
1.036210681016002333e+00
1.532271784427921446e+00
1.335582791366261457e+00
8.970235118062279689e-01
1.459668133854358674e+00
1.618596072433245547e+00
1.111158479360367046e+00
9.235107081938467299e-01
9.446854907972306314e-01
1.072954500066512384e+00
9.594681172978685169e-01
1.403777722939092865e+00
8.771436993442129904e-01
1.050349097385984143e+00
1.172318011204862120e+00
1.268182355105463843e+00
1.216591481145845366e+00
8.740309966859949320e-01
1.168610516215240924e+00
1.266464001120676697e+00
1.168731213152422121e+00
8.025372815969444851e-01
1.587380743713432185e+00
1.341134026211367347e+00
1.171148311475469495e+00
1.252742210400782596e+00
8.722182806189755500e-01
1.078364098844591723e+00
1.293294816985964379e+00
1.005116071922864673e+00
1.133900983021859155e+00
5.597749448204984990e-01
1.526974065392422863e+00
1.776609083082155038e+00
1.111971138211808485e+00
8.216200815541250257e-01
1.064021135706650467e+00
9.369878675231317899e-01
1.315531170265048733e+00
6.825929530959911062e-01
7.151782684407568258e-01
1.058516885788513662e+00
1.376864893447753868e+00
1.072556059258362282e+00
7.768573783433811997e-01
1.168871011154791528e+00
1.149223823333559213e+00
8.380751259547321030e-01
8.347450086355925336e-01
7.364250385788375652e-01
9.889101147174590434e-01
1.356479182720655263e+00
1.067479677110455771e+00
1.193639173371874973e+00
1.393667768907380644e+00
1.272615594636185232e+00
9.470595357027957739e-01
1.324219795282454148e+00
1.526047467275997382e+00
1.318080702526177372e+00
1.423077025152172714e+00
7.007844724313458951e-01
9.924995398506681887e-01
8.888055167423718483e-01
1.219407534322802800e+00
1.158680179338780425e+00
1.124766571879790344e+00
1.543324185987311026e+00
1.531081074224819316e+00
1.145692267687297372e+00
1.617448088010375651e+00
9.334033193890708402e-01
1.120589900137252348e+00
1.007788792526369548e+00
1.404002201083966117e+00
1.158413752079976877e+00
9.202517068128217570e-01
1.128165690445401603e+00
1.645407370151922732e+00
1.092076868805842427e+00
9.203085245251383384e-01
1.161115665851200074e+00
1.229813791098654630e+00
1.110024945488306658e+00
8.917302560464699379e-01
1.594611923006078236e+00
1.243806606248026192e+00
1.383449724471552456e+00
1.265872385585436133e+00
1.139039623522303923e+00
1.001534455926378353e+00
1.233362813661154966e+00
1.422606470814391955e+00
1.479979258376352469e+00
1.062683095087744833e+00
1.101119690554157149e+00
1.205703081204251514e+00
1.192835973874444067e+00
1.080951304401766011e+00
1.381034198590978868e+00
9.383141065781206436e-01
1.094764914979677872e+00
1.461612931224128165e+00
8.822575813908055675e-01
1.144008362650599686e+00
4.661630460942344234e-01
1.029713867199516075e+00
1.293746514122889213e+00
1.635218908609039845e+00
5.819119268903674147e-01
1.057752068023016800e+00
1.088510278382912144e+00
8.025276576605562262e-01
1.257502889446266980e+00
1.384896109607637538e+00
1.245379492902308538e+00
1.553275824525600424e+00
1.107478663265200280e+00
1.289479254067193326e+00
1.252227168866203000e+00
1.445248617842015637e+00
1.362839344214735071e+00
9.959760419851761970e-01
1.186056532196342106e+00
7.330548659819682289e-01
8.198437694521050201e-01
1.497785557339571749e+00
1.079320001116411021e+00
1.412871828782382710e+00
7.370679538770688044e-01
1.106941972453178824e+00
1.171326091543934300e+00
9.982445568580702311e-01
1.299754023364101618e+00
1.211597525006493203e+00
1.475189068515061708e+00
1.098844096661178105e+00
1.226275336651100112e+00
1.461602787388659452e+00
1.400574138909852273e+00
1.431375962103634158e+00
8.878276542051606324e-01
1.188554605271265441e+00
1.094004707980912761e+00
1.104166938364833817e+00
1.400763311085486018e+00
1.286823784994870934e+00
1.125663660167643076e+00
1.340699323077765071e+00
1.400685644728657753e+00
1.273848635106175964e+00
1.360004397053374170e+00
1.246691128227600087e+00
1.397824101659393303e+00
1.415986783181625297e+00
1.048117973419173232e+00
1.215783717029797817e+00
1.091178332286291575e+00
1.196180257926349411e+00
1.522962503024546166e+00
1.192316246373657851e+00
1.563402315451136948e+00
1.090207469684833619e+00
1.154213663311465243e+00
1.134296246173445599e+00
1.137818405348442585e+00
1.247017013188520096e+00
1.373850109190991597e+00
1.250239147995433342e+00
7.305978781733288852e-01
1.401831587194241724e+00
1.548994257249909801e+00
1.209128200768002204e+00
8.698081025952453249e-01
1.035746489229443013e+00
1.582945055753240293e+00
1.017139861336730622e+00
1.129106738577571933e+00
1.273149074378933543e+00
1.191937514053391878e+00
9.223008382487680734e-01
1.278412119514908740e+00
1.331820716472271959e+00
9.060902363141380977e-01
1.604073749262843407e+00
1.013540160768910958e+00
7.560753755357041417e-01
1.078214979895149694e+00
1.728297225904171563e+00
1.030385940219444407e+00
1.345981041097139119e+00
1.211861732038161277e+00
1.229879793867337812e+00
1.049978334059550544e+00
1.513129853342849440e+00
1.075237033654485419e+00
1.069946619537848864e+00
1.180341514965642435e+00
1.401720006154336673e+00
1.250444140888008260e+00
1.106691870660848398e+00
1.329904817443110732e+00
1.217551705743621149e+00
1.038236350742717473e+00
1.383938013159407454e+00
7.313354808297611864e-01
1.311865391210390142e+00
1.211370697032393640e+00
1.000509022132411774e+00
1.042413108911488084e+00
1.045454933298374023e+00
1.264100247147119882e+00
1.174346653197025248e+00
1.442387471086494788e+00
1.097525577490947590e+00
1.452334849383817295e+00
9.432879621393788216e-01
1.397106546963745366e+00
1.140985869499962835e+00
9.899343424625779431e-01
1.351534546026859518e+00
1.005280209039721040e+00
1.206413503023910483e+00
1.231604095299301260e+00
1.106901431290204574e+00
1.327612099338708163e+00
1.115007667633354016e+00
7.317663691811716609e-01
1.097479480618354319e+00
1.007653969216911749e+00
1.391639138342455562e+00
1.186475481494848161e+00
1.285517004220014581e+00
1.132436016218605346e+00
1.098792130344402818e+00
9.365157607604953638e-01
1.059833275649136430e+00
1.277586636842966472e+00
1.411635849872376003e+00
1.300805029209409991e+00
1.462223912129680281e+00
8.266151021267353904e-01
1.043869048703922164e+00
9.002404079929520186e-01
1.153446343495400317e+00
7.405668811779463345e-01
1.303078842267851645e+00
1.328925973374838643e+00
1.559969134886385778e+00
1.235299522323008103e+00
1.732217051352024084e+00
1.195066497187179611e+00
1.176716384956518757e+00
1.287660792303606305e+00
1.141559516290990395e+00
1.284452417385064216e+00
1.241572190616236915e+00
9.424025990410833664e-01
9.558826417134380637e-01
1.341248951745719120e+00
1.117212462649950222e+00
1.029274106340315686e+00
1.438813077543516394e+00
8.186071577277743705e-01
1.530961747921230076e+00
1.003091914475143565e+00
1.085462812550707534e+00
1.109888225184401112e+00
1.358702463851062969e+00
1.441803020601542862e+00
1.484593744991933084e+00
8.830992588990145276e-01
1.208667876274950537e+00
1.090169462139931378e+00
9.898666896761345591e-01
1.099884127661251432e+00
1.111891350248604526e+00
1.470769912957578862e+00
1.218959993679793463e+00
1.290649217855381004e+00
9.810514701844741392e-01
1.506644476524591436e+00
1.310144485249653545e+00
1.109232072814251735e+00
1.435926787396433202e+00
1.160452193684704092e+00
8.571066834324898576e-01
1.528945364755987635e+00
1.202358486147325323e+00
1.178118732397108737e+00
1.393576862233699032e+00
1.302136779221507501e+00
1.128074481105693749e+00
1.200905907694530095e+00
1.207248611278711303e+00
1.583130914842977299e+00
1.063991630077963269e+00
1.333800902255875442e+00
1.240437580564613285e+00
1.342805949093156759e+00
8.786245497542104488e-01
1.341873309203555298e+00
8.514723877668135543e-01
1.759842447527856235e+00
8.699652509631953246e-01
1.426799347235674587e+00
1.268525869882687118e+00
1.361115660338354072e+00
1.532589299564014018e+00
1.157865435089938666e+00
1.507747678010721071e+00
8.467159806915226516e-01
1.294684254737964224e+00
9.758642540449548042e-01
9.513367239526280272e-01
1.082913600088676986e+00
1.390302676713411234e+00
1.027211736519605179e+00
1.395597837750371939e+00
1.166607931175114965e+00
1.246485592580563351e+00
1.298629957906017207e+00
1.288487896542944267e+00
1.437465609139398470e+00
9.654202400893727720e-01
1.043079135332541041e+00
1.548164736211773418e+00
1.245150273858653733e+00
1.263896695595710273e+00
1.147814391340383988e+00
9.175234009713306715e-01
7.175524643727073659e-01
1.239235299656823663e+00
1.105959097359036303e+00
1.210328364631838127e+00
1.193785132499744606e+00
1.261739409670513234e+00
1.513615287539010312e+00
1.387780217689450257e+00
1.193721036464640894e+00
1.462451842396429447e+00
1.158760893817008863e+00
1.495494527430706544e+00
1.378475689839443685e+00
9.785646611792113703e-01
1.387635881617806266e+00
9.213934025034664632e-01
1.646210763900083585e+00
1.218225777032827306e+00
8.584929870732533885e-01
1.194436150915886952e+00
1.198566579382459141e+00
1.124115443282998505e+00
1.373517669091035120e+00
1.000515989213806911e+00
1.452359976074621084e+00
1.373356814633479139e+00
1.272856933101708554e+00
1.276222784944883504e+00
1.292648526564354139e+00
1.314079447516696364e+00
1.576621823334110939e+00
1.004327542426683983e+00
1.230765734967357750e+00
1.339380506620434952e+00
1.483710205297825047e+00
9.202212468744790375e-01
1.658271083427611536e+00
1.156924423981231964e+00
1.542026987754633094e+00
8.913816562155956191e-01
1.262318250871219405e+00
1.086376694025893874e+00
1.646814171790579540e+00
9.962626300734025442e-01
1.471066905687016702e+00
1.280440349189232441e+00
1.080561125097774466e+00
1.392322829194601486e+00
1.408495162156175873e+00
1.153433622985540197e+00
1.496179525470689775e+00
1.339196213495440269e+00
1.337724139940019707e+00
1.267753455453247025e+00
1.274998126940350307e+00
1.272229478823197812e+00
1.303257351542849607e+00
1.111643094632575490e+00
1.377128557280901111e+00
7.279742970746745367e-01
1.044580172643540417e+00
1.249001997781205908e+00
1.511103843277463499e+00
9.761184685993596899e-01
9.455620717862933677e-01
1.558214731593934088e+00
1.053495949659348119e+00
1.078576503732253444e+00
1.447267975427149356e+00
1.144144378172549104e+00
1.411594296059594189e+00
1.292255441725022047e+00
1.126924974570765015e+00
1.310884706719887882e+00
1.359155305932433722e+00
1.295103672169367170e+00
1.016802967582804307e+00
1.497951157762334784e+00
1.149532209724483334e+00
1.516712415143819825e+00
1.264131923005520575e+00
1.428738665543000330e+00
1.225764875243156249e+00
1.059014605321157765e+00
1.401872664927505285e+00
1.395186311203420848e+00
1.461848322965242364e+00
1.350434286495759695e+00
1.402537710450475039e+00
1.263908076054261587e+00
9.882819402601614733e-01
1.455355963568170541e+00
1.365036326436261716e+00
1.559471637710513781e+00
1.452773304674251253e+00
9.909779681472152824e-01
1.399392728666845054e+00
1.453320501030433753e+00
1.545947084681407624e+00
1.525527124006909263e+00
1.239367357123150715e+00
1.423121551089001846e+00
1.704391836619185918e+00
1.482127735029137305e+00
1.448266677212500797e+00
1.348714551855943355e+00
1.477695985655987698e+00
1.292470410741661135e+00
1.471163318072461035e+00
1.159568312549645430e+00
1.283867197149920703e+00
1.375220656922609530e+00
1.321339689000150086e+00
1.401271678958509348e+00
1.449009878361675385e+00
1.271466917009912434e+00
1.179783612219301059e+00
1.067450818532658552e+00
