3.505448997020721436e-01
3.379768133163452148e-01
3.000652492046356201e-01
3.027676045894622803e-01
3.329367339611053467e-01
3.649930953979492188e-01
3.739609718322753906e-01
3.067649602890014648e-01
3.133967220783233643e-01
2.979612350463867188e-01
3.563857376575469971e-01
3.229740560054779053e-01
3.408013284206390381e-01
3.458822965621948242e-01
3.148275911808013916e-01
3.038966953754425049e-01
2.976024746894836426e-01
3.070872724056243896e-01
3.061408996582031250e-01
3.521544337272644043e-01
3.326806426048278809e-01
3.265164196491241455e-01
3.555177748203277588e-01
3.389753401279449463e-01
3.408241271972656250e-01
3.814330101013183594e-01
3.467618823051452637e-01
3.431688845157623291e-01
3.340237140655517578e-01
3.574932813644409180e-01
3.046417534351348877e-01
3.577508628368377686e-01
3.610063791275024414e-01
3.107378780841827393e-01
3.515925109386444092e-01
3.055108487606048584e-01
3.400143384933471680e-01
3.007831871509552002e-01
3.602262437343597412e-01
3.572171032428741455e-01
3.814713358879089355e-01
3.331875801086425781e-01
2.995410859584808350e-01
3.448909223079681396e-01
3.552747070789337158e-01
3.309403955936431885e-01
3.455261290073394775e-01
3.521315157413482666e-01
3.237585723400115967e-01
3.299994170665740967e-01
3.243787884712219238e-01
3.934658169746398926e-01
2.791523933410644531e-01
3.188711106777191162e-01
3.750442564487457275e-01
3.991818726062774658e-01
3.281728923320770264e-01
3.128893673419952393e-01
3.285619914531707764e-01
3.882332444190979004e-01
3.330551087856292725e-01
3.220733404159545898e-01
3.129051029682159424e-01
2.903863191604614258e-01
3.549070954322814941e-01
3.411484062671661377e-01
3.350015878677368164e-01
3.339519500732421875e-01
3.138512372970581055e-01
3.184679448604583740e-01
3.305859267711639404e-01
3.521951735019683838e-01
3.316410481929779053e-01
3.297504186630249023e-01
3.383568525314331055e-01
3.553752899169921875e-01
3.039206564426422119e-01
3.384489417076110840e-01
3.778883516788482666e-01
3.178519010543823242e-01
3.339529335498809814e-01
3.826054930686950684e-01
3.064816594123840332e-01
3.261624574661254883e-01
3.420728445053100586e-01
3.330784738063812256e-01
3.216260075569152832e-01
3.592579066753387451e-01
3.552554249763488770e-01
3.400048613548278809e-01
3.216854035854339600e-01
3.008613884449005127e-01
3.065763711929321289e-01
3.913587629795074463e-01
3.289029002189636230e-01
3.394993245601654053e-01
3.264496624469757080e-01
3.448380529880523682e-01
3.628385066986083984e-01
3.007731735706329346e-01
3.428409099578857422e-01
3.581038713455200195e-01
2.878676354885101318e-01
3.652741014957427979e-01
3.797625899314880371e-01
3.214339911937713623e-01
3.939227759838104248e-01
3.281169831752777100e-01
3.564751446247100830e-01
3.707760572433471680e-01
3.241833448410034180e-01
3.214226961135864258e-01
3.522163331508636475e-01
3.912824392318725586e-01
3.673402965068817139e-01
3.748066127300262451e-01
3.433744013309478760e-01
3.308853507041931152e-01
3.373209238052368164e-01
2.949766218662261963e-01
3.612053692340850830e-01
3.245472908020019531e-01
3.508962988853454590e-01
3.659643828868865967e-01
3.267859816551208496e-01
3.086149990558624268e-01
3.354435563087463379e-01
3.482696712017059326e-01
3.625229597091674805e-01
3.618034124374389648e-01
3.173963427543640137e-01
3.620983660221099854e-01
3.336422145366668701e-01
3.458863496780395508e-01
3.220269381999969482e-01
3.404287695884704590e-01
3.619837760925292969e-01
3.025493919849395752e-01
3.546100258827209473e-01
3.316296935081481934e-01
3.217716217041015625e-01
3.659121692180633545e-01
3.009738326072692871e-01
3.359301984310150146e-01
3.157615959644317627e-01
3.493895232677459717e-01
2.897387444972991943e-01
3.607960939407348633e-01
3.471375703811645508e-01
3.431864976882934570e-01
3.550327420234680176e-01
3.225935995578765869e-01
3.834473490715026855e-01
3.154789507389068604e-01
3.468719422817230225e-01
3.062499463558197021e-01
3.604354262351989746e-01
3.447873890399932861e-01
3.367019891738891602e-01
3.755086958408355713e-01
2.926099002361297607e-01
3.568476736545562744e-01
3.666578233242034912e-01
3.308479785919189453e-01
3.056789040565490723e-01
3.316515088081359863e-01
3.269254863262176514e-01
3.871077895164489746e-01
3.557247817516326904e-01
3.344367146492004395e-01
3.436131775379180908e-01
3.613660335540771484e-01
3.385729491710662842e-01
3.096512258052825928e-01
3.352718055248260498e-01
3.171700239181518555e-01
3.293796777725219727e-01
3.391491174697875977e-01
3.501111865043640137e-01
3.280732631683349609e-01
3.669334053993225098e-01
3.421974778175354004e-01
3.313059210777282715e-01
3.282038569450378418e-01
3.235174119472503662e-01
3.388840556144714355e-01
2.930046916007995605e-01
3.445870578289031982e-01
3.428649306297302246e-01
3.027863800525665283e-01
3.437530398368835449e-01
3.453114032745361328e-01
3.113342225551605225e-01
3.364964425563812256e-01
3.058558702468872070e-01
3.553935885429382324e-01
3.470795452594757080e-01
3.226197063922882080e-01
3.335528075695037842e-01
3.185656666755676270e-01
3.273804783821105957e-01
3.576087951660156250e-01
3.507727682590484619e-01
3.081335127353668213e-01
3.105911314487457275e-01
3.227283656597137451e-01
3.462541699409484863e-01
3.087830245494842529e-01
3.639352619647979736e-01
3.135233521461486816e-01
3.565566241741180420e-01
2.893450260162353516e-01
3.760005831718444824e-01
3.576080501079559326e-01
3.001883327960968018e-01
3.547102212905883789e-01
3.500492870807647705e-01
3.560220301151275635e-01
3.637976944446563721e-01
3.321819901466369629e-01
3.233010470867156982e-01
3.215833604335784912e-01
3.549167513847351074e-01
3.140894174575805664e-01
3.479696810245513916e-01
3.607985377311706543e-01
3.229570686817169189e-01
3.638330698013305664e-01
3.113695681095123291e-01
3.515361547470092773e-01
3.147074580192565918e-01
3.341363668441772461e-01
3.335072696208953857e-01
3.281397521495819092e-01
3.276301026344299316e-01
3.373554646968841553e-01
3.509452641010284424e-01
3.072549104690551758e-01
3.136927485466003418e-01
3.768371045589447021e-01
3.384665250778198242e-01
3.746717274188995361e-01
3.672145605087280273e-01
3.774578571319580078e-01
3.474639058113098145e-01
3.146182000637054443e-01
3.543143272399902344e-01
3.443154394626617432e-01
3.503687083721160889e-01
3.098428249359130859e-01
3.474994599819183350e-01
3.119955062866210938e-01
3.164534270763397217e-01
3.638277351856231689e-01
3.489630520343780518e-01
3.256127238273620605e-01
3.016302883625030518e-01
4.451040327548980713e-01
3.537545502185821533e-01
3.842865526676177979e-01
3.389844894409179688e-01
3.685917258262634277e-01
3.319689035415649414e-01
3.772365152835845947e-01
3.669139146804809570e-01
3.677151501178741455e-01
3.718185722827911377e-01
3.265218436717987061e-01
3.366372585296630859e-01
3.735914528369903564e-01
3.562582731246948242e-01
3.448508083820343018e-01
3.135673403739929199e-01
3.178526461124420166e-01
3.442628681659698486e-01
3.148929476737976074e-01
3.508656024932861328e-01
3.890966773033142090e-01
3.789442777633666992e-01
3.786377906799316406e-01
3.237791061401367188e-01
3.374464809894561768e-01
3.550535440444946289e-01
3.134374320507049561e-01
3.331205248832702637e-01
3.229897320270538330e-01
3.744796514511108398e-01
3.640601634979248047e-01
3.482596278190612793e-01
3.483920097351074219e-01
3.219400644302368164e-01
3.307060003280639648e-01
3.444924950599670410e-01
3.262893259525299072e-01
3.586719632148742676e-01
3.387236893177032471e-01
3.862128853797912598e-01
3.343452215194702148e-01
3.334412276744842529e-01
3.071853816509246826e-01
3.592572808265686035e-01
3.115566074848175049e-01
2.963043451309204102e-01
2.930171489715576172e-01
3.194451332092285156e-01
3.226890563964843750e-01
3.445627391338348389e-01
3.572670519351959229e-01
3.321857154369354248e-01
3.712577521800994873e-01
3.323529362678527832e-01
3.539080321788787842e-01
3.135132491588592529e-01
3.207720816135406494e-01
3.365577459335327148e-01
3.741189241409301758e-01
3.754119873046875000e-01
3.004768490791320801e-01
3.631263375282287598e-01
3.435466587543487549e-01
2.916541695594787598e-01
3.427655100822448730e-01
3.605111837387084961e-01
3.359421491622924805e-01
3.347114622592926025e-01
3.199549913406372070e-01
3.511935770511627197e-01
3.405290842056274414e-01
2.963654100894927979e-01
3.298111855983734131e-01
2.873198091983795166e-01
3.099482357501983643e-01
3.185011148452758789e-01
3.264816403388977051e-01
3.188704550266265869e-01
3.506779372692108154e-01
3.529239594936370850e-01
2.868806719779968262e-01
3.278021216392517090e-01
3.788846433162689209e-01
3.251060247421264648e-01
3.433447480201721191e-01
3.536732792854309082e-01
3.332812786102294922e-01
3.765436410903930664e-01
3.399540185928344727e-01
3.312768638134002686e-01
3.126094937324523926e-01
3.310449123382568359e-01
3.185431957244873047e-01
3.995366990566253662e-01
3.620205223560333252e-01
3.488517403602600098e-01
3.767140507698059082e-01
3.208330869674682617e-01
3.195478916168212891e-01
3.366575241088867188e-01
3.529547750949859619e-01
2.967066764831542969e-01
3.399116098880767822e-01
3.052814900875091553e-01
3.721813857555389404e-01
2.945150136947631836e-01
3.271693885326385498e-01
2.963173091411590576e-01
3.594862818717956543e-01
3.442146182060241699e-01
3.555807173252105713e-01
3.457062244415283203e-01
3.053890764713287354e-01
2.933802902698516846e-01
3.443150520324707031e-01
3.639505803585052490e-01
3.046757578849792480e-01
3.501726686954498291e-01
3.572675585746765137e-01
3.091170191764831543e-01
2.912749648094177246e-01
3.359847068786621094e-01
3.416965305805206299e-01
3.200984597206115723e-01
3.468461632728576660e-01
3.409998416900634766e-01
3.431406915187835693e-01
2.916980385780334473e-01
3.323681652545928955e-01
3.270305395126342773e-01
3.470537960529327393e-01
3.127729296684265137e-01
3.645675182342529297e-01
3.392882347106933594e-01
3.319948315620422363e-01
3.467722237110137939e-01
3.410466313362121582e-01
3.762362301349639893e-01
3.351028859615325928e-01
3.464171886444091797e-01
3.069877028465270996e-01
3.780960738658905029e-01
3.401183784008026123e-01
3.831384479999542236e-01
3.527323901653289795e-01
3.420296013355255127e-01
3.225911855697631836e-01
3.081819415092468262e-01
3.304630517959594727e-01
2.776656448841094971e-01
3.279609084129333496e-01
3.219180405139923096e-01
3.191830813884735107e-01
3.734520375728607178e-01
3.628369271755218506e-01
3.224742710590362549e-01
3.589765727519989014e-01
3.561968207359313965e-01
3.407264947891235352e-01
3.689031898975372314e-01
3.544054925441741943e-01
2.930067181587219238e-01
3.378580510616302490e-01
3.858685493469238281e-01
3.198769688606262207e-01
3.510678708553314209e-01
3.420237302780151367e-01
3.529188632965087891e-01
3.529201447963714600e-01
3.248172402381896973e-01
3.324726819992065430e-01
3.081394135951995850e-01
3.701436519622802734e-01
3.507073521614074707e-01
3.281004428863525391e-01
3.456971645355224609e-01
3.292706906795501709e-01
3.828007578849792480e-01
3.252454996109008789e-01
3.903993368148803711e-01
3.237421512603759766e-01
3.369975984096527100e-01
3.396738171577453613e-01
3.265446424484252930e-01
3.105114102363586426e-01
3.485639393329620361e-01
3.232307434082031250e-01
3.429178595542907715e-01
3.031749427318572998e-01
3.379178345203399658e-01
3.340004682540893555e-01
3.352006673812866211e-01
2.939828932285308838e-01
3.819476366043090820e-01
3.305253684520721436e-01
3.480303585529327393e-01
3.519773483276367188e-01
3.102774918079376221e-01
3.268746733665466309e-01
3.237596452236175537e-01
3.523879349231719971e-01
3.304019272327423096e-01
3.326965868473052979e-01
3.416670560836791992e-01
3.759011626243591309e-01
3.286026120185852051e-01
3.471358418464660645e-01
3.088441789150238037e-01
3.329021930694580078e-01
3.722099065780639648e-01
3.070437610149383545e-01
3.452461659908294678e-01
3.214541971683502197e-01
3.722168505191802979e-01
3.349437415599822998e-01
3.219823539257049561e-01
3.321502804756164551e-01
3.672460913658142090e-01
3.375102877616882324e-01
3.372290134429931641e-01
3.514707088470458984e-01
3.029314875602722168e-01
3.311793506145477295e-01
3.630637824535369873e-01
3.254474401473999023e-01
3.414260149002075195e-01
3.894855678081512451e-01
3.921741843223571777e-01
2.813786864280700684e-01
3.409640491008758545e-01
3.814459145069122314e-01
3.044940233230590820e-01
3.027344346046447754e-01
3.263197243213653564e-01
3.216878771781921387e-01
3.120392262935638428e-01
2.945107221603393555e-01
3.228464424610137939e-01
3.620638549327850342e-01
3.823205828666687012e-01
3.049640357494354248e-01
3.424854576587677002e-01
3.291653096675872803e-01
3.130008578300476074e-01
3.045910894870758057e-01
3.706500232219696045e-01
3.117083907127380371e-01
3.490771353244781494e-01
3.422802388668060303e-01
3.707205355167388916e-01
3.341213464736938477e-01
3.022238612174987793e-01
3.457177877426147461e-01
3.441315293312072754e-01
3.342620134353637695e-01
3.485825955867767334e-01
3.398811221122741699e-01
3.202559947967529297e-01
2.734009921550750732e-01
3.156717419624328613e-01
3.113375008106231689e-01
2.989236414432525635e-01
3.366352617740631104e-01
3.516626954078674316e-01
3.124186992645263672e-01
3.070040941238403320e-01
3.215349912643432617e-01
3.475436270236968994e-01
3.831003904342651367e-01
3.121939599514007568e-01
2.887245416641235352e-01
3.269816637039184570e-01
3.148737847805023193e-01
3.786228001117706299e-01
3.519708812236785889e-01
3.201946318149566650e-01
3.699573278427124023e-01
3.391869664192199707e-01
3.248265683650970459e-01
3.007506728172302246e-01
3.682050108909606934e-01
3.250982463359832764e-01
3.376550078392028809e-01
3.352473974227905273e-01
2.975612878799438477e-01
3.441657423973083496e-01
3.093558251857757568e-01
3.274878859519958496e-01
3.020644485950469971e-01
3.275260925292968750e-01
3.119820952415466309e-01
3.214347362518310547e-01
3.397814929485321045e-01
3.418366611003875732e-01
3.300098776817321777e-01
3.654131293296813965e-01
3.733044266700744629e-01
3.258853852748870850e-01
3.178215026855468750e-01
2.865831851959228516e-01
3.329158127307891846e-01
3.816248774528503418e-01
3.320850729942321777e-01
2.977371215820312500e-01
3.325991630554199219e-01
3.394099771976470947e-01
3.240703940391540527e-01
3.672907650470733643e-01
3.203997910022735596e-01
3.933521509170532227e-01
3.739879429340362549e-01
3.548416197299957275e-01
3.209095895290374756e-01
3.407586216926574707e-01
3.254125416278839111e-01
3.418828547000885010e-01
3.524025678634643555e-01
3.102101385593414307e-01
3.388567566871643066e-01
3.619773089885711670e-01
3.268944323062896729e-01
3.724263608455657959e-01
3.487636446952819824e-01
3.698125481605529785e-01
3.627228140830993652e-01
3.231144845485687256e-01
3.842115700244903564e-01
3.105391860008239746e-01
3.068971931934356689e-01
3.854247331619262695e-01
3.562809526920318604e-01
3.140142560005187988e-01
3.303796947002410889e-01
3.396307229995727539e-01
3.449372053146362305e-01
2.887791097164154053e-01
3.138449490070343018e-01
3.422330319881439209e-01
3.664829134941101074e-01
3.384927511215209961e-01
3.053946793079376221e-01
3.251751363277435303e-01
3.518831431865692139e-01
3.343340456485748291e-01
3.020274341106414795e-01
3.260997235774993896e-01
3.251574039459228516e-01
2.960338294506072998e-01
3.246175646781921387e-01
3.130723237991333008e-01
3.071081638336181641e-01
3.725619912147521973e-01
3.163032829761505127e-01
3.224166631698608398e-01
3.338046371936798096e-01
3.043312728404998779e-01
3.508107662200927734e-01
3.265959322452545166e-01
3.108915090560913086e-01
3.473841249942779541e-01
3.654727935791015625e-01
2.972885072231292725e-01
3.314046561717987061e-01
3.512828350067138672e-01
3.005465269088745117e-01
3.380034863948822021e-01
3.339782059192657471e-01
3.558750152587890625e-01
3.427290618419647217e-01
3.277081549167633057e-01
3.624855577945709229e-01
3.067266345024108887e-01
3.377614617347717285e-01
3.253738284111022949e-01
3.306647837162017822e-01
3.258444070816040039e-01
3.766960501670837402e-01
2.946152091026306152e-01
3.755863904953002930e-01
3.517092168331146240e-01
3.526768982410430908e-01
3.049260675907135010e-01
3.631525039672851562e-01
3.340774774551391602e-01
3.636171221733093262e-01
3.069270253181457520e-01
3.620852530002593994e-01
3.406471610069274902e-01
3.344504535198211670e-01
3.162999451160430908e-01
3.105595409870147705e-01
3.133506774902343750e-01
3.474298119544982910e-01
2.985773682594299316e-01
3.283521533012390137e-01
3.505330085754394531e-01
3.295482993125915527e-01
3.531631827354431152e-01
3.633610010147094727e-01
3.123353719711303711e-01
3.213907182216644287e-01
3.844991624355316162e-01
3.743562102317810059e-01
3.353228569030761719e-01
3.210860192775726318e-01
3.361664414405822754e-01
3.337317109107971191e-01
3.429839611053466797e-01
3.311223983764648438e-01
2.828589677810668945e-01
3.547627031803131104e-01
3.563949465751647949e-01
3.503104150295257568e-01
3.031123280525207520e-01
3.144463300704956055e-01
3.519545793533325195e-01
3.318725228309631348e-01
3.619160652160644531e-01
3.605104684829711914e-01
3.047100901603698730e-01
3.512039184570312500e-01
3.220792114734649658e-01
3.402262032032012939e-01
3.342217803001403809e-01
2.919136583805084229e-01
3.374734818935394287e-01
3.107622861862182617e-01
3.095431923866271973e-01
3.194405436515808105e-01
3.220570683479309082e-01
3.303336501121520996e-01
3.073155879974365234e-01
3.242102265357971191e-01
3.191463947296142578e-01
3.940421938896179199e-01
3.354197144508361816e-01
3.596727550029754639e-01
3.132714331150054932e-01
3.084015250205993652e-01
3.328697681427001953e-01
3.604708313941955566e-01
3.106652796268463135e-01
3.303865194320678711e-01
3.540513515472412109e-01
4.315569400787353516e-01
3.391069173812866211e-01
3.708257973194122314e-01
3.280842006206512451e-01
3.590538501739501953e-01
3.693785071372985840e-01
3.438511192798614502e-01
3.520079255104064941e-01
2.946728765964508057e-01
3.133014142513275146e-01
2.912198603153228760e-01
3.252699375152587891e-01
3.194915652275085449e-01
3.027189671993255615e-01
3.331823050975799561e-01
2.826510071754455566e-01
3.134317398071289062e-01
3.720663487911224365e-01
3.291148841381072998e-01
3.822097182273864746e-01
3.228892385959625244e-01
3.156200051307678223e-01
2.980355918407440186e-01
3.592294454574584961e-01
3.088510036468505859e-01
3.528525531291961670e-01
3.278011083602905273e-01
3.350506424903869629e-01
3.033510446548461914e-01
3.550478518009185791e-01
3.325207233428955078e-01
3.425739705562591553e-01
3.277535438537597656e-01
2.986133396625518799e-01
3.593988418579101562e-01
3.337662518024444580e-01
3.448500633239746094e-01
3.908565342426300049e-01
3.533081710338592529e-01
3.174264430999755859e-01
3.663590550422668457e-01
2.980055510997772217e-01
3.219231963157653809e-01
3.435472846031188965e-01
3.470469713211059570e-01
2.917403280735015869e-01
3.180118501186370850e-01
3.179566264152526855e-01
3.344902396202087402e-01
2.896411418914794922e-01
3.713426589965820312e-01
3.124133646488189697e-01
3.298102021217346191e-01
3.171514272689819336e-01
2.867013216018676758e-01
3.000574409961700439e-01
3.247303366661071777e-01
3.288080394268035889e-01
3.211099505424499512e-01
3.199070990085601807e-01
2.971651852130889893e-01
3.223783969879150391e-01
3.390996158123016357e-01
3.383871614933013916e-01
3.602217733860015869e-01
3.013336956501007080e-01
3.240347504615783691e-01
3.508845865726470947e-01
3.577416539192199707e-01
3.314594030380249023e-01
3.111472725868225098e-01
3.250344693660736084e-01
3.348222076892852783e-01
3.131196796894073486e-01
3.412693142890930176e-01
3.920225203037261963e-01
3.369403183460235596e-01
2.865050435066223145e-01
3.574098646640777588e-01
3.100776076316833496e-01
3.395588099956512451e-01
3.202964961528778076e-01
3.101175129413604736e-01
2.932381927967071533e-01
3.080650568008422852e-01
3.076565265655517578e-01
3.479808866977691650e-01
3.128230869770050049e-01
3.463129699230194092e-01
3.070637881755828857e-01
3.285104334354400635e-01
3.491643071174621582e-01
3.452123999595642090e-01
3.617295026779174805e-01
3.234757483005523682e-01
3.751494288444519043e-01
3.136476576328277588e-01
2.767459452152252197e-01
3.634618818759918213e-01
2.981143593788146973e-01
3.484034836292266846e-01
3.484582901000976562e-01
3.402909040451049805e-01
3.520556092262268066e-01
3.675475418567657471e-01
3.328173458576202393e-01
3.582410514354705811e-01
3.517707586288452148e-01
3.277611732482910156e-01
3.699703514575958252e-01
3.237546384334564209e-01
3.590606153011322021e-01
2.880712151527404785e-01
3.109041750431060791e-01
3.528403639793395996e-01
3.203556239604949951e-01
3.479452729225158691e-01
2.915452420711517334e-01
3.655552566051483154e-01
3.101256191730499268e-01
3.170356750488281250e-01
3.612157106399536133e-01
3.185383081436157227e-01
3.434666097164154053e-01
3.131835460662841797e-01
2.797687053680419922e-01
3.178725540637969971e-01
3.559900522232055664e-01
3.753600716590881348e-01
3.265841305255889893e-01
3.200289011001586914e-01
3.056549131870269775e-01
2.976262271404266357e-01
3.311796486377716064e-01
3.072452545166015625e-01
3.097346127033233643e-01
3.647233545780181885e-01
3.129594027996063232e-01
3.836599588394165039e-01
3.034097254276275635e-01
3.557147085666656494e-01
3.264355957508087158e-01
3.484317958354949951e-01
2.752501964569091797e-01
3.310307562351226807e-01
3.015857636928558350e-01
2.939653992652893066e-01
2.986779510974884033e-01
3.148362338542938232e-01
3.392348587512969971e-01
3.219314813613891602e-01
3.081261813640594482e-01
3.521499037742614746e-01
3.210259974002838135e-01
3.308585286140441895e-01
3.385257124900817871e-01
3.344227969646453857e-01
3.165831565856933594e-01
3.441054522991180420e-01
3.035509586334228516e-01
3.324407041072845459e-01
3.491084277629852295e-01
3.245970308780670166e-01
3.254359364509582520e-01
3.141460716724395752e-01
3.145724833011627197e-01
3.193747103214263916e-01
3.425405323505401611e-01
3.550282716751098633e-01
3.374990522861480713e-01
3.258473575115203857e-01
3.545393943786621094e-01
3.681756258010864258e-01
3.124152719974517822e-01
3.182913064956665039e-01
3.353417217731475830e-01
2.933228015899658203e-01
3.090216815471649170e-01
3.311652839183807373e-01
3.236940503120422363e-01
3.521261513233184814e-01
3.644727766513824463e-01
3.187811672687530518e-01
3.185703456401824951e-01
3.615353703498840332e-01
3.286339044570922852e-01
3.221921026706695557e-01
3.087203502655029297e-01
3.150860667228698730e-01
3.156203925609588623e-01
3.713835179805755615e-01
3.453968465328216553e-01
3.022904694080352783e-01
3.069072067737579346e-01
3.204083144664764404e-01
3.283403813838958740e-01
3.380151391029357910e-01
3.514745235443115234e-01
2.994848489761352539e-01
3.371182978153228760e-01
3.230432569980621338e-01
3.258827924728393555e-01
2.941253185272216797e-01
3.124176263809204102e-01
3.420433700084686279e-01
3.158821761608123779e-01
3.311038315296173096e-01
3.437994718551635742e-01
3.248297572135925293e-01
3.500620126724243164e-01
3.235857188701629639e-01
3.278759121894836426e-01
3.486312031745910645e-01
3.616469800472259521e-01
3.316335976123809814e-01
3.488221764564514160e-01
3.182817995548248291e-01
3.191251754760742188e-01
3.333189487457275391e-01
3.246968984603881836e-01
3.892196714878082275e-01
3.126567304134368896e-01
3.429019749164581299e-01
2.980444729328155518e-01
2.967099249362945557e-01
3.307043015956878662e-01
3.438425958156585693e-01
2.912564873695373535e-01
3.469691872596740723e-01
2.910037636756896973e-01
3.436857759952545166e-01
3.258899748325347900e-01
3.357102870941162109e-01
3.617366552352905273e-01
3.404088914394378662e-01
3.485641181468963623e-01
3.177217245101928711e-01
3.080920875072479248e-01
3.191327750682830811e-01
2.967537641525268555e-01
3.090272545814514160e-01
3.133194744586944580e-01
3.159393072128295898e-01
3.498029708862304688e-01
3.287525177001953125e-01
3.174331486225128174e-01
3.514012694358825684e-01
3.669880628585815430e-01
3.349469602108001709e-01
3.734346926212310791e-01
3.583691418170928955e-01
2.872343957424163818e-01
3.422519564628601074e-01
2.951428592205047607e-01
3.422913551330566406e-01
3.723973333835601807e-01
3.201489448547363281e-01
3.033653497695922852e-01
3.267494142055511475e-01
3.179338276386260986e-01
3.144455254077911377e-01
3.336448073387145996e-01
3.309009373188018799e-01
2.988994717597961426e-01
3.020795881748199463e-01
3.364380896091461182e-01
3.122157752513885498e-01
3.280019462108612061e-01
3.593437373638153076e-01
3.627475202083587646e-01
3.257272243499755859e-01
3.244761824607849121e-01
3.360382616519927979e-01
3.293208479881286621e-01
3.345447778701782227e-01
3.264984488487243652e-01
2.805944681167602539e-01
3.089704215526580811e-01
3.000234961509704590e-01
3.472703695297241211e-01
3.549633920192718506e-01
3.264314532279968262e-01
3.414825201034545898e-01
3.655082881450653076e-01
3.206739723682403564e-01
3.445237278938293457e-01
3.244458138942718506e-01
3.292080163955688477e-01
2.955999672412872314e-01
3.542096316814422607e-01
3.047887980937957764e-01
3.318118453025817871e-01
3.593556880950927734e-01
3.069939911365509033e-01
3.135167360305786133e-01
3.411985337734222412e-01
2.690540552139282227e-01
3.452829718589782715e-01
3.270445466041564941e-01
3.254698812961578369e-01
3.041635453701019287e-01
3.627402484416961670e-01
3.164960443973541260e-01
2.914476990699768066e-01
3.775973916053771973e-01
3.003092110157012939e-01
2.939164042472839355e-01
3.401958942413330078e-01
3.014400899410247803e-01
3.355990052223205566e-01
3.533246815204620361e-01
3.134627938270568848e-01
3.211736679077148438e-01
3.371355533599853516e-01
3.191238343715667725e-01
3.154697716236114502e-01
3.359813690185546875e-01
2.792775630950927734e-01
3.172215521335601807e-01
3.170273900032043457e-01
3.003957271575927734e-01
3.326098024845123291e-01
3.119287788867950439e-01
3.111372888088226318e-01
3.096998035907745361e-01
3.019536733627319336e-01
3.381875455379486084e-01
3.345235586166381836e-01
3.244316279888153076e-01
3.276298642158508301e-01
3.568593263626098633e-01
3.174260556697845459e-01
3.548470139503479004e-01
3.406006991863250732e-01
3.331840634346008301e-01
2.918294966220855713e-01
2.986567020416259766e-01
3.412066996097564697e-01
3.022519648075103760e-01
3.228996694087982178e-01
2.837635874748229980e-01
3.070762455463409424e-01
2.943321466445922852e-01
3.289374709129333496e-01
