9.279844503493750452e+00
3.136256273988780485e+00
8.525243578387952104e-01
1.044385395138273553e+00
2.303464225962011280e+00
9.558508020864088905e+00
1.715972837319161393e+00
1.414329298297411608e+00
1.962848144867630928e+00
1.009005019191024477e+00
7.415608699931108827e-01
3.078338746186398911e+00
2.193337269953744784e+00
2.981989961617950158e+00
9.762818620214546161e-01
1.532673949414427694e+00
1.235114654069481288e+00
1.771233146343863751e+00
8.664993602991830635e-01
4.363842141521503848e+00
1.866499360299183063e+00
1.987402814683594254e+00
1.061116031886625244e+01
1.017075091034346901e+00
1.047190237181379713e+00
2.799424269264835630e+01
1.625627398878063179e+00
1.359610274579273526e+00
2.514909949808089795e+00
3.534494636354689412e+00
1.230931994882393354e+00
3.756273988780631345e+00
3.590935931502805101e+00
1.319948823934651960e+00
1.213315618541482177e+00
1.371863005609684105e+00
1.047633106977659656e+00
9.701801003838205206e-01
1.665239641767542356e+00
7.064412951481152447e+00
2.459354394252533549e+00
9.019289440015746395e-01
7.961814782009645208e-01
7.964767247318177423e-01
7.714939474461174562e+00
3.328560181084539327e+00
8.458321031394546718e-01
2.004477905717941155e+00
9.854345044779057039e-01
2.208493258537545412e+00
3.419250073811632262e+00
4.769658498179312645e+00
1.274530065938391798e+00
1.717941147524849832e+00
1.441674047829937777e+01
3.550290325755339094e+00
1.697126267099694941e+00
1.472049995079224294e+00
1.256273988780631790e+00
2.210510776498376018e+00
1.047682314732801823e+00
2.012351146540694913e+00
2.084243676803464229e+00
9.675228816061410830e-01
9.359216612538135749e+00
3.855722861923039257e+00
2.772512547977560970e+00
1.826542663123708055e+00
9.820391693730932126e-01
9.763802775317389493e-01
1.735606731620903398e+00
8.624643243775219403e+00
1.640635764196437307e+00
9.582718236394055511e-01
1.006938293475051482e+00
2.948085818324968077e+00
6.924515303611848971e-01
1.330872945576222710e+00
5.679116228717645321e+00
1.478643834268280832e+00
2.762277334907981441e+00
4.795295738608404079e+00
1.185070367089853249e+00
1.751500836531837191e+00
2.536167700029524408e+00
2.075583111898434918e+00
1.562887511071744839e+00
1.831463438637929153e+00
1.079234327329987231e+01
3.117409703769314255e+00
2.219663418954826994e+00
1.271676016140143695e+00
1.737279795295738394e+00
4.771725223895285417e+00
1.526621395531935432e+00
5.206770987107568693e+00
1.832152347209920151e+00
1.615146147032772372e+00
5.364973919889774123e+00
1.276990453695502348e+00
1.703424859757897813e+00
3.844552701505757231e+00
1.231866942230095407e+00
5.206524948331856528e+00
3.633500639700816492e+00
1.192500738116327064e+00
5.595463044975887534e+00
1.553488829839582808e+00
3.578141915165829801e+00
3.916248400747957437e+00
1.040645605747465563e+00
2.489420332644424416e+00
3.022783190630843109e+00
8.178624151166223655e+00
3.554128530656431195e+00
2.522881606141127442e+00
1.564314535970868780e+00
2.567709871075681161e+00
5.722714299773643987e+00
1.407489420332644459e+00
4.250024603877571749e+00
2.183102056884164810e+00
3.382983958271823965e+00
4.202588327920479649e+00
1.741265623462257661e+00
2.327379194961125997e+00
4.215529967522881449e+00
4.597529770691860307e+00
5.334071449660465980e+00
4.357395925597874253e+00
1.351884657021946490e+00
5.693386477708886950e+00
2.875898041531345317e+00
2.058311189843519351e+00
1.556342879637830690e+00
2.900354295837023866e+00
3.284125578191122941e+00
1.371026473772266385e+00
2.062739887806318340e+00
3.091870878850506266e+00
8.054325361676999417e-01
3.607420529475445115e+00
1.316455073319555025e+00
1.822556834957189231e+00
2.438637929337663657e+00
1.114949316012203484e+00
6.642062789095561914e-01
6.411081586458025505e+00
1.543647278811140389e+00
5.241659285503395438e+00
2.539021749827772290e+00
1.854443460289341594e+00
4.339582718236393966e+00
1.442328510973329259e+00
5.938637929337662769e+00
8.270839484302726641e-01
3.983663025292785154e+00
7.429878948922349347e-01
1.348882983958271664e+00
5.281862021454580614e+00
1.668290522586359348e+00
1.945084145261293029e+00
2.501377817143981996e+00
3.735655939376045342e+00
2.140242102155299531e+00
4.231620903454384575e+00
3.248351540202735865e+00
8.369107371321719668e+00
1.055801594331266635e+00
5.295837023914968356e+00
1.926828068103533020e+00
2.203966145064462534e+00
3.678279696880227601e+00
1.688268871174096963e+00
6.335596890069874476e+00
8.908571990945771679e-01
3.327871272512547662e+00
1.077502214348981413e+00
1.923481940753862807e+00
1.763359905521109994e+00
5.311878752091329758e+00
3.710067906702096074e+00
3.309615195354787431e+00
1.780287373290030395e+00
6.751304005511269413e-01
1.656874323393366932e+00
9.407046550536364293e-01
5.896417675425646543e+00
4.008808188170455367e+00
1.820047239444936293e+00
5.459009939966538383e+00
2.612636551520519657e+00
2.803464225962011280e+00
1.424908965652986970e+00
1.647574057671488790e+00
2.427763015451235074e+00
4.170209625036905621e+00
3.545369550241117995e+00
2.388495226847751507e+00
1.533116819210707638e+00
1.270544237771872753e+00
6.389577797460879616e+00
1.657021946658793210e+00
1.376685365613620426e+00
2.038037594724928514e+00
1.808089754945379157e+00
2.182659187087884867e+00
1.455466981596299503e+00
2.228717645900994082e+00
1.781320736148016781e+00
6.151510678082864558e+00
9.949808089754944573e-01
1.960043302824524991e+00
3.177098710756815159e+00
5.829642751697667880e-01
4.147426434406061624e+00
2.182560771577600089e+00
4.548814093101071876e+00
5.617114457238460368e+00
1.750664304694419693e+00
1.955073319555161948e+00
1.943411081586457811e+00
3.000196831020568666e+00
2.503149296329101325e+00
2.640242102155299531e+00
4.087294557622281665e+00
1.623363842141521296e+00
2.529278614309614870e+00
1.791998819013876476e+00
1.654217104615687273e+00
2.806121444739690940e+00
1.164845979726404801e+00
1.800511760653478621e+00
2.198258045467965438e+00
3.626660761736049121e+00
2.336039759866154863e+00
8.251156382245841137e-01
1.849670308040546995e+00
1.216317291605157003e+00
4.920135813404192149e+00
1.794557622281271581e+00
6.168093691565790238e+00
5.051225273103041147e+00
5.206967818128136472e+00
8.798838696978643625e-01
1.776990453695502348e+00
4.073073516386182646e+00
2.601318767837811130e+00
2.171242987894892007e+00
8.659580749926188981e-01
9.117754158055308977e+00
1.053242791063871753e+00
2.220745989567955991e+00
3.068890857199094047e+00
2.931404389331758509e+00
2.478250172227142833e+00
9.532034248597578419e-01
8.612292097234522714e+00
3.538431256766065847e+00
4.811140635764195927e+00
3.119820883771281750e+00
4.936817242397401273e+00
3.470770593445526409e+00
4.562985926582029172e+00
2.306810353311681716e+00
1.796575140242101964e+00
4.934307646885148557e+00
1.395384312567660823e+00
1.907735459108355514e+00
2.135518157661647543e+00
5.034740675130400689e+00
3.377128235409900370e+00
1.939474461175080933e+00
7.535675622478101854e-01
4.176114555653970939e+00
2.024161007774825105e+00
3.330725322310795988e+00
1.554472984942426805e+00
6.933717153823441670e+00
3.900846373388445532e+00
1.552750713512449421e+00
4.186497391988977412e+00
5.264737722665091546e+00
3.054030115146146862e+00
9.667355575238656407e-01
2.517665584096053344e+00
3.213709280582619510e+00
4.048322015549650210e+00
1.725765180592461201e+00
4.001820686940261496e+00
1.023816553488829939e+00
3.018846570219466230e+00
1.707705934455270302e+00
8.964668831807892646e-01
2.479972443657119996e+00
2.092855033953350929e+00
4.316504281074696969e+00
1.467621297116425527e+00
1.272758586753272247e+00
1.636256273988780707e+00
3.510727290621001639e+00
1.256421612046058511e+00
9.249581734081290252e-01
1.035232752681822799e+00
2.433766361578584725e+00
3.491044188564117690e+00
2.113669914378506043e+00
4.185414821375847971e+00
1.349571892530262662e+00
7.150772561755732504e+00
1.421021552996752035e+00
2.762523373683692274e+00
1.578141915165830023e+00
1.836138175376438975e+00
1.374028146835941211e+00
1.824033067611455339e+00
3.289833677787618704e+00
1.093888396811337316e+00
6.493504576321227795e+00
3.439572876685365266e+00
1.312813699439031589e+00
9.022733982875700276e-01
2.616130302135616148e+00
3.013482924908965632e+00
1.841600236197224794e+00
1.134878456844798711e+00
4.543942525341993388e+00
1.888150772561755675e+00
8.144867631138666964e-01
9.341108158645803350e-01
7.888495226847751507e-01
1.770002952465308255e+00
7.892923924810549829e-01
1.819407538628087684e+00
1.242052947544532993e+00
2.674244660958566833e+00
3.473181773447494791e+00
1.151559885838007835e+00
2.069776596791654377e+00
5.056096840862119635e+00
1.478151756716858278e+00
3.175622478102548829e+00
1.726896958960732142e+00
2.655250467473673659e+00
4.863792933766361237e+00
3.479332742840271830e+00
2.606731620903453894e+00
1.931355181576616564e+00
1.418954827280779263e+00
1.531985040842436918e+00
5.015598858380080571e+00
2.619722468260997861e+00
3.256569235311485233e+00
5.985828166519043592e+00
2.727142997736442975e+00
3.645310500934947129e+00
2.417823048912508543e+00
2.323245743529180452e+00
1.068300364137387826e+00
4.181871863005609313e+00
1.022487944099990109e+00
5.103729947839779513e+00
9.912902273398287445e-01
2.474608798346619398e+00
8.109438047436274832e-01
1.798100580651510683e+00
2.791162287176458978e+00
7.194469048322014615e+00
2.121346324180690690e+00
1.853410097431355208e+00
7.973132565692353513e-01
3.866302529278614397e+00
2.590197815175671714e+00
7.289144769215628594e-01
2.988190138765869364e+00
4.221336482629662434e+00
1.512301938785552524e+00
1.012695600826690301e+00
2.565643145359708388e+00
1.307696092904241825e+00
1.591526424564511544e+00
3.046550536364531325e+00
3.471705540793228906e+00
3.580356264147229073e+00
1.083062690680051121e+00
2.084834169865170672e+00
2.772414132467276637e+00
1.229997047534691301e+00
2.338549355378407579e+00
3.909654561558901342e+00
1.855230784371616926e+00
4.568201948627103270e+00
2.608995177639995777e+00
1.081734081291211513e+00
3.281271528392874615e+00
1.797805334120657461e+00
5.062247810254895342e+00
1.237870288357445059e+00
2.531739002066725419e+00
3.931798051372895841e+00
1.349670308040546995e+00
1.414181675031984886e+00
1.820588524751501014e+00
2.328018895777974606e+00
1.221188859364235713e+00
3.292786143096151807e+00
6.729160515697273359e-01
1.997982482039169172e+00
1.839238263950398355e+00
9.344552701505757231e-01
3.376390119082767427e+00
2.011908276744414525e+00
1.703572483023324313e+00
3.452268477512055789e+00
3.277236492471212959e+00
2.346963881507725613e+00
5.595118590689892812e+00
2.297362464324377740e+00
1.426877275858675409e+00
1.554472984942426805e+00
4.302135616573171895e+00
1.579618147820096574e+00
4.134534002558803323e+00
8.401240035429582420e-01
5.580307056392086906e+00
3.641275465013285473e+00
2.127300462552898619e+00
1.922399370140733810e+00
1.496850703670898453e+00
6.868959748056293613e+00
1.702588327920480316e+00
2.972296033854935793e+00
1.588573959255978441e+00
1.574844995571301975e+00
3.754797756126365460e+00
1.770002952465308255e+00
1.966833973034149974e+00
1.287520913295935321e+00
2.107223698454876448e+00
2.255929534494636179e+00
1.308040547190236991e+00
2.048371223304792821e+00
2.002854049798247882e+00
2.682019486271036257e+00
2.841944690483220182e+00
1.253370731227241297e+00
1.799576813305776790e+00
1.314732801889577862e+00
2.544582226158842442e+00
1.039563035134337010e+00
4.118541482137584531e+00
1.824180690876882283e+00
2.728176360594429362e+00
3.167109536462946462e+00
1.128924318472591226e+00
2.185119574844995416e+00
3.236886133254600839e+00
1.828215726798543272e+00
1.832103139454777985e+00
5.067168585769116440e+00
2.921218384017321146e+00
4.184086211987009030e+00
2.250959551225272914e+00
3.616573171931896091e+00
9.457730538332840275e-01
2.682314732801889257e+00
2.704162976085030756e+00
1.440163369747071931e+00
3.499163468162581836e+00
1.154364727881113994e+00
4.003739789390807324e+00
3.331660269658497597e+00
1.650132860938883894e+00
2.268329888790473259e+00
4.215234720992028450e+00
1.213512449562050843e+00
2.753321523472099130e+00
2.593347111504773039e+00
8.195059541383721280e-01
2.091231178033658100e+00
2.259029623068595338e+00
3.020421218384016893e+00
7.391496899911425000e-01
3.706278909556146139e+00
2.404290916248400745e+00
9.472000787324081905e-01
1.856805432536167810e+00
2.123019387855526130e+00
1.648016927467768733e+00
7.964275169766754647e-01
2.865662828461765343e+00
8.360889676212971411e-01
7.946068300364137471e-01
8.676311386674540049e-01
7.515500442869795794e-01
3.770691861037299031e+00
1.753764393268379074e+00
1.279204802676901842e+00
3.346225765180592226e+00
1.367631138667454005e+00
1.986763113866745201e+00
1.838106485582127636e+00
2.273693534100973856e+00
1.195945280976281833e+00
1.369550241118000056e+00
1.821228225568349179e+00
7.832890463537052206e+00
9.883869697864383630e-01
1.743578387953941267e+00
2.913788012990847331e+00
3.649936029918314784e+00
3.583850014762326008e+00
1.656775907883082155e+00
2.583357937210904343e+00
1.628678279696880171e+00
8.636453105009348485e-01
1.735360692845192343e+00
2.089853360889676104e+00
1.426729652593248465e+00
2.231424072433815464e+00
5.415165830134829328e+00
1.874175770101367711e+00
1.025341993898238213e+00
7.246334022241904815e-01
3.426532821572679577e+00
2.396270052160220487e+00
1.782304891250860779e+00
1.127005216022044953e+00
2.567562247810255105e+00
1.432240921169176229e+00
1.686398976478692857e+00
2.387658695010333343e+00
1.634435587048518768e+00
3.188170455663812408e+00
1.998720598366302337e+00
2.506495423678771761e+00
2.001377817143981552e+00
4.943263458321031756e+00
3.224485778958764204e+00
3.461617950989075876e+00
3.025735655939376212e+00
9.126070268674342234e-01
1.073664009447889089e+00
1.383623659088672353e+00
1.866843814585178452e+00
1.478151756716858278e+00
2.077453006593839024e+00
1.568103533116819159e+00
5.373634484794802546e+00
2.015008365318374128e+00
3.518551323688613230e+00
1.691516583013482844e+00
5.940950693829347706e+00
4.368270839484302392e+00
9.858773742741855362e-01
1.559935045763212180e+00
1.150182068694026283e+00
1.836088967621297030e+00
1.456549552209428056e+00
2.889331758685168339e+00
1.284371616966833995e+00
2.821818718630055844e+00
1.884853852967227628e+00
1.976577108552307838e+00
3.097431355181576418e+00
1.697224682609979274e+00
2.997785651018600284e+00
2.232654266312370961e+00
3.090542269461666880e+00
1.744710166322212208e+00
2.013433717153823466e+00
3.412508611357149224e+00
5.367237476626315562e+00
3.684922743824426306e+00
1.366105698258045287e+00
1.471459502017517851e+00
4.398976478693041869e+00
1.762375750418265774e+00
2.306859561066823883e+00
3.482137584883377102e+00
3.725371518551323646e+00
5.084243676803463785e+00
2.036955024111799961e+00
1.030558015943312533e+00
1.507824033067611147e+00
1.599990158448971300e+00
7.442328510973329259e+00
2.011170160417282027e+00
1.206328117311288084e+00
2.891447692156284166e+00
3.056047633106977024e+00
1.701948627103631262e+00
1.060033461273496735e+00
1.563871666174589059e+00
1.524751500836531770e+00
2.048617262080503654e+00
2.736148016927467452e+00
1.371813797854541717e+00
2.266755240625922596e+00
3.031345340025588087e+00
3.021799035527998889e+00
1.043105993504576334e+00
2.108404684578289334e+00
1.223157169569924152e+00
6.563822458419447115e-01
1.593543942525341928e+00
7.405275071351243854e-01
1.234130498966637068e+00
3.823196535774037397e+00
2.348735360692844942e+00
1.798641865958074959e+00
3.350014762326542606e+00
1.911081586458025727e+00
1.215825214053734893e+00
1.639897647869303920e+00
1.698208837712823271e+00
2.939228422399370100e+00
2.187186300560968188e+00
1.219958665485680660e+00
2.715283928747170616e+00
4.701161303021355486e+00
1.511465406948135026e+00
1.225912803857887923e+00
2.204704261391595477e+00
4.391890561952563665e+00
1.923974018305284694e+00
8.048420431059933877e-01
1.173457336876291501e+00
1.635321326641078432e+00
1.623462257651805851e+00
1.087885050683987664e+00
1.031788209821867808e+00
1.717498277728569889e+00
3.438834760358232767e+00
1.042220253912016448e+00
1.260161401436866502e+00
1.625332152347209957e+00
4.134238756027949435e+00
1.569678181281369822e+00
3.761982088377127997e+00
1.065643145359708610e+00
4.204261391595315978e+00
1.130203720106288889e+00
2.373732900305087767e+00
2.027211888593642097e+00
1.065200275563428667e+00
1.115835055604763149e+00
1.376931404389331703e+00
1.479283535085129442e+00
2.610372994783977774e+00
1.028491290227339761e+00
1.329937998228520879e+00
1.433372699537447170e+00
2.057080995964963854e+00
5.274776104714102409e+00
5.791555949217596755e+00
1.847898828855427666e+00
6.869402617852572446e-01
2.863251648459796961e+00
2.635518157661647098e+00
2.246186398976478760e+00
1.696043696486565944e+00
1.766361578584784819e+00
2.365712036216907510e+00
5.147524849916346845e+00
1.338647770888692135e+00
9.297313256569234019e-01
2.032034248597578863e+00
2.655890168290522713e+00
1.924170849325853583e+00
1.494882393465210013e+00
1.095167798445034979e+00
2.019683102056883950e+00
1.898238362365908927e+00
4.913935636256273831e+00
1.748400747957878032e+00
8.350063970081684772e-01
2.176901879736246492e+00
1.290916248400748145e+00
2.019781517567168283e+00
2.032723157169569639e+00
9.954728865269166782e-01
1.839484302726109632e+00
1.513089262867827856e+00
1.155840960535380324e+00
1.456106682413148334e+00
1.450792244857789681e+00
1.677541580553094880e+00
2.048125184529081544e+00
3.355132368861332370e+00
1.212675917724633345e+00
4.595118590689892812e+00
1.718039563035134165e+00
4.071744906997341928e+00
1.175130400551126941e+00
1.864973919889774345e+00
1.654463143391398550e+00
2.954876488534593282e+00
2.294311583505560304e+00
1.395531935833087100e+00
3.644916838893809352e+00
1.903700423186694080e+00
1.741757701013679771e+00
2.493898238362366016e+00
3.501476232654266330e+00
1.440310993012498875e+00
3.301987993307744951e+00
3.274579273693534187e+00
1.828412557819112161e+00
7.809762818620212821e-01
1.657120362169077543e+00
1.039120165338057289e+00
1.633500639700816492e+00
1.671784273201456728e+00
1.039267788603483789e+00
2.502755634287963993e+00
9.353410097431353876e-01
1.625184529081783236e+00
3.409999015844897396e+00
2.199389823836236157e+00
1.079076862513531854e+00
1.181625824229898702e+00
2.418757996260210597e+00
8.335793721090443142e-01
3.890709575829150779e+00
6.647967719712626344e-01
3.463389430174195205e+00
1.211593347111504793e+00
9.424761342387559804e-01
1.602499753961224238e+00
3.838254108847554136e+00
2.127152839287471675e+00
1.553045960043302642e+00
1.439523668930223099e+00
1.328117311288258939e+00
4.504969983269362821e+00
3.070170258832792154e+00
1.327871272512547884e+00
1.939769707705934598e+00
1.991683889380966299e+00
1.660171242987894979e+00
4.956795590985138666e+00
9.613719122133648209e-01
1.077945084145261134e+00
2.741708493258537604e+00
2.037447101663222071e+00
1.143785060525538633e+00
1.585031000885739338e+00
1.245595905914772095e+00
2.008562149394744534e+00
1.331365023127644820e+00
4.093691565790768649e+00
2.891841354197421499e+00
1.541531345340025227e+00
1.409703769314043731e+00
1.505166814289932153e+00
1.151461470327723502e+00
2.430469441984056456e+00
2.230833579372109021e+00
1.501722271429977162e+00
1.022143489813994499e+00
1.061558901682905232e+00
1.342387560279500125e+00
1.534986713906111744e+00
2.814289932093297697e+00
1.109438047436275943e+00
1.055653971065840135e+00
2.171587442180887617e+00
2.072138569038480593e+00
1.677886034839090712e+00
1.820440901486074070e+00
1.682560771577600534e+00
1.323048912508611119e+00
2.274480858183249410e+00
1.462503690581635762e+00
2.944149197913591198e+00
4.441688810156480649e+00
2.675917724633401829e+00
1.003346127349670214e+00
1.641275465013285917e+00
1.863054817439228072e+00
3.010038382049010419e+00
8.506544631433913262e-01
1.133254600925105660e+00
1.248203916937309144e+00
7.856018108453892701e-01
1.508316110619033257e+00
2.093150280484204373e+00
1.681625824229898702e+00
1.820244070465505182e+00
1.295000492077551302e+00
8.607912607026866336e-01
1.096594823344158920e+00
2.825558508020864057e+00
3.671587442180887617e+00
2.397204999507922096e+00
3.200078732408226934e+00
1.299035527999212514e+00
8.079913394350948241e-01
2.972443657120361848e+00
1.447396909752976857e+00
7.303907095758290779e-01
3.135272118885936266e+00
3.338450939868122802e+00
2.604369648656628122e+00
3.101269560082668519e+00
2.017911622871764177e+00
2.180346422596201261e+00
3.026030902470228767e+00
1.833382541088475648e+00
4.056441295148114357e+00
1.722025391201653211e+00
2.543352032280287389e+00
1.075091034347013030e+00
1.327329987205983608e+00
2.401584489715578918e+00
1.089804153134533937e+00
1.189745103828363515e+00
9.234819407538626956e-01
3.132860938883967883e+00
9.813502608011022144e-01
1.239740183052849165e+00
3.946314339139848304e+00
9.211691762621788682e-01
1.638273791949611091e+00
1.223403208345635207e+00
8.104517271922053734e-01
1.476527900797165671e+00
3.063970081684873836e+00
4.660072827477610424e+00
1.883131581537250465e+00
1.432388544434602728e+00
1.239297313256569000e+00
8.852967227635073488e-01
2.980120066922546496e+00
1.136600728274776095e+00
1.542810746973722891e+00
1.926532821572679799e+00
1.049601417183348095e+00
2.305924613719121830e+00
1.002411180001968383e+00
1.805973821474264440e+00
2.064363743726011169e+00
3.137634091132762038e+00
9.011908276744413637e-01
1.788701899419348207e+00
1.216710953646294557e+00
9.318964668831807296e-01
1.224781025489616981e+00
1.270888692057868363e+00
1.804743627595708944e+00
1.239986221828559998e+00
1.181527408719614147e+00
2.067168585769116884e+00
1.524849916346816103e+00
1.250811927959846415e+00
2.658252140537348485e+00
1.583948430272610786e+00
1.851687826001377823e+00
1.439769707705934376e+00
1.768379096545615425e+00
1.395039858281665213e+00
1.502854049798248326e+00
2.123314634386379574e+00
2.252288160614112744e+00
1.349817931305973717e+00
2.220795197323097714e+00
1.224436571203621815e+00
3.084686546599743728e+00
3.278171439818915456e+00
1.782501722271429667e+00
1.830380868024800600e+00
4.320539316996359069e+00
4.103483909064068236e+00
1.468605452219269747e+00
9.891250861135714167e-01
1.126562346225765232e+00
9.178230489125084324e-01
1.464176754256470758e+00
1.713758488337761676e+00
1.361184922743824410e+00
2.331611061903355875e+00
2.221434898139946768e+00
1.442623757504182702e+00
1.624987698061214125e+00
2.385345930518649737e+00
1.491929928156677354e+00
2.323983859856313394e+00
1.717104615687432334e+00
1.062149394744611897e+00
1.186743430764688689e+00
3.151313847062296336e+00
1.775661844306662518e+00
1.084194469048321841e+00
1.902765475838992026e+00
1.283731916149985164e+00
1.288751107174490595e+00
1.510825706131285973e+00
1.705393169963586253e+00
1.651904340124003445e+00
1.716022045074303559e+00
1.707705934455270302e+00
1.664058655644129470e+00
8.555752386576123136e-01
1.231276449168388964e+00
2.065593937604566666e+00
1.817783682708394855e+00
1.177639996063379657e+00
3.890168290522586059e+00
1.089804153134533937e+00
2.597431355181576862e+00
1.235557523865761231e+00
2.221877767936226711e+00
2.161056982580454644e+00
5.217055407932289945e+00
1.942230095463044703e+00
2.059049306170652738e+00
1.363300856214939349e+00
1.349030607223698386e+00
2.608847554374569722e+00
1.148312173998622177e+00
3.042761539218580946e+00
1.525440409408522546e+00
1.457435291801988164e+00
1.036659777580946740e+00
1.012744808581832467e+00
2.052111012695600589e+00
1.012400354295837079e+00
8.476035823245742229e-01
2.044188564117705109e+00
7.677886034839090934e-01
2.217399862218285111e+00
1.419250073811632484e+00
1.709378998130105298e+00
3.540891644523176840e+00
2.258193091231178062e+00
3.932536167700029228e+00
1.720844405078240325e+00
1.665977758094675742e+00
2.050585572286192093e+00
6.965357740379883866e-01
1.625282944592067569e+00
8.309221533313649877e-01
1.997244365712035785e+00
2.297313256569235129e+00
1.201554965062493929e+00
1.179608306269068096e+00
3.149739198897745673e+00
2.881310894596988526e+00
3.279254010432044009e+00
5.039169373093200122e+00
4.740232260604271275e+00
7.999212675917724003e-01
1.604910933963192621e+00
8.042515500442869447e-01
1.448971557917527742e+00
2.578338746186398911e+00
1.507528786536757925e+00
7.486959944887313645e-01
1.853705343962208429e+00
1.588426335990552163e+00
1.311681921070760648e+00
9.942426926483614036e-01
2.039907489420332620e+00
8.817537643932682467e-01
1.012498769806121413e+00
2.041236098809172450e+00
1.531345340025587864e+00
1.821129810058064846e+00
3.832398385985630984e+00
2.885050683987796738e+00
1.648016927467768733e+00
1.713955319358330565e+00
1.901387658695010030e+00
2.492618836728668352e+00
1.996850703670898231e+00
1.352770396614506376e+00
1.212774333234917679e+00
1.580995964964078349e+00
1.884755437456943072e+00
3.136305481743922208e+00
3.563871666174589059e+00
1.419791359118196983e+00
2.580208640881803017e+00
3.373929731325656878e+00
2.336335006397007863e+00
1.548666469835646042e+00
2.023964176754256439e+00
1.904733786044680688e+00
9.092608995177640097e-01
1.274136403897254244e+00
9.669815962995768066e-01
2.586507233540005668e+00
3.774382442672965077e+00
8.635468949906505154e-01
1.836679460683003695e+00
2.464914870583603701e+00
7.357051471311878421e-01
3.184824328314142416e+00
1.442082472197618426e+00
2.044828264934553719e+00
1.075484696388150585e+00
3.709772660171242631e+00
7.340320834563526242e-01
9.655545714004525326e-01
4.803021356165731781e+00
1.040596397992323618e+00
9.112784174785946156e-01
2.412311780336581002e+00
8.998130105304594784e-01
2.120657415608699914e+00
3.256372404290916123e+00
9.842535183544925959e-01
1.035724830233244687e+00
1.355083161106190204e+00
1.082718236394055511e+00
1.689991142604074348e+00
1.847849621100285056e+00
9.172817636059442670e-01
2.248007085916740255e+00
1.571203621690778540e+00
1.425155004428697803e+00
1.412213364826296447e+00
1.401043204409014864e+00
1.624151166223797071e+00
9.344552701505757231e-01
1.148951874815471008e+00
1.236394055703178729e+00
1.727979529573860695e+00
2.032427910638716639e+00
2.558852475150083183e+00
3.114555653971065485e+00
1.350113177836826939e+00
3.404979824820391521e+00
1.871518551323688717e+00
2.476675524062592171e+00
7.935734671784272498e-01
1.100629859265820132e+00
2.678574943411081044e+00
1.303168979431158281e+00
1.112341304989666213e+00
7.487452022438736421e-01
1.211888593642358014e+00
1.051471311878751980e+00
7.114457238460781818e-01
