0.000000000000000000e+00
2.268225286679733276e+09
0.000000000000000000e+00
5.970366290897904634e+08
0.000000000000000000e+00
1.879142161289888993e+07
0.000000000000000000e+00
0.000000000000000000e+00
6.693717526743497849e+08
1.207532113290968180e+09
0.000000000000000000e+00
6.657802060076930560e+06
0.000000000000000000e+00
1.920489688426151037e+09
0.000000000000000000e+00
1.051731654686113000e+09
0.000000000000000000e+00
1.812829868270541668e+09
0.000000000000000000e+00
3.288034018629041672e+09
1.859126938930422783e+09
1.460793837977018356e+09
0.000000000000000000e+00
0.000000000000000000e+00
0.000000000000000000e+00
0.000000000000000000e+00
0.000000000000000000e+00
1.468649892182607576e+07
0.000000000000000000e+00
0.000000000000000000e+00
0.000000000000000000e+00
7.193990059331808090e+08
0.000000000000000000e+00
1.817457499771856308e+09
1.072052902657944523e+07
2.220963415346753784e+06
0.000000000000000000e+00
0.000000000000000000e+00
0.000000000000000000e+00
2.629869950554118957e+06
0.000000000000000000e+00
0.000000000000000000e+00
1.000000000000000000e+00
0.000000000000000000e+00
2.731716962865912914e+09
0.000000000000000000e+00
0.000000000000000000e+00
9.960573394159448147e+08
0.000000000000000000e+00
0.000000000000000000e+00
0.000000000000000000e+00
0.000000000000000000e+00
1.919747598557791948e+09
0.000000000000000000e+00
0.000000000000000000e+00
2.075949923542383194e+09
1.933786056215388298e+09
0.000000000000000000e+00
2.112676085151927948e+09
1.043268034083227627e+07
0.000000000000000000e+00
0.000000000000000000e+00
1.494669897926094770e+09
2.712213417804125786e+09
1.148525414664370269e+08
0.000000000000000000e+00
1.867322170381666899e+09
1.291922828217396975e+09
0.000000000000000000e+00
0.000000000000000000e+00
2.914424971119120121e+09
5.477274306070425548e+06
0.000000000000000000e+00
2.212168048202710152e+09
8.322224910494053364e+08
0.000000000000000000e+00
0.000000000000000000e+00
1.545377062862280607e+09
0.000000000000000000e+00
0.000000000000000000e+00
3.454023672744120598e+09
0.000000000000000000e+00
1.454366793950386286e+09
0.000000000000000000e+00
1.050207325974593684e+07
0.000000000000000000e+00
1.190107847649679422e+09
7.195396165309835672e+08
0.000000000000000000e+00
3.760006855640182018e+09
0.000000000000000000e+00
2.317988894971470356e+09
2.644405156202191830e+09
0.000000000000000000e+00
0.000000000000000000e+00
0.000000000000000000e+00
2.750460683390908409e+06
0.000000000000000000e+00
0.000000000000000000e+00
1.750188829025049686e+09
0.000000000000000000e+00
0.000000000000000000e+00
6.230094423741905689e+08
1.676201147876360178e+09
0.000000000000000000e+00
0.000000000000000000e+00
4.279527453978445381e+06
0.000000000000000000e+00
0.000000000000000000e+00
1.810804761534307003e+09
0.000000000000000000e+00
0.000000000000000000e+00
0.000000000000000000e+00
6.047742934495137930e+08
0.000000000000000000e+00
0.000000000000000000e+00
9.279091451878175735e+08
1.225074280222067595e+09
1.629873548576321453e+06
3.713636769871844292e+09
4.693345900926940143e+06
0.000000000000000000e+00
0.000000000000000000e+00
2.188295717483066082e+09
1.003184747317204595e+09
0.000000000000000000e+00
1.400158792207085848e+09
1.374438840989883661e+09
4.389355350360303186e+06
1.645985085498475313e+09
1.178232202541129351e+09
0.000000000000000000e+00
1.227656862531804800e+09
1.312825421670656681e+09
1.464548551066585302e+09
0.000000000000000000e+00
0.000000000000000000e+00
2.335888304107929707e+09
0.000000000000000000e+00
0.000000000000000000e+00
5.778550137826228142e+08
0.000000000000000000e+00
0.000000000000000000e+00
0.000000000000000000e+00
1.995326723014269723e+06
0.000000000000000000e+00
0.000000000000000000e+00
0.000000000000000000e+00
3.579021796327341557e+09
0.000000000000000000e+00
1.441765200549099207e+09
2.927741354618277073e+09
0.000000000000000000e+00
1.558073182161352873e+09
0.000000000000000000e+00
6.174526198757630587e+08
0.000000000000000000e+00
0.000000000000000000e+00
2.827307858328545570e+09
2.386617504771015167e+09
1.999869001488891840e+09
0.000000000000000000e+00
0.000000000000000000e+00
2.336475695980651304e+06
3.529508510307178497e+09
0.000000000000000000e+00
0.000000000000000000e+00
0.000000000000000000e+00
0.000000000000000000e+00
0.000000000000000000e+00
0.000000000000000000e+00
0.000000000000000000e+00
0.000000000000000000e+00
0.000000000000000000e+00
2.460406958175223786e+06
0.000000000000000000e+00
5.457260890129355431e+09
0.000000000000000000e+00
2.740031683745223522e+09
0.000000000000000000e+00
0.000000000000000000e+00
1.777416624867453814e+09
2.103348627851906061e+09
0.000000000000000000e+00
4.925502267941953614e+06
2.284460861572017670e+09
3.616421458122324944e+09
2.056541753327699844e+06
0.000000000000000000e+00
1.782979363173679352e+09
0.000000000000000000e+00
1.574838636606929302e+09
2.543913378782419488e+06
2.245971236424826145e+09
6.511351075916031748e+07
0.000000000000000000e+00
0.000000000000000000e+00
0.000000000000000000e+00
1.346826216729156733e+09
0.000000000000000000e+00
0.000000000000000000e+00
0.000000000000000000e+00
2.753161791106629848e+09
0.000000000000000000e+00
4.540737820258300751e+07
0.000000000000000000e+00
0.000000000000000000e+00
8.752747375783900023e+08
0.000000000000000000e+00
1.201628134494123697e+09
0.000000000000000000e+00
2.052199699830671549e+09
3.602479551624998569e+09
0.000000000000000000e+00
0.000000000000000000e+00
1.396354501412581205e+09
4.513142296813994646e+08
0.000000000000000000e+00
0.000000000000000000e+00
0.000000000000000000e+00
2.298186903604343891e+09
2.582309455775633335e+09
7.040203313218850642e+06
0.000000000000000000e+00
1.166247110510538340e+09
2.786571985880784035e+09
2.390939843336513042e+09
6.050253439131079674e+09
1.419732162434551477e+09
0.000000000000000000e+00
1.825749669824052334e+09
2.929059611657259941e+09
0.000000000000000000e+00
0.000000000000000000e+00
0.000000000000000000e+00
0.000000000000000000e+00
0.000000000000000000e+00
4.341787956327011809e+06
3.513231345775349617e+09
0.000000000000000000e+00
0.000000000000000000e+00
0.000000000000000000e+00
0.000000000000000000e+00
0.000000000000000000e+00
0.000000000000000000e+00
0.000000000000000000e+00
2.310833088814205825e+08
0.000000000000000000e+00
1.207616968733340979e+09
0.000000000000000000e+00
0.000000000000000000e+00
0.000000000000000000e+00
0.000000000000000000e+00
7.890564568289082050e+08
0.000000000000000000e+00
1.222507868860274792e+09
0.000000000000000000e+00
1.433412266470790625e+09
0.000000000000000000e+00
0.000000000000000000e+00
2.065133263290129662e+09
1.984849511905363083e+09
0.000000000000000000e+00
6.479458256407241821e+08
2.805109934813297167e+07
0.000000000000000000e+00
1.496325027306817770e+09
0.000000000000000000e+00
1.235103677766058683e+09
0.000000000000000000e+00
1.779971058658247709e+09
0.000000000000000000e+00
0.000000000000000000e+00
0.000000000000000000e+00
5.180136020438544154e+08
5.406187235217435360e+08
1.912649029444979429e+09
0.000000000000000000e+00
0.000000000000000000e+00
0.000000000000000000e+00
9.138020881744761020e+06
0.000000000000000000e+00
3.749280270325305462e+09
0.000000000000000000e+00
0.000000000000000000e+00
0.000000000000000000e+00
0.000000000000000000e+00
0.000000000000000000e+00
2.282214581492005348e+09
2.600519072785906315e+09
0.000000000000000000e+00
2.379521533380142212e+09
1.175477367114921331e+09
0.000000000000000000e+00
0.000000000000000000e+00
0.000000000000000000e+00
1.056989662197977901e+09
0.000000000000000000e+00
0.000000000000000000e+00
1.482034737370374680e+09
7.551042856052868068e+06
1.567765231231920958e+09
0.000000000000000000e+00
4.918595696736910820e+09
2.073744727311618567e+09
0.000000000000000000e+00
0.000000000000000000e+00
0.000000000000000000e+00
0.000000000000000000e+00
0.000000000000000000e+00
2.046697942130587064e+06
0.000000000000000000e+00
0.000000000000000000e+00
1.355525633543324471e+09
9.933008404067579508e+08
0.000000000000000000e+00
0.000000000000000000e+00
2.159657680742835522e+09
0.000000000000000000e+00
4.276493142882344872e+07
1.390323928369856358e+09
0.000000000000000000e+00
0.000000000000000000e+00
3.044090538956483364e+09
0.000000000000000000e+00
0.000000000000000000e+00
1.439335765040394545e+09
0.000000000000000000e+00
0.000000000000000000e+00
0.000000000000000000e+00
7.352274267924461365e+08
0.000000000000000000e+00
0.000000000000000000e+00
6.652131925319384336e+08
0.000000000000000000e+00
0.000000000000000000e+00
0.000000000000000000e+00
0.000000000000000000e+00
0.000000000000000000e+00
0.000000000000000000e+00
0.000000000000000000e+00
0.000000000000000000e+00
0.000000000000000000e+00
1.490350251959610939e+09
1.226371624054759979e+09
0.000000000000000000e+00
2.185942379867310524e+09
0.000000000000000000e+00
0.000000000000000000e+00
0.000000000000000000e+00
0.000000000000000000e+00
0.000000000000000000e+00
0.000000000000000000e+00
0.000000000000000000e+00
0.000000000000000000e+00
5.796024171788055420e+09
0.000000000000000000e+00
3.996684158416398048e+09
0.000000000000000000e+00
0.000000000000000000e+00
0.000000000000000000e+00
1.999803129400760412e+09
0.000000000000000000e+00
0.000000000000000000e+00
4.511071481189229339e+07
0.000000000000000000e+00
0.000000000000000000e+00
9.276035539019577205e+06
0.000000000000000000e+00
2.032761352905067444e+09
0.000000000000000000e+00
1.435182339634216070e+09
2.490885253910326004e+09
0.000000000000000000e+00
0.000000000000000000e+00
0.000000000000000000e+00
4.069230857055438519e+09
9.868903314003907144e+06
0.000000000000000000e+00
0.000000000000000000e+00
0.000000000000000000e+00
0.000000000000000000e+00
2.824478185016645908e+09
1.468745033713647842e+09
0.000000000000000000e+00
1.714304416631451130e+09
4.756004742988067865e+08
0.000000000000000000e+00
1.208152756355654240e+09
0.000000000000000000e+00
2.355865114108894348e+09
0.000000000000000000e+00
0.000000000000000000e+00
0.000000000000000000e+00
0.000000000000000000e+00
0.000000000000000000e+00
0.000000000000000000e+00
1.266376679565141439e+09
0.000000000000000000e+00
0.000000000000000000e+00
0.000000000000000000e+00
0.000000000000000000e+00
0.000000000000000000e+00
0.000000000000000000e+00
2.659546258202922344e+09
1.065788083926744223e+09
0.000000000000000000e+00
1.317310137686299086e+09
5.642722405353860855e+08
0.000000000000000000e+00
0.000000000000000000e+00
0.000000000000000000e+00
5.068815266719723701e+09
7.578884581661956310e+08
7.872374869394207001e+08
1.422422089846153259e+09
7.918997329928313494e+08
0.000000000000000000e+00
0.000000000000000000e+00
2.024684619354974985e+09
0.000000000000000000e+00
2.275124249047221184e+09
0.000000000000000000e+00
0.000000000000000000e+00
0.000000000000000000e+00
1.174179715220755577e+09
1.125132650385092497e+09
0.000000000000000000e+00
3.205442458807286739e+09
4.729084029811265469e+08
0.000000000000000000e+00
0.000000000000000000e+00
0.000000000000000000e+00
0.000000000000000000e+00
1.479885123444910765e+09
1.076693507925681591e+09
0.000000000000000000e+00
3.738461143678218842e+09
2.509987476367223263e+09
1.893155963073722363e+09
8.934667908705657721e+08
2.007322132283797264e+09
1.390424682172986269e+09
3.513277634651407719e+09
1.126217809372690916e+09
0.000000000000000000e+00
0.000000000000000000e+00
0.000000000000000000e+00
0.000000000000000000e+00
1.997634953905394077e+09
0.000000000000000000e+00
1.617254548827005863e+09
6.392879043295117617e+08
0.000000000000000000e+00
0.000000000000000000e+00
0.000000000000000000e+00
0.000000000000000000e+00
2.415065134856878757e+09
0.000000000000000000e+00
6.650204011487452984e+08
9.717371987358132601e+08
3.210556763651707649e+09
0.000000000000000000e+00
0.000000000000000000e+00
0.000000000000000000e+00
5.810947350999974012e+08
0.000000000000000000e+00
0.000000000000000000e+00
2.187803228209080920e+07
2.888385874293408871e+09
2.855171565000813007e+09
1.751219128018650770e+09
0.000000000000000000e+00
8.833671458876169920e+08
0.000000000000000000e+00
0.000000000000000000e+00
1.141334909910369158e+09
1.514948911354381561e+09
2.269403559568829834e+06
1.420508660326931477e+09
0.000000000000000000e+00
2.232182044818955474e+06
0.000000000000000000e+00
1.435116158815081358e+09
0.000000000000000000e+00
0.000000000000000000e+00
0.000000000000000000e+00
0.000000000000000000e+00
0.000000000000000000e+00
0.000000000000000000e+00
5.471876559061743021e+08
0.000000000000000000e+00
1.186876880455483124e+07
0.000000000000000000e+00
0.000000000000000000e+00
0.000000000000000000e+00
0.000000000000000000e+00
1.613710633216046810e+09
0.000000000000000000e+00
1.187898982945208311e+09
1.429671448801713705e+09
2.565131255242517684e+06
1.352329540048003674e+09
0.000000000000000000e+00
0.000000000000000000e+00
9.816350009428553581e+08
0.000000000000000000e+00
0.000000000000000000e+00
2.154097241445283890e+09
2.473600843661089420e+09
1.468638604613336086e+09
0.000000000000000000e+00
1.278739143380930901e+09
0.000000000000000000e+00
4.586535067071817815e+07
1.668441638917774200e+09
0.000000000000000000e+00
0.000000000000000000e+00
0.000000000000000000e+00
7.505531806556366682e+08
1.502670187912687540e+09
0.000000000000000000e+00
1.519099656605301619e+09
0.000000000000000000e+00
2.091773606900307655e+09
4.648130254638190269e+09
4.971663563132992983e+08
0.000000000000000000e+00
7.112794981754066944e+08
0.000000000000000000e+00
0.000000000000000000e+00
1.091752221939777136e+09
1.720576173154497862e+09
9.093572053932809830e+08
2.054422586986192942e+09
4.286548428739643574e+09
3.556357105835249901e+09
1.339061541616738081e+09
7.754112349760061502e+08
8.127195738701941445e+06
1.066221142441396713e+09
0.000000000000000000e+00
0.000000000000000000e+00
1.732454215303600311e+09
2.577109147623592854e+09
2.258260669184562683e+09
1.461159570780934095e+09
1.230131430802240372e+09
0.000000000000000000e+00
1.372062593237832785e+09
1.503267559181628227e+09
1.749454918734048367e+09
8.699420392817430496e+08
1.268500252078036785e+09
0.000000000000000000e+00
0.000000000000000000e+00
1.301587421364149570e+09
1.917055716032136202e+09
0.000000000000000000e+00
1.633243138334126472e+09
2.344928393262462139e+09
1.029625049893186688e+09
2.568707766386516094e+09
1.464509959263252020e+09
9.254184583237016201e+08
0.000000000000000000e+00
7.205294071953802109e+09
0.000000000000000000e+00
5.559395127588068962e+09
7.690082783882033825e+08
3.809113366742257118e+09
0.000000000000000000e+00
0.000000000000000000e+00
1.363188195423321724e+09
1.680930269585787296e+09
6.939827061108839512e+08
0.000000000000000000e+00
2.094209504750800610e+09
0.000000000000000000e+00
0.000000000000000000e+00
2.393356203236740112e+09
0.000000000000000000e+00
4.772775635327847481e+09
0.000000000000000000e+00
7.438350696784277447e+06
3.259666005596307278e+09
2.778927523195127964e+09
0.000000000000000000e+00
0.000000000000000000e+00
2.113149342648135662e+09
1.319649516280166864e+09
0.000000000000000000e+00
9.967596969113023281e+08
7.417187501332602501e+08
0.000000000000000000e+00
2.213893216751058102e+09
2.289608549523904800e+09
0.000000000000000000e+00
9.383470046180700064e+08
0.000000000000000000e+00
1.560010897499056816e+09
0.000000000000000000e+00
0.000000000000000000e+00
1.314922930853596687e+09
0.000000000000000000e+00
0.000000000000000000e+00
0.000000000000000000e+00
2.766026803883297920e+09
4.152129345513865471e+09
0.000000000000000000e+00
0.000000000000000000e+00
1.048867145498880029e+09
7.799434961004594564e+08
0.000000000000000000e+00
1.815494995732358217e+09
0.000000000000000000e+00
2.915826871652940273e+09
4.298245770555321693e+09
1.438289966424616575e+09
2.338182278335371494e+09
9.805836372948325872e+08
0.000000000000000000e+00
0.000000000000000000e+00
1.403850132672679663e+09
0.000000000000000000e+00
0.000000000000000000e+00
0.000000000000000000e+00
0.000000000000000000e+00
1.374650127910748005e+09
2.086633074169151485e+06
3.210317068730041981e+09
0.000000000000000000e+00
0.000000000000000000e+00
2.369478991933092117e+09
1.255789962545662880e+09
0.000000000000000000e+00
0.000000000000000000e+00
7.636922051126701832e+08
7.859782672606368065e+08
1.891747192636099577e+09
0.000000000000000000e+00
8.187220409104800224e+08
1.777849917118456125e+09
0.000000000000000000e+00
0.000000000000000000e+00
0.000000000000000000e+00
0.000000000000000000e+00
1.903155430077573776e+09
1.317394028737374306e+09
1.086190094705912113e+09
4.198909558873971939e+09
2.574151128926120758e+09
0.000000000000000000e+00
0.000000000000000000e+00
6.446631524603669643e+08
5.943811360340960026e+08
1.093746277227966785e+09
0.000000000000000000e+00
0.000000000000000000e+00
9.245247479107232094e+08
1.473704132013364792e+09
1.989724002865874529e+09
3.431404497844202995e+09
1.645099784537557125e+09
0.000000000000000000e+00
5.110435917162782669e+09
0.000000000000000000e+00
4.005751656880543232e+09
0.000000000000000000e+00
2.760935440256749153e+09
0.000000000000000000e+00
0.000000000000000000e+00
1.637527400634547234e+09
2.041757851442462444e+09
0.000000000000000000e+00
1.227169013956003904e+09
0.000000000000000000e+00
0.000000000000000000e+00
2.995156011735025883e+09
2.380833427627847672e+09
0.000000000000000000e+00
2.383595471062621117e+09
0.000000000000000000e+00
6.589311320819441080e+08
2.111613961737614155e+09
3.163111061601973057e+09
0.000000000000000000e+00
5.796393283469440937e+08
0.000000000000000000e+00
0.000000000000000000e+00
0.000000000000000000e+00
8.982609482856945992e+08
0.000000000000000000e+00
1.304153732772015810e+09
0.000000000000000000e+00
2.460787888420573711e+09
2.253514987274235249e+09
1.504119471300963163e+09
1.135131254284366131e+09
3.910259001416016370e+06
0.000000000000000000e+00
0.000000000000000000e+00
1.968511492927406549e+09
3.443186935490366817e+07
0.000000000000000000e+00
0.000000000000000000e+00
9.406473121248545647e+08
1.870568471080475569e+09
2.187949762213234901e+09
3.397469653324885368e+09
1.283837383001350403e+09
1.789655626798946142e+09
0.000000000000000000e+00
1.725059219253745079e+09
1.230509666125675201e+09
2.207538619050611973e+09
6.103805162930442095e+08
1.084483645895082474e+09
1.739284995634274960e+09
1.258760658686226368e+09
0.000000000000000000e+00
0.000000000000000000e+00
5.612532375978375673e+08
0.000000000000000000e+00
2.410746826327118874e+09
0.000000000000000000e+00
1.429969726597601414e+09
0.000000000000000000e+00
0.000000000000000000e+00
0.000000000000000000e+00
1.074098243440918446e+09
1.397240936872620106e+09
4.850433170219300270e+09
3.367514060505909920e+09
1.499377362833958149e+09
1.432502883251101494e+09
1.614979731280216694e+09
2.178002990263694286e+09
0.000000000000000000e+00
0.000000000000000000e+00
1.434010445378284693e+09
7.796660895668909550e+08
1.745299348034150362e+09
2.382920357975734711e+09
2.024480111941251278e+09
0.000000000000000000e+00
0.000000000000000000e+00
1.735081188801158428e+09
0.000000000000000000e+00
1.268514179756171942e+09
1.691033748685699940e+09
1.311160188669795513e+09
0.000000000000000000e+00
2.726670789914402008e+09
0.000000000000000000e+00
1.675656478378991365e+09
0.000000000000000000e+00
2.061861688718145370e+09
1.650378876213415384e+09
2.203054330032536983e+09
0.000000000000000000e+00
2.164143927848777771e+09
0.000000000000000000e+00
4.326564749367082864e+07
1.025543067478335619e+09
0.000000000000000000e+00
1.252122193208772421e+09
4.300936610001778007e+08
0.000000000000000000e+00
2.005581762209256172e+09
0.000000000000000000e+00
1.131733876925441265e+09
1.657868701754796982e+09
0.000000000000000000e+00
1.338214954844491243e+09
1.260198828798105568e+07
3.048813504011935592e+08
1.791999400794046402e+09
8.707103269270629883e+08
2.106033850133031607e+09
7.329448483997511864e+08
2.139342426325745583e+09
0.000000000000000000e+00
2.028926130034647465e+09
0.000000000000000000e+00
2.558125171333034039e+09
0.000000000000000000e+00
1.706675804283947945e+09
0.000000000000000000e+00
1.802746725033472300e+09
7.566313216974804401e+08
0.000000000000000000e+00
0.000000000000000000e+00
1.197282199118137836e+09
1.728859059898810387e+09
0.000000000000000000e+00
2.670237627820252419e+09
6.097227617994199753e+09
3.964695683216618747e+07
1.680158989524696350e+09
1.309778901731211662e+09
0.000000000000000000e+00
1.331286085514722109e+09
9.987513039160532951e+08
0.000000000000000000e+00
1.374245692795840025e+09
3.648711379188948274e+08
1.420673993805563688e+09
2.057985119516319990e+09
1.044185954825744629e+09
1.049927164017586231e+09
8.469399727690079212e+08
1.893846186053964615e+09
0.000000000000000000e+00
1.957407687696557999e+09
1.593302231416210413e+09
0.000000000000000000e+00
2.165470219889890194e+09
7.547644422181110382e+08
1.027578647051099181e+09
0.000000000000000000e+00
1.550053606211965084e+08
1.210091001132111788e+09
0.000000000000000000e+00
5.813308496021671295e+08
0.000000000000000000e+00
2.182733439561648369e+09
1.887067145664482594e+09
9.660204166423189640e+08
1.486689349183976889e+09
6.424246957026420832e+08
2.591421031653957367e+09
0.000000000000000000e+00
2.145868231162250996e+09
1.289839348588151455e+09
1.532565633505473137e+09
2.257938360350768566e+09
2.158079029666501045e+09
2.757893600065630436e+09
8.062368967145600319e+08
2.573851557481492519e+09
0.000000000000000000e+00
3.090354878708170414e+09
0.000000000000000000e+00
2.276193640516265869e+09
1.380188341206498384e+09
1.802509219828802586e+09
0.000000000000000000e+00
2.188420659217830658e+09
8.214070209366962910e+08
2.156624658972583771e+09
1.777120017204785109e+09
0.000000000000000000e+00
1.656944262212679625e+09
1.593456184218082905e+09
8.722297847062106133e+08
2.018376646327133417e+09
2.122860533229429483e+09
1.627786501032357454e+09
0.000000000000000000e+00
1.423972199684791088e+09
2.117655229842304945e+09
0.000000000000000000e+00
1.113795302194589138e+09
1.160239211341297626e+09
0.000000000000000000e+00
8.159544521643847227e+08
0.000000000000000000e+00
1.336256338038452148e+09
1.901121262180524349e+09
7.108329320964508057e+08
4.934942847404043674e+08
1.570821865285409212e+09
1.862833444605818510e+09
0.000000000000000000e+00
1.677950438773180485e+09
0.000000000000000000e+00
1.895639446140467882e+09
1.353853804480209112e+09
2.397301158251751423e+09
2.281778618103260517e+09
1.950812331735668421e+09
0.000000000000000000e+00
0.000000000000000000e+00
1.210327520251073122e+09
2.139384707095011234e+09
1.408887091922879219e+09
1.629868179986411572e+09
0.000000000000000000e+00
0.000000000000000000e+00
1.751188364044344187e+09
0.000000000000000000e+00
2.254975276620264530e+09
0.000000000000000000e+00
7.588326810515207052e+08
2.350759451514863014e+09
0.000000000000000000e+00
0.000000000000000000e+00
0.000000000000000000e+00
6.861395127898763657e+09
0.000000000000000000e+00
1.773545110737707138e+09
0.000000000000000000e+00
0.000000000000000000e+00
1.293762483198400259e+09
1.352798818636773348e+09
1.328844371079061627e+08
2.270422897854499817e+09
3.682890548234052062e+08
0.000000000000000000e+00
1.510938899859430790e+09
0.000000000000000000e+00
1.705199842310711384e+09
1.962693127360732794e+09
1.196740720519082308e+09
2.421416194999485016e+09
7.849916479314258099e+08
1.059804207453049302e+09
0.000000000000000000e+00
0.000000000000000000e+00
0.000000000000000000e+00
5.046658101494736671e+08
3.538697048158853650e+08
0.000000000000000000e+00
1.873935632023836374e+09
0.000000000000000000e+00
1.680502146989393234e+09
0.000000000000000000e+00
0.000000000000000000e+00
9.075637880165450573e+08
0.000000000000000000e+00
1.122898889837643862e+09
2.656493617779907227e+09
2.857780959215567112e+09
7.661597018730189800e+08
3.908100067394368649e+09
0.000000000000000000e+00
4.059511516220695376e+08
0.000000000000000000e+00
2.192836638961924076e+09
0.000000000000000000e+00
1.415016826689650774e+09
0.000000000000000000e+00
1.076816460042224407e+09
1.326742135378898621e+09
2.223940409065320969e+09
0.000000000000000000e+00
1.924128387325341702e+09
0.000000000000000000e+00
1.169894517209791422e+09
1.956861879279022694e+09
1.220769533795321703e+09
0.000000000000000000e+00
1.106727445180358171e+09
0.000000000000000000e+00
9.543060799035460949e+08
5.771702024251492023e+08
0.000000000000000000e+00
0.000000000000000000e+00
0.000000000000000000e+00
1.024991474228129268e+09
1.644373831983409166e+09
0.000000000000000000e+00
9.203580873367300034e+08
0.000000000000000000e+00
1.656147619905727386e+09
0.000000000000000000e+00
2.386926732721784115e+09
5.346261924514745474e+08
1.005783134238191009e+09
7.898955303665250540e+08
7.368501708230443001e+08
1.449545975921775818e+09
1.707687987947187901e+09
1.710063350370210648e+09
1.456057225808616161e+09
0.000000000000000000e+00
2.017255614675239563e+09
0.000000000000000000e+00
4.607744485796064734e+08
1.009855207875643253e+09
1.168705679109203815e+09
7.788139390327705145e+08
7.348755504879866838e+08
7.036408980464341640e+08
9.941387765451968908e+08
7.969867675831058025e+08
1.602850851221815348e+09
1.393958729966007710e+09
2.546210351894422531e+09
0.000000000000000000e+00
0.000000000000000000e+00
5.475326175614504814e+08
1.074555915101515055e+09
0.000000000000000000e+00
2.629823751166335583e+09
1.979413124907004118e+09
1.846879174473859310e+09
8.611042500400654078e+08
0.000000000000000000e+00
1.566829101551535845e+09
1.628183316988344193e+09
1.133350405661407471e+09
0.000000000000000000e+00
0.000000000000000000e+00
7.938131419990184307e+08
1.333421873632280111e+09
1.736094969592707634e+09
4.060411965154998302e+09
2.466619960041799545e+09
1.638743256886760712e+09
8.887743326413044930e+08
2.776036541538682580e+08
0.000000000000000000e+00
5.350419480256543756e+08
0.000000000000000000e+00
1.594656826371369600e+09
6.001637601518926620e+08
2.327782536509591639e+08
1.022186327020957708e+09
5.665953555745115280e+08
5.556819843383765221e+08
3.050149436979477853e+07
1.466028670443321705e+09
6.139131249528547525e+08
1.262777812152587175e+09
0.000000000000000000e+00
0.000000000000000000e+00
1.018807014850677371e+09
5.672327421469769478e+08
1.746395796230714798e+09
1.316911005184765816e+09
0.000000000000000000e+00
5.772158312563296556e+08
1.853473143700331450e+09
8.686458986183854342e+08
0.000000000000000000e+00
0.000000000000000000e+00
8.400773340777457952e+08
1.878880150691738129e+09
0.000000000000000000e+00
0.000000000000000000e+00
1.499436629133723736e+09
0.000000000000000000e+00
0.000000000000000000e+00
