3.138282801284186102e-02
4.636044090650488503e-01
0.000000000000000000e+00
4.963996580294027794e-02
0.000000000000000000e+00
9.123480481244515550e-02
3.438935655404218306e-02
5.374843542165899657e-02
1.136981300432317460e-01
6.646717552906147852e-02
3.269421169360017983e-03
6.387558292504287583e-02
7.163489107837275015e-03
4.588985252246054469e-01
6.782905947004440675e-03
1.878471353293011403e-01
9.359292468622874839e-02
2.042646777383279599e-01
4.597700789474643002e-02
4.981483812957896995e-01
2.752767284152249916e-01
1.814878528855785322e-01
8.807477220108925198e-02
2.843892450595024782e-02
0.000000000000000000e+00
2.351351641999433473e-01
1.214225229757657544e-02
1.397006735965992952e-02
2.056726459303617402e-02
4.881116131438385103e-02
6.333300931717128490e-02
3.061431432496657945e-01
3.899811642917803273e-02
2.819933815548691380e-01
4.926312247088750207e-02
1.184608591251573757e-02
5.108704010356525382e-02
5.019395284989185829e-02
1.020438832398713573e-02
4.073691331864096044e-02
0.000000000000000000e+00
0.000000000000000000e+00
0.000000000000000000e+00
1.540459942314547238e-03
1.347177718782163747e-01
6.655623565316669266e-02
7.429741209489520472e-03
3.826692978448941185e-01
0.000000000000000000e+00
3.744348333093270448e-02
2.552527792273740284e-02
8.963422659898327705e-02
2.107761488043799480e-01
1.615515158762196105e-02
8.038389325184766565e-02
5.262580766659787912e-01
2.101907227333126016e-01
1.307474677445106225e-02
2.439773336839141382e-01
6.275853419582184956e-02
1.488529232797847213e-02
1.391446282255722096e-02
1.631554135735116262e-01
3.122675772416890205e-01
3.888681726122358850e-01
3.193427367930901789e-02
7.041799184619115248e-01
3.631001354752494414e-01
5.954119469552539984e-03
1.839536929322902262e-02
8.355807042502212401e-01
7.676175497188120200e-02
8.670934142163665148e-02
2.995268629190391274e-01
7.265965176603497722e-02
1.633859781180321269e-01
1.538339733207151616e-02
1.476086893350763152e-01
6.537221312764451842e-02
8.075352199709538714e-02
3.860602050534640561e-01
1.719708591376481813e-02
8.339803396983663797e-02
0.000000000000000000e+00
2.460839676828049244e-02
1.169598038863611383e-01
1.707492256344109172e-01
1.666758618995645702e-01
1.207402610063113557e-01
5.537330710662636823e-01
7.364245406140156047e-02
5.258119185020569963e-01
3.613008424606113378e-01
1.128643758944192568e-03
3.828402689085157184e-02
1.394071670448334965e-01
1.657111441652781361e-02
1.018932927578312664e-01
8.973769822337357427e-02
2.508852231070694550e-01
6.165307139150589394e-02
1.385472889674887673e-02
7.947792574843247360e-02
5.092628719191845121e-01
1.706631078973192828e-01
2.842561421847673506e-02
4.631811210373740911e-02
0.000000000000000000e+00
6.515962262850659437e-02
7.550739917059373640e-01
2.508328815097475573e-02
2.144260009626212382e-01
2.320039412387303948e-02
3.736797997009784766e-01
3.768748800655496306e-02
4.153607749989214094e-03
2.340536429643064464e-01
3.265702660928376244e-01
5.187355917965933566e-02
5.457194221550324409e-01
1.673036565849693805e-02
1.038771031622898015e-02
5.213164283212352867e-02
4.853443872790228486e-01
3.710678711092516568e-01
1.816725358202556651e-01
2.526755707477842394e-01
3.215990601945684091e-01
3.696268129348190268e-02
3.632494718370635756e-01
2.037359074624206512e-01
1.201904320479830895e-01
2.330349715748446515e-01
1.490383851105019086e-01
1.929900137486764145e-01
2.905699938722063752e-02
2.174707355881796422e-01
3.196678553952604362e-01
2.830764979154171135e-02
3.660785920770089769e-02
3.469726383830006033e-02
4.002430887718041314e-02
5.203630227016275284e-02
6.070864533430538057e-03
3.919061980431149533e-02
0.000000000000000000e+00
3.863374818912837429e-03
1.340939417813276358e-01
1.320771024356516499e+00
5.314634095795142676e-02
4.751811961350874691e-01
4.156967682712540135e-01
1.489944426128394228e-01
4.004837940394531670e-01
5.227192169724372006e-02
2.420943800271959864e-02
1.179893727379077994e-01
5.959878413569977794e-03
5.579784301207024733e-01
4.603445976639921056e-01
4.377060097362625579e-01
6.150687767848132120e-02
5.289676145971534266e-02
1.538365160065237880e-01
4.102147730983023433e-01
2.846827371804856385e-02
1.199856560582731983e-02
1.053692375979991130e-01
0.000000000000000000e+00
3.466194827896116465e-02
2.393467204860796546e-03
4.643491611528170748e-02
7.479659905558576349e-02
1.404439582253640302e-02
1.285669325446973099e-01
5.013964952473576320e-02
6.426782340302530372e-01
6.976344474920333216e-02
5.635081271768921374e-01
9.367445113876594898e-02
1.653344674316957474e-01
4.923447669282388084e-01
2.500284513754181814e-01
1.335720863951226668e-02
8.809487705431202562e-03
3.603206531662788703e-01
4.828741747564286868e-01
7.578999683964672551e-02
8.420101570928851652e-04
1.921070692740119989e-01
3.337606621075123736e-01
3.541190644114710073e-01
9.061880892216274408e-02
5.506605072961210379e-01
5.935709185220507805e-02
2.306336059063452196e-02
2.179743404930697959e-01
1.221726333616811842e-02
2.701327795320538905e-01
9.323788885219964906e-02
7.265024140395202543e-03
8.046779620733963967e-02
3.894983586574676804e-01
8.904093042691410553e-02
7.195993238497692956e-02
5.162339092982763666e-02
1.476642166088233121e-01
1.567765518451528783e-01
6.511818735422299220e-02
1.684000346429618267e-01
2.969953820463590577e-01
6.472148739154098829e-01
9.122080055780894536e-01
5.366184602979456181e-02
1.966841292467943949e-03
7.937589731695615658e-01
3.615465269322795105e-01
1.631837390122665432e-01
3.315263973413155874e-02
2.577353743269883077e-02
2.238805431398151746e-01
3.495302491015694901e-01
1.275864208886976631e-02
3.216082514927716407e-02
4.111333864018989481e-01
4.167998070107317155e-01
4.213712796540199923e-01
5.797985855834258961e-01
5.808563134355502200e-01
1.583281829641997734e-02
1.553326868416357309e-01
6.632559498659398312e-01
1.877475711581564344e-01
5.716827138203765812e-02
1.227280819828493741e-01
9.355476079751302854e-02
9.453832410026058800e-03
4.192108352441886732e-02
6.173173489923114987e-01
1.960067930210395160e-01
1.955925185266279773e-02
4.159848822345926789e-02
5.253807979655886196e-02
1.283805645334983869e-01
0.000000000000000000e+00
1.275030062471946835e-01
2.382714814656219371e-01
7.423981961982537014e-02
2.152058800858162591e-01
4.372280894278748192e-02
4.025761172018624962e-02
2.847949700485710462e-03
3.699475027793126813e-02
3.593810406635504218e-01
1.183915693737367242e-01
4.330835603200392514e-01
8.535559053606672775e-02
6.716187890750356937e-01
1.276696343802751210e-01
1.534527312409244559e-01
4.532664965922201250e-01
2.963645421825655824e-01
1.043131762298562526e-01
3.139074462869667625e-01
3.078761036037401186e-02
2.435866999322382556e-02
4.113840101130665783e-01
2.240193556096419999e-02
2.588009884144444883e-01
1.063093134485703639e-01
2.698589640525136391e-01
9.232965137926262000e-02
4.191038435309883681e-02
8.938072661359869678e-03
1.710957579223745528e-01
2.279680862591667301e-01
4.909771574930749116e-01
2.879008542939741344e-02
1.390336063960244117e-01
5.781995745590513130e-02
1.330632320446551928e-02
6.144067066831685603e-02
6.503989649468857603e-01
7.486159127760225185e-02
1.880268538142969292e-02
1.673233551083524451e-01
2.714038409057527648e-02
8.804657695327003375e-02
5.477876249317177315e-01
3.054380382628583690e-01
4.959238477437954117e-03
2.809629768858665777e-01
2.945431768144747275e-01
0.000000000000000000e+00
5.553967563760751208e-02
7.619369933515658840e-04
1.992174839374735718e-01
1.229001928524834850e-02
1.829526363528720043e-02
2.081248009631369300e-01
5.161936367614702870e-02
2.945000439427085115e-01
2.040113013806473842e-03
3.035927289901119708e-01
2.851730501058413192e-01
1.055643127245653318e-01
3.249747961534352192e-02
2.576578669735643881e-02
1.530391285451910069e-02
4.744179628158397971e-02
1.345913575632738668e-01
1.867607120097731221e-01
1.688837431566415637e-01
3.070970381884799982e-01
1.721988447841315273e-01
1.023185072746342211e-01
1.243856867228689822e-01
4.892327265398227487e-01
2.124948026582330202e-02
2.903345370802991043e-01
2.048099534191422932e-01
2.959039985422512106e-02
1.153946487663114889e-02
8.385200628724978067e-01
3.558673810808771903e-02
1.002405496392486661e-01
4.703077479823310481e-01
5.707995444470884833e-02
1.079656835714336120e-02
2.883073638384123574e-02
2.417828942990410124e-01
5.350135421037135325e-02
6.601157413177975719e-02
3.626018322298241725e-01
2.530485700247750436e-02
5.402591007763334757e-02
2.225471197900451836e-01
4.432744479882758798e-02
1.742248755638811306e-02
2.652271053263191222e-02
4.629157121683422083e-02
2.245006573787671766e-01
1.204644663804975771e-03
4.575831725625862934e-01
3.105588133882855040e-01
3.751362793851686916e-02
4.424489583896427103e-01
4.848854443238472672e-02
1.128428025767381632e-01
6.776659585451005885e-02
1.233789017732545568e-01
9.742150430618479878e-03
4.314328877686408881e-02
1.289350459958356065e-01
1.536672225938009659e-02
3.994532198781523546e-01
1.995227888656105758e-02
8.129623452549055163e-01
1.017858449685170447e-01
1.129066274834607808e-01
4.091474220284622987e-02
7.448554189542938575e-01
5.761437805037412929e-02
1.394316215556587295e-02
0.000000000000000000e+00
2.061014019852580592e-02
1.543238774360270946e-02
2.334955751604055746e-02
2.722936273454943379e-01
2.522783213224090715e-01
6.635602912143612371e-03
5.746014235965705153e-01
7.507907170389492846e-01
1.062753153390942618e-02
2.316109380460015105e-02
1.489755320988674914e-01
4.926130008988268139e-01
1.558860384073680605e-01
7.109972647660732503e-02
6.149797759590409918e-02
8.648093259131321708e-02
5.112969593752881431e-02
3.594548983268027742e-01
3.750714950836858685e-01
3.408235391500558098e-02
3.666938888323061363e-01
3.558919684397207628e-01
1.956355835186044528e-02
3.638026057127747848e-01
1.045854198891587108e-02
4.827472691569315577e-01
1.366015764419106771e-01
1.507605097134754879e-01
1.090598387490183778e-02
2.537641287127352305e-02
3.750796327861082718e-02
1.496784696850685381e-01
3.262652366818121208e-01
2.050114087554401887e-01
1.254413315734521639e-01
1.603957973819131536e-02
1.845796230938917320e-03
1.751477950346062018e-01
5.176902576191495103e-02
3.926873386644063602e-01
2.677799129689670821e-01
1.415514522683481401e-02
3.115867981183863544e-01
2.257896975318592625e-01
0.000000000000000000e+00
0.000000000000000000e+00
9.411718897244741866e-02
5.286452803919685639e-01
3.300209262905247631e-01
2.349156163937261288e-01
2.370179089271452488e-01
5.148319656024253899e-01
8.494584758191067730e-02
1.069052845609318458e-01
3.148334032596480370e-01
1.422460016779800718e-01
2.101106187314152329e-01
1.497703551661187515e-01
9.000793290038233696e-02
5.663073962293161193e-03
4.736947614809016716e-01
2.840511618205939781e-01
4.638450091282180290e-03
5.755968966796518593e-01
2.465638893659662378e-01
1.863478518809860429e-01
7.355527957240366732e-02
6.870960184450070063e-02
5.090413721973875878e-03
3.625067315150752867e-01
3.195077322564291444e-01
9.368815608834811515e-02
6.147064112972208116e-01
3.954468300315528984e-01
2.423762109714950319e-01
1.731986682368614472e-01
3.429482236021984543e-01
3.738047156283869077e-01
6.717877096378630508e-01
2.611709847021966846e-01
1.662372297256214937e-02
1.203856917231415496e-02
3.566786634371753306e-02
1.340099127543433466e-01
3.376852260568455333e-01
1.708975614427515888e-02
6.350340033893704383e-01
3.245917630518850294e-01
1.005308564949233957e-01
1.788366601839765091e-02
1.813001321223312590e-01
1.218661733199380990e-03
4.940099588171610323e-01
1.570738420146567532e-02
3.545444491278803567e-01
2.222944159543848441e-01
9.057202835342491598e-01
8.023798512869599608e-03
3.840772031057084618e-02
0.000000000000000000e+00
2.347831786074670024e-01
6.087621924157776698e-02
1.044425599472244282e-01
3.537896989214012189e-02
3.232620801410587830e-01
8.091519820954067299e-01
4.303854426162559976e-01
5.681892168316224345e-02
4.748500895860248705e-01
3.011165866799410396e-02
3.672218336786569476e-02
1.672392356242914657e-01
3.328617259353352509e-01
1.174046281199579711e-02
1.160298342561880830e-01
1.699156403032214130e-02
2.880075163155819684e-01
2.843683729208662525e-02
5.417856677291422729e-01
1.153999293973968776e-01
4.406415321147450978e-03
7.828836506276767859e-02
4.008998217962658067e-02
8.155277508720878976e-02
8.505981056675116989e-03
2.988641029782546643e-01
5.510724006214387342e-03
1.686868524353195634e-02
1.694128400119933320e-02
2.318002371085114283e-02
1.422782890722720517e-01
7.019230353676320089e-02
3.298994344328415318e-01
2.628696113904684384e-01
2.039384387226955420e-01
2.933534613588001383e-01
2.649714609143525093e-02
3.385046419583383481e-01
1.061564681013498108e-02
4.519283898350263950e-02
3.371892835731870042e-01
1.740295529793317031e-01
2.724111448089463691e-02
2.993217732129851427e-01
3.169821301249238776e-01
3.253915519795360645e-01
8.369784874713447412e-03
4.900170780205950205e-01
7.153710220933240382e-02
6.151752873380425535e-02
3.015312799839609537e-01
9.251141060878263767e-02
1.244051269628102668e-02
4.444696947216383170e-03
2.411349355381477710e-01
3.291869422079006791e-01
3.246608073636149394e-02
2.265285824830917949e-01
1.415361250299809401e-02
3.496180603448312274e-01
1.372309742066961435e+00
1.556868452275950165e-01
6.318122010843466030e-02
4.706223699350571277e-01
1.976332980834834274e-02
4.183297886939713051e-02
3.523084973821063448e-01
2.255124443485787833e-01
8.301225202414649340e-01
4.793789062794350797e-01
9.936722460714179084e-01
3.500117618170680012e-01
5.410789871053656164e-01
1.839903253161548347e-01
1.449376025822292080e-01
3.619210485753170947e-01
1.898236640957849664e-02
0.000000000000000000e+00
2.433292823464935639e-01
3.777136254181964192e-01
2.771748182007898187e-01
7.261536102580378182e-01
2.211143348156362765e-01
1.096480252063838368e-01
5.054549984851396394e-01
3.361437388094390410e-01
2.669710958618962127e-01
3.589353283266712991e-01
4.228103404881902172e-01
0.000000000000000000e+00
7.368617805249784436e-02
4.314601529818158365e-01
4.471396100904418969e-01
3.562269987946255212e-02
2.503056885660561171e-01
4.223810535511706155e-01
2.473251750160229412e-01
3.733505577125692532e-01
4.186497501686629596e-01
5.515167174037839404e-01
8.565143631870374488e-03
1.330938873842001158e+00
1.649365530949619130e-01
1.765439874256037323e+00
2.334452367531627826e-01
4.692302453871913803e-01
1.373511498391852825e-01
1.544676187832576958e-02
2.302628210210245774e-01
4.542346955919977503e-01
2.164127618035200928e-01
1.076857048299890290e-01
2.685351495201588334e-01
2.813063779936599354e-02
3.778639266546798131e-02
6.986482082431907381e-01
5.871901417600400991e-02
1.365342186991030715e+00
6.197204517893331079e-03
0.000000000000000000e+00
4.406431622304022855e-01
4.088489430583621687e-01
1.953977536767753913e-03
2.173309233958141060e-02
3.646721933574397778e-01
4.302303488059863179e-01
2.884304652384607828e-02
2.977279160677363534e-01
2.628433603257288587e-01
3.447366175377158254e-02
7.434240401936141884e-01
4.419623003984257670e-01
2.390330863111244097e-01
5.554441148914980309e-01
1.174446268883786310e-01
2.544064845565878197e-01
7.542091572950593292e-02
3.895115040190481187e-02
1.544582558610562151e-01
4.639759582743668842e-02
1.781183576560872381e-02
5.124261317710255420e-03
2.892684649137471919e-01
8.691907874522903921e-01
2.062340640056000915e-02
7.737334876708857646e-03
3.260311682263761224e-01
1.936469501994497744e-01
8.243656532787342270e-03
2.688191118686312775e-01
1.628162728701083861e-01
4.175824835214574371e-01
1.173852211387953925e+00
2.857313480990587018e-01
3.014977273589334872e-01
2.550801530359501634e-01
1.552731928972502229e-01
5.703247313792202122e-02
2.571368787603907080e-01
1.252002192896338739e-01
5.528864194533390092e-02
3.196307854538930730e-03
4.874304528222533212e-02
2.187077692340118895e-01
1.804599656289089527e-01
3.410522623786140795e-01
1.487240768633577188e-02
4.257736695319384868e-02
5.295725300914524425e-01
1.029280135596144091e-01
7.403681754552038363e-02
8.855416868289171101e-03
3.820004532731560709e-01
4.468381883374694108e-01
4.021183006746129607e-01
1.626731705242427661e-01
4.498789983991604569e-01
3.144396853091177557e-01
1.021473565982209952e-01
1.145177250918284241e-02
6.913722335352495696e-02
1.991401173666442273e-02
2.707984160098213522e-01
7.668812242057124196e-02
4.026144681339342002e-01
7.252904391743246748e-01
6.082006981244248989e-01
1.904991446622138901e-02
1.329979462555764928e-02
1.781488742544578008e-01
1.495406523781900587e-01
2.662355583406242343e-01
3.039760975490939619e-03
4.996323030499422169e-02
2.925950316973023324e-01
2.732496814229093962e-01
1.101726394637786571e-01
6.555358473262358210e-01
6.996828358460110975e-01
2.494655785113332747e-01
7.820082295429637842e-01
1.258837840041628076e-01
8.868020158143439247e-01
3.657644200306210246e-03
4.715922689541659496e-01
9.436067269004164149e-02
2.879293079945126690e-02
2.568242796097666147e-01
3.114488077567101887e-01
1.822066651283075767e-01
3.493685366138756243e-01
4.864040008466622572e-02
0.000000000000000000e+00
7.961413482356185511e-01
2.852321059894767363e-01
1.083500386662414371e-03
4.170602401865200481e-01
3.852822097123985434e-02
3.288215669708847155e-01
1.836899221812423877e-01
6.122554661892333216e-01
3.480502562325209302e-03
1.371313546753651635e-01
3.770701643120948771e-02
1.229227297804298263e-01
1.914391690154990805e-02
1.917841926078066583e-01
9.250886229384396031e-02
3.756350137570881320e-01
1.146560450958924310e-02
3.863549986116384116e-01
7.016122818654124682e-01
3.623526636882097307e-01
3.149617708335710753e-01
4.772869699005354710e-02
1.381472848801415347e-02
1.499352109959455406e-02
4.657758475822516564e-01
7.637799519561894179e-02
1.009513867502444817e-01
6.412200343111150447e-02
2.854389018574682857e-01
3.814397661218760782e-01
1.831508613680773445e-01
3.863776104406255740e-01
3.576110982495801505e-01
1.470169431607200039e-01
1.481967727787675548e-01
3.225622640288632881e-01
2.228760174822546070e-01
4.484017418695698809e-01
1.450718724574410756e-01
2.293741582411278901e-01
4.600119532993166560e-01
1.940006731668691975e-01
1.077853856286147168e-02
2.432302312572282715e-02
5.172366768956916383e-01
0.000000000000000000e+00
4.151882152756894984e-01
9.378034133846123140e-04
4.447839511298548043e-01
1.609762910852247444e-02
1.241514299222246792e-03
2.203002527983774841e-02
2.739193980462619749e-01
2.739270921536514081e-01
1.034515801721633377e+00
8.225244834515988979e-01
3.825650131389466968e-01
4.667751614789430459e-01
6.773304666484731840e-01
4.716980633818590452e-01
9.164772166110027318e-02
1.182446386491429885e-01
4.010170732510200398e-01
2.586181885109264389e-01
1.982407507255489476e-01
5.905467721643694601e-01
1.963486041919429159e-01
1.292805151777411399e-01
6.584454232406861118e-02
5.740940340100167960e-01
1.360906756525600836e-01
3.721305832831373617e-01
2.432425879987504536e-01
3.635166066059057899e-01
2.806321062783973409e-03
7.854840477432584178e-01
2.158540321566990161e-02
1.694036666132796021e-01
1.347766491434603323e-02
3.898037091941511378e-01
4.041431173057045689e-01
5.444410815173527096e-01
2.064553188036022391e-02
3.774120388100348222e-01
1.962579350939337719e-02
1.853084425299887927e-01
3.374858052986494661e-01
0.000000000000000000e+00
2.585721474665906294e-01
2.121487225509214869e-01
5.652824548577752711e-02
3.416484786464927259e-01
4.104903061480271419e-03
2.618272709304456103e-01
2.502041761628293615e-01
1.175371441867183002e-02
2.037553919404877789e-01
1.308967783843776635e-02
3.631566195904967764e-01
4.292539704015842505e-01
2.033786965317302409e-01
5.421742232288229157e-01
2.155144007990175137e-01
3.028382222852970540e-01
4.139117505295322741e-02
1.809571031873236924e-01
9.072884219791169103e-02
3.374927218486191705e-01
6.269866239041961553e-02
4.760400623607322634e-01
2.458151651140052726e-02
3.349772422370461133e-01
1.962835964188188176e-01
4.454647510340709743e-03
4.760404556642547358e-02
4.580465322752954593e-01
2.845051049351067229e-01
1.324634619907386068e-01
6.481533514050342726e-01
1.885599408946071032e+00
5.667505324651180010e-02
4.397043055211890539e-01
3.344695928197524704e-01
1.682868893225462556e-02
4.006122931414811128e-01
1.574171763380289302e-01
2.401258599981644440e-02
2.466180814554153888e-01
2.569439236103627233e-01
6.017431934162490448e-01
5.820224644159924798e-01
3.458400129730564987e-01
3.632645267950243007e-01
1.635568992512872188e-01
5.896665821744364600e-01
1.277429345394210172e-02
2.434725417967204542e-01
3.418567985481809623e-01
1.032999497807546851e-01
2.352962785487490438e-01
1.512669781700705096e-01
3.963257584773708375e-01
2.415637822461514511e-02
7.967407017642755274e-02
4.378207374592050782e-01
3.729213431418675756e-02
3.065475650296631271e-01
8.467271448364012756e-03
2.600669870984329002e-01
2.403179742057117707e-01
3.583612536098489398e-01
4.815000070381371122e-01
3.478119058569658084e-01
2.863336303436770369e-01
2.111858655550573616e-01
3.912746679857181387e-01
3.347606570118588087e-01
1.678058817598239438e-01
6.708674444006916815e-01
2.205861228389536244e-01
3.567190424918014191e-01
2.257939664492497334e-01
2.648309225713120774e-01
2.061299407345609097e-02
2.445533302185465829e-01
9.461088386631331948e-02
2.759647471491620818e-01
3.714247797501011861e-01
2.980837554918196464e-01
1.461708206682310086e-02
3.139987090950973614e-01
2.853593486421447945e-01
4.894660181587638936e-01
3.148036466429268154e-01
4.009389634198291114e-02
4.603964022408025825e-01
2.932236624445385686e-01
2.727847443550442952e-01
2.932461497849251919e-01
5.021312117340719361e-01
1.595353276790751895e-01
3.436844910189634263e-03
2.353319291749961240e-01
2.600005153306775840e-01
8.358137710226627715e-02
3.210447881807273474e-01
3.256449713360177745e-01
2.215451399292640150e-02
1.444866324030276150e-01
2.102700808266817073e-03
3.928068543143194424e-01
2.564305299414825212e-01
1.405623511475907472e-01
2.036571305245237218e-01
2.451797522481063696e-01
4.413135169016437209e-01
5.112606248368532780e-02
4.602075140593271385e-01
0.000000000000000000e+00
2.133452560812827137e-01
2.701190513504632684e-01
5.217274365811922499e-01
2.951345029787590390e-01
5.601074019053575714e-01
1.225733758773153298e-01
2.462808875365468941e-01
4.446472411576496975e-01
4.977526370001897904e-01
4.329110878942055707e-01
1.847622548371533335e-01
5.319615097726261566e-02
3.522675557148190282e-03
3.311717975172785433e-01
9.421196748851216884e-02
5.288304566047135058e-01
6.031435314741082077e-02
3.495807688861622964e-01
7.941558048780167356e-01
2.604955567026766197e-03
1.543521088475599198e-02
3.175077226384508122e-02
1.273968191811160056e+00
9.308582780790788935e-02
3.473505098268750424e-01
6.431331010519888980e-02
7.473926265787056086e-03
2.749944635644682722e-01
2.814344215997570675e-01
2.330101287929002563e-01
3.689634099217053431e-01
1.929967752695628536e-01
1.074164539003128263e-02
2.924164945715452268e-01
2.478849069757251694e-02
3.207686738450516439e-01
1.715619129217808014e-01
2.999136513777868052e-01
2.486168800411768243e-01
2.284939655022491523e-01
3.378496197450713834e-01
6.299809782069670273e-03
1.154520761946104673e-01
4.540174098651778706e-03
3.729823590321180160e-01
1.947960549326145652e-01
4.984093290272772342e-02
2.437645866538160622e-01
1.307133564614050385e-02
2.057345770521442907e-01
4.041657246932894854e-03
0.000000000000000000e+00
2.504896788466073887e-01
1.337708641153137305e-02
8.386246267053498737e-01
3.048569441595840868e-01
2.809548679497964607e-01
3.748050654099814305e-01
4.662728070893150667e-01
1.237561290601347230e-01
3.545718464811508652e-01
1.253644637894467118e-01
3.181486622723908031e-01
7.051823580760789752e-03
3.489608789964393498e-01
8.091296392074145277e-03
2.080197030204464781e-01
3.368649522502303872e-01
2.236180491715089313e-01
1.620480175457291588e-02
3.185462661907125792e-01
1.869641249019262097e-01
2.949064743248633880e-01
2.675835687234868199e-01
2.905818700009685784e-01
1.745665045878262364e-02
3.148762359194646199e-01
6.074558919892739106e-03
1.668219059661483483e-01
4.049177683564492147e-01
1.194459031830252538e-01
0.000000000000000000e+00
8.587056127598934052e-03
2.057003147404206367e-01
4.035966199164661705e-01
0.000000000000000000e+00
2.547013179108131298e-01
1.296675213081430710e-02
2.032598715282515345e-01
6.762848805804055549e-03
2.975912174336144411e-01
1.477371057481622341e-01
2.998670084820770354e-01
1.967988101933749456e-01
1.917078360412641236e-01
4.235691126214986002e-01
3.184031189351272384e-01
3.641908823503004489e-01
4.359309030839230714e-01
1.560065569947452317e-02
1.594250639067477382e-01
4.330592604108201432e-02
1.186639394202036457e-01
2.831698617750813551e-01
3.460917383303702688e-01
2.261665809900488544e-01
4.489237726829443109e-01
3.665264577704723248e-01
3.034909199898310206e-01
1.446845335116385967e-01
1.289471008554648468e-01
3.697181064538333506e-01
3.866687497556199338e-01
0.000000000000000000e+00
1.506375168050812750e-02
2.252290520309737087e-01
2.530948635437496042e-01
1.201079785915149314e-02
4.906625676106636802e-01
2.863967236093443725e-01
2.198612610658983446e-01
2.676304054338306537e-01
4.032408692375994558e-02
2.243740809365509792e-01
1.753370790269361545e-01
3.150888892081089021e-01
3.543565835735731310e-03
9.130050925304489945e-03
2.618724834523543099e-01
2.274040496720784732e-01
1.813428481052420660e-01
9.102349194944457933e-01
2.791035615212605348e-01
2.614293526271977974e-01
2.023014476256976557e-01
1.107017537370017929e-01
8.249592141968939418e-02
2.658249164332248116e-01
1.108164164889023293e-02
2.732428946104290546e-01
1.195415563456889430e-01
2.796305989848692219e-02
1.571217955540043232e-01
2.448709921857582794e-01
3.017432804476556374e-01
1.735708201909716419e-01
2.591766869536913376e-01
2.642928785099356026e-01
1.569783813948646689e-01
0.000000000000000000e+00
0.000000000000000000e+00
1.404470068038893293e-01
2.560356545555654839e-01
4.779344427517230320e-01
4.776692411572253660e-01
1.758120409633975173e-02
2.951025436210446551e-01
2.355869333955572242e-01
3.020234743070978056e-01
0.000000000000000000e+00
4.120074632515360880e-02
1.381117334126432117e-01
2.876229991882212067e-01
0.000000000000000000e+00
0.000000000000000000e+00
1.970105762420280848e-01
0.000000000000000000e+00
0.000000000000000000e+00
