3.310484290122985840e-01
3.110716938972473145e-01
3.060133755207061768e-01
3.025915920734405518e-01
3.060326278209686279e-01
3.442693352699279785e-01
3.636623919010162354e-01
2.970434427261352539e-01
2.932345569133758545e-01
2.978157997131347656e-01
3.611792027950286865e-01
3.127303123474121094e-01
3.237671554088592529e-01
3.269077241420745850e-01
3.153182566165924072e-01
2.990466654300689697e-01
2.942182719707489014e-01
2.904534339904785156e-01
3.101273477077484131e-01
3.026008605957031250e-01
3.044450879096984863e-01
3.026215434074401855e-01
3.254182040691375732e-01
3.390790224075317383e-01
3.397161066532135010e-01
3.305069208145141602e-01
3.389429748058319092e-01
3.396345973014831543e-01
3.182588517665863037e-01
3.361767828464508057e-01
3.023699522018432617e-01
3.316451907157897949e-01
3.506257832050323486e-01
3.100353777408599854e-01
3.464775383472442627e-01
3.000494837760925293e-01
3.400076925754547119e-01
3.010137975215911865e-01
3.486193418502807617e-01
3.390904068946838379e-01
3.429101109504699707e-01
3.318822681903839111e-01
3.061995506286621094e-01
3.523471057415008545e-01
3.189205527305603027e-01
3.137239217758178711e-01
3.516829311847686768e-01
3.365627229213714600e-01
3.241856992244720459e-01
3.247687816619873047e-01
3.057747781276702881e-01
3.772785067558288574e-01
2.713690102100372314e-01
3.023652732372283936e-01
3.402493298053741455e-01
3.820372819900512695e-01
3.147581219673156738e-01
3.027073144912719727e-01
3.279942870140075684e-01
3.744546771049499512e-01
3.309429883956909180e-01
3.042929172515869141e-01
2.920669615268707275e-01
2.909581363201141357e-01
3.073128759860992432e-01
3.309039473533630371e-01
3.129731416702270508e-01
3.393542766571044922e-01
3.141778707504272461e-01
3.190028965473175049e-01
3.128751218318939209e-01
3.215381205081939697e-01
3.191531896591186523e-01
3.311510980129241943e-01
3.385523855686187744e-01
3.379901051521301270e-01
3.117571473121643066e-01
3.313299715518951416e-01
3.637129366397857666e-01
3.145401775836944580e-01
3.139949738979339600e-01
3.828477561473846436e-01
3.047293126583099365e-01
3.062192797660827637e-01
3.197827637195587158e-01
3.126395344734191895e-01
3.093017935752868652e-01
3.503807187080383301e-01
3.108567297458648682e-01
3.237761855125427246e-01
2.979124784469604492e-01
2.913078963756561279e-01
2.989236712455749512e-01
3.748240172863006592e-01
3.237204849720001221e-01
3.215428590774536133e-01
3.234689831733703613e-01
3.378823697566986084e-01
3.562807142734527588e-01
2.905902862548828125e-01
3.282896280288696289e-01
3.398048579692840576e-01
2.843250632286071777e-01
3.280961215496063232e-01
3.481035828590393066e-01
3.156286478042602539e-01
3.681853711605072021e-01
3.233575522899627686e-01
3.356328010559082031e-01
3.399661481380462646e-01
3.229436874389648438e-01
3.062269687652587891e-01
3.256473541259765625e-01
3.069923520088195801e-01
3.534720838069915771e-01
3.646537661552429199e-01
3.448677957057952881e-01
3.080256283283233643e-01
3.193307816982269287e-01
2.873564064502716064e-01
3.538289666175842285e-01
3.091138601303100586e-01
3.433900773525238037e-01
3.278672397136688232e-01
3.281632065773010254e-01
3.096809089183807373e-01
3.048984110355377197e-01
3.248414695262908936e-01
3.496658504009246826e-01
3.213760554790496826e-01
3.035768866539001465e-01
3.389843106269836426e-01
3.066945374011993408e-01
3.306460380554199219e-01
3.127585649490356445e-01
3.230487704277038574e-01
3.425794839859008789e-01
2.991992831230163574e-01
3.457901179790496826e-01
3.201141059398651123e-01
3.247767984867095947e-01
3.357283174991607666e-01
2.944528162479400635e-01
3.189214766025543213e-01
2.951184511184692383e-01
3.487654626369476318e-01
3.011228740215301514e-01
3.468736410140991211e-01
3.443399369716644287e-01
3.176848292350769043e-01
3.251583278179168701e-01
3.107565641403198242e-01
3.770746588706970215e-01
3.043595552444458008e-01
3.370803296566009521e-01
3.085065782070159912e-01
3.487981557846069336e-01
3.469568789005279541e-01
3.330583274364471436e-01
3.342258036136627197e-01
2.805755734443664551e-01
3.523536324501037598e-01
3.517970740795135498e-01
3.001203835010528564e-01
2.799216210842132568e-01
3.135887682437896729e-01
3.155089020729064941e-01
3.574042320251464844e-01
3.550376296043395996e-01
3.078356981277465820e-01
3.353608846664428711e-01
3.473065793514251709e-01
3.195360600948333740e-01
3.040490746498107910e-01
3.025752902030944824e-01
3.191441595554351807e-01
3.113568127155303955e-01
3.372701704502105713e-01
3.286459445953369141e-01
3.132458031177520752e-01
3.425507843494415283e-01
3.095363378524780273e-01
3.027451634407043457e-01
3.230091035366058350e-01
3.252929449081420898e-01
3.283530473709106445e-01
2.941485345363616943e-01
3.261824846267700195e-01
3.079631924629211426e-01
2.954937517642974854e-01
3.224704563617706299e-01
3.199816048145294189e-01
2.959278225898742676e-01
3.301385939121246338e-01
2.950767278671264648e-01
3.447756469249725342e-01
3.237613141536712646e-01
3.056683838367462158e-01
3.219160437583923340e-01
3.066871166229248047e-01
3.211888670921325684e-01
3.278995454311370850e-01
3.426871299743652344e-01
3.000369966030120850e-01
2.970871031284332275e-01
3.080512285232543945e-01
3.420324921607971191e-01
2.987030148506164551e-01
3.526830077171325684e-01
3.088972866535186768e-01
3.147445917129516602e-01
2.894002199172973633e-01
3.642530143260955811e-01
3.312461376190185547e-01
3.121074140071868896e-01
3.140358030796051025e-01
3.224208056926727295e-01
3.328548073768615723e-01
3.418283164501190186e-01
3.206804394721984863e-01
3.119252920150756836e-01
3.164026439189910889e-01
3.410859107971191406e-01
3.023532330989837646e-01
3.272569477558135986e-01
3.300210833549499512e-01
3.103686571121215820e-01
3.544139564037322998e-01
2.991047203540802002e-01
3.381166160106658936e-01
3.150966763496398926e-01
3.363699316978454590e-01
3.201128244400024414e-01
3.071318864822387695e-01
3.214122056961059570e-01
3.280121088027954102e-01
3.550252616405487061e-01
3.018190562725067139e-01
3.095130026340484619e-01
3.591249287128448486e-01
3.264847397804260254e-01
3.614788353443145752e-01
3.440353572368621826e-01
3.532667160034179688e-01
3.510391712188720703e-01
3.093461692333221436e-01
3.126104474067687988e-01
3.258455395698547363e-01
3.362253010272979736e-01
3.134079575538635254e-01
3.213481307029724121e-01
3.102970123291015625e-01
2.963152229785919189e-01
3.592860698699951172e-01
3.125820159912109375e-01
3.089299499988555908e-01
3.032057881355285645e-01
4.045863151550292969e-01
3.058582246303558350e-01
3.630641400814056396e-01
3.098989427089691162e-01
3.217897415161132812e-01
3.132959902286529541e-01
3.486884236335754395e-01
3.556651175022125244e-01
3.560215234756469727e-01
3.172360360622406006e-01
3.197053670883178711e-01
3.230899870395660400e-01
3.537271320819854736e-01
3.018459677696228027e-01
3.157538473606109619e-01
2.975790500640869141e-01
3.220926225185394287e-01
3.248962461948394775e-01
3.083483278751373291e-01
3.234929740428924561e-01
3.747501671314239502e-01
3.614433109760284424e-01
3.605774044990539551e-01
3.219154775142669678e-01
3.109911978244781494e-01
3.172455132007598877e-01
2.974091768264770508e-01
3.337086737155914307e-01
3.027675449848175049e-01
3.485163748264312744e-01
3.344780802726745605e-01
3.478930592536926270e-01
3.239317536354064941e-01
3.217158019542694092e-01
3.012609481811523438e-01
3.357324600219726562e-01
3.282410502433776855e-01
3.464632332324981689e-01
3.380698561668395996e-01
3.860069513320922852e-01
3.165617287158966064e-01
3.286028504371643066e-01
2.987158000469207764e-01
3.384909331798553467e-01
3.035483360290527344e-01
2.977020740509033203e-01
2.922788262367248535e-01
2.930709421634674072e-01
3.047255575656890869e-01
3.362222611904144287e-01
3.221632540225982666e-01
3.234905600547790527e-01
3.258053958415985107e-01
3.249472677707672119e-01
3.342356383800506592e-01
3.081657886505126953e-01
3.147864043712615967e-01
3.405169844627380371e-01
3.632752597332000732e-01
3.549814522266387939e-01
2.988242208957672119e-01
3.498691320419311523e-01
3.284787237644195557e-01
2.859762907028198242e-01
3.472595214843750000e-01
3.364554941654205322e-01
3.048519194126129150e-01
3.111625015735626221e-01
3.167466223239898682e-01
2.994172275066375732e-01
3.225389122962951660e-01
3.020076453685760498e-01
3.323952853679656982e-01
2.935176789760589600e-01
3.023209869861602783e-01
3.265526890754699707e-01
3.177502751350402832e-01
3.127882480621337891e-01
3.351806402206420898e-01
3.569191098213195801e-01
2.819445729255676270e-01
3.106507360935211182e-01
3.484844267368316650e-01
3.156617283821105957e-01
3.265925645828247070e-01
3.410476148128509521e-01
3.061680793762207031e-01
3.621100485324859619e-01
3.218533992767333984e-01
3.192112743854522705e-01
2.969828844070434570e-01
3.217308223247528076e-01
3.099951446056365967e-01
3.639216721057891846e-01
3.400021195411682129e-01
3.355330824851989746e-01
3.435748219490051270e-01
3.033228218555450439e-01
2.880086302757263184e-01
3.343875706195831299e-01
3.304928839206695557e-01
2.951790690422058105e-01
3.199215829372406006e-01
3.042725622653961182e-01
3.392805755138397217e-01
2.946007251739501953e-01
3.206270039081573486e-01
3.003582358360290527e-01
3.470212519168853760e-01
3.265088498592376709e-01
3.379996418952941895e-01
3.223701715469360352e-01
2.746248841285705566e-01
3.001894652843475342e-01
3.152908682823181152e-01
3.390952944755554199e-01
3.097991943359375000e-01
3.232679069042205811e-01
3.170065283775329590e-01
2.984975576400756836e-01
2.912289500236511230e-01
3.202341496944427490e-01
3.371724784374237061e-01
3.076016902923583984e-01
3.208026587963104248e-01
3.113197982311248779e-01
3.190325200557708740e-01
2.903970181941986084e-01
3.242753744125366211e-01
3.031037747859954834e-01
3.412696719169616699e-01
2.981324493885040283e-01
3.305688798427581787e-01
3.239991068840026855e-01
3.106413781642913818e-01
3.438654839992523193e-01
3.393712341785430908e-01
3.469575941562652588e-01
3.162449002265930176e-01
3.164545595645904541e-01
3.019307851791381836e-01
3.668412566184997559e-01
3.099125325679779053e-01
3.732509016990661621e-01
3.482741415500640869e-01
3.291582167148590088e-01
3.200091123580932617e-01
3.019454479217529297e-01
3.193803131580352783e-01
2.994444370269775391e-01
3.095478117465972900e-01
3.071461915969848633e-01
3.221722245216369629e-01
3.459116220474243164e-01
3.514751791954040527e-01
3.202496469020843506e-01
3.202791810035705566e-01
3.257139921188354492e-01
3.110765516757965088e-01
3.705587387084960938e-01
3.415564894676208496e-01
2.846493422985076904e-01
3.429330885410308838e-01
3.662544488906860352e-01
3.102641999721527100e-01
3.185315430164337158e-01
3.456713557243347168e-01
3.164176940917968750e-01
3.122504353523254395e-01
3.073426783084869385e-01
3.254998922348022461e-01
2.942730188369750977e-01
3.238769471645355225e-01
3.505491614341735840e-01
3.027943074703216553e-01
3.324211537837982178e-01
3.207528293132781982e-01
3.460918366909027100e-01
3.082160651683807373e-01
3.887817263603210449e-01
3.197003006935119629e-01
3.240898251533508301e-01
3.199304044246673584e-01
3.244850635528564453e-01
2.975952923297882080e-01
3.252328634262084961e-01
2.990829050540924072e-01
3.113539516925811768e-01
2.998712062835693359e-01
3.253576755523681641e-01
3.239831924438476562e-01
3.308925926685333252e-01
2.932727336883544922e-01
3.549924790859222412e-01
3.223208487033843994e-01
3.249356448650360107e-01
3.230882585048675537e-01
3.078999817371368408e-01
3.057348728179931641e-01
3.138628304004669189e-01
3.397189080715179443e-01
3.084833621978759766e-01
3.022529780864715576e-01
3.059192001819610596e-01
3.364282548427581787e-01
3.142112195491790771e-01
3.319556117057800293e-01
3.112609982490539551e-01
3.198870718479156494e-01
3.573871254920959473e-01
2.973988652229309082e-01
3.252879977226257324e-01
3.198210895061492920e-01
3.256163299083709717e-01
2.980592548847198486e-01
3.161885738372802734e-01
3.121351897716522217e-01
3.452524244785308838e-01
3.334093093872070312e-01
3.104651272296905518e-01
3.147958517074584961e-01
3.126932084560394287e-01
3.025299906730651855e-01
3.548308908939361572e-01
2.826539576053619385e-01
3.490731120109558105e-01
3.760743737220764160e-01
3.730642795562744141e-01
2.826648354530334473e-01
3.284249305725097656e-01
3.639736771583557129e-01
2.882002294063568115e-01
3.142558634281158447e-01
3.051831424236297607e-01
3.247544467449188232e-01
3.239870071411132812e-01
2.979322671890258789e-01
3.296102881431579590e-01
3.320297598838806152e-01
3.655211627483367920e-01
3.005408644676208496e-01
3.142598569393157959e-01
3.223820924758911133e-01
3.044143021106719971e-01
2.938423454761505127e-01
3.593075275421142578e-01
3.089871108531951904e-01
3.417106568813323975e-01
3.292441666126251221e-01
3.307587504386901855e-01
3.347202539443969727e-01
2.930270135402679443e-01
3.312657773494720459e-01
2.970687150955200195e-01
3.171938359737396240e-01
3.446525037288665771e-01
3.299276530742645264e-01
3.146731555461883545e-01
2.762984931468963623e-01
2.964675128459930420e-01
2.979352176189422607e-01
2.950102984905242920e-01
3.321850001811981201e-01
3.102542757987976074e-01
2.981520295143127441e-01
3.067458868026733398e-01
3.219476044178009033e-01
3.260518908500671387e-01
3.711874186992645264e-01
3.071398138999938965e-01
2.857144474983215332e-01
3.026351630687713623e-01
3.104067444801330566e-01
3.628850877285003662e-01
3.356146514415740967e-01
3.092026710510253906e-01
3.399901390075683594e-01
3.208219110965728760e-01
3.059532344341278076e-01
2.832663655281066895e-01
3.432988822460174561e-01
3.011417090892791748e-01
3.047858178615570068e-01
3.154802620410919189e-01
3.001368343830108643e-01
3.422168195247650146e-01
3.019277155399322510e-01
3.169199526309967041e-01
2.956345975399017334e-01
3.043117523193359375e-01
3.047275543212890625e-01
2.803430557250976562e-01
3.156782984733581543e-01
3.101925849914550781e-01
3.203499317169189453e-01
3.331259489059448242e-01
3.254509568214416504e-01
3.260533809661865234e-01
3.153515756130218506e-01
2.853738963603973389e-01
3.294298946857452393e-01
3.720118403434753418e-01
3.065384030342102051e-01
2.947942614555358887e-01
3.233682811260223389e-01
3.337642252445220947e-01
3.105702102184295654e-01
3.328788578510284424e-01
3.155127465724945068e-01
3.936719894409179688e-01
3.587275147438049316e-01
3.294402062892913818e-01
3.084512948989868164e-01
3.282348215579986572e-01
3.046178817749023438e-01
2.760135233402252197e-01
3.307628929615020752e-01
3.011634945869445801e-01
3.290733397006988525e-01
3.373818397521972656e-01
3.217230737209320068e-01
3.500953018665313721e-01
3.231179416179656982e-01
3.324234485626220703e-01
3.354609906673431396e-01
3.111852407455444336e-01
3.837690055370330811e-01
3.042831420898437500e-01
2.994867265224456787e-01
3.418395817279815674e-01
3.380239307880401611e-01
3.124457895755767822e-01
3.054374754428863525e-01
2.984047830104827881e-01
3.365513682365417480e-01
2.875553965568542480e-01
3.068639636039733887e-01
3.433313667774200439e-01
3.644191324710845947e-01
3.167466521263122559e-01
3.015106916427612305e-01
3.152515888214111328e-01
3.203748464584350586e-01
3.022513389587402344e-01
3.011601865291595459e-01
3.105554282665252686e-01
3.212858736515045166e-01
2.980962991714477539e-01
3.161222636699676514e-01
3.218200504779815674e-01
3.022878468036651611e-01
3.397168517112731934e-01
3.063279986381530762e-01
3.143898546695709229e-01
3.075381517410278320e-01
2.746403515338897705e-01
3.480537235736846924e-01
3.160057067871093750e-01
2.949202358722686768e-01
3.294268250465393066e-01
3.473716080188751221e-01
2.954228818416595459e-01
3.213940262794494629e-01
3.130455613136291504e-01
2.909652292728424072e-01
3.324171304702758789e-01
3.172574639320373535e-01
3.221942186355590820e-01
3.311994373798370361e-01
3.266829550266265869e-01
3.594260215759277344e-01
2.979961335659027100e-01
3.268461227416992188e-01
3.240098953247070312e-01
3.302746117115020752e-01
3.137921690940856934e-01
3.465658128261566162e-01
2.937738597393035889e-01
3.744616210460662842e-01
3.476026654243469238e-01
3.033596873283386230e-01
2.989933490753173828e-01
3.290367126464843750e-01
3.322657346725463867e-01
3.224293589591979980e-01
3.041053712368011475e-01
3.335092067718505859e-01
3.206653594970703125e-01
3.326976597309112549e-01
3.141626119613647461e-01
3.075430691242218018e-01
3.056412339210510254e-01
3.214810192584991455e-01
2.982787191867828369e-01
3.254082202911376953e-01
3.405051529407501221e-01
3.242289423942565918e-01
3.298194706439971924e-01
3.314265310764312744e-01
2.999675571918487549e-01
3.395478129386901855e-01
3.626416027545928955e-01
3.555810153484344482e-01
3.058732450008392334e-01
3.161318600177764893e-01
3.217423558235168457e-01
3.183363378047943115e-01
3.216828405857086182e-01
3.248810470104217529e-01
2.844129800796508789e-01
3.423902094364166260e-01
3.294019997119903564e-01
3.282732069492340088e-01
2.970522642135620117e-01
3.132701218128204346e-01
3.349893391132354736e-01
3.208205103874206543e-01
3.387958407402038574e-01
3.524712026119232178e-01
3.075362741947174072e-01
3.366917669773101807e-01
3.191762268543243408e-01
3.270292580127716064e-01
3.105914294719696045e-01
2.919704020023345947e-01
3.249132633209228516e-01
3.009622693061828613e-01
3.082098960876464844e-01
3.167411684989929199e-01
3.167182505130767822e-01
3.168868422508239746e-01
2.974262833595275879e-01
3.145943582057952881e-01
3.150473535060882568e-01
3.935433030128479004e-01
3.185649216175079346e-01
3.241174817085266113e-01
3.108229935169219971e-01
2.848989963531494141e-01
3.188436329364776611e-01
3.392818272113800049e-01
2.714579403400421143e-01
3.281495273113250732e-01
3.357261717319488525e-01
4.358503818511962891e-01
3.280565738677978516e-01
3.650349974632263184e-01
3.026442825794219971e-01
3.474965095520019531e-01
3.444058299064636230e-01
3.152207136154174805e-01
3.376612961292266846e-01
2.981191575527191162e-01
3.083128929138183594e-01
2.900149226188659668e-01
3.117114603519439697e-01
3.077020049095153809e-01
3.016810715198516846e-01
3.038242161273956299e-01
2.829992771148681641e-01
3.006172478199005127e-01
3.448411226272583008e-01
3.201237320899963379e-01
3.818922340869903564e-01
3.199743628501892090e-01
2.899511456489562988e-01
2.966631948947906494e-01
3.150824606418609619e-01
3.171010315418243408e-01
3.164627552032470703e-01
3.231456577777862549e-01
3.359230756759643555e-01
2.953397333621978760e-01
3.164393305778503418e-01
3.173468410968780518e-01
3.313225209712982178e-01
3.180148303508758545e-01
2.888444960117340088e-01
3.272825777530670166e-01
3.009195625782012939e-01
3.376425802707672119e-01
3.719694912433624268e-01
3.409995138645172119e-01
3.051188886165618896e-01
3.251615166664123535e-01
2.990931272506713867e-01
3.211204111576080322e-01
3.379190266132354736e-01
3.379434645175933838e-01
2.891893982887268066e-01
3.074265420436859131e-01
3.120874762535095215e-01
3.178519606590270996e-01
2.861528992652893066e-01
3.294533491134643555e-01
2.922995984554290771e-01
3.210667371749877930e-01
3.079930543899536133e-01
2.758969664573669434e-01
2.979620993137359619e-01
3.126113116741180420e-01
3.223444819450378418e-01
3.096489012241363525e-01
3.194706141948699951e-01
2.960523664951324463e-01
3.127061128616333008e-01
3.361040651798248291e-01
2.992518544197082520e-01
3.580055534839630127e-01
3.009170889854431152e-01
3.149981200695037842e-01
3.280708789825439453e-01
3.559760451316833496e-01
3.206845223903656006e-01
3.065680861473083496e-01
3.186857402324676514e-01
3.092963695526123047e-01
3.086664974689483643e-01
3.040724992752075195e-01
3.542194664478302002e-01
3.062082827091217041e-01
2.865272462368011475e-01
3.463493883609771729e-01
3.016605973243713379e-01
3.165326416492462158e-01
3.252433836460113525e-01
3.079388439655303955e-01
2.910127043724060059e-01
3.124473392963409424e-01
3.017321228981018066e-01
3.353383243083953857e-01
3.023788332939147949e-01
3.324730694293975830e-01
2.994633615016937256e-01
3.295259773731231689e-01
3.470303714275360107e-01
3.295246958732604980e-01
3.517305552959442139e-01
3.052067756652832031e-01
3.296447694301605225e-01
3.094939589500427246e-01
2.807422280311584473e-01
3.450951874256134033e-01
2.898608744144439697e-01
3.568882048130035400e-01
3.226262629032135010e-01
3.032873868942260742e-01
3.204353451728820801e-01
3.482067883014678955e-01
3.061589300632476807e-01
3.399870097637176514e-01
3.181676566600799561e-01
3.185153305530548096e-01
3.328917622566223145e-01
3.047691285610198975e-01
3.481012284755706787e-01
2.854797840118408203e-01
3.055416047573089600e-01
3.445996046066284180e-01
3.203414678573608398e-01
3.450593352317810059e-01
2.919943928718566895e-01
3.445056378841400146e-01
3.102490603923797607e-01
3.140640556812286377e-01
3.310250937938690186e-01
3.206150829792022705e-01
3.308623731136322021e-01
3.095106184482574463e-01
2.831955552101135254e-01
3.047630786895751953e-01
3.215103149414062500e-01
3.361462354660034180e-01
3.084347248077392578e-01
3.087882101535797119e-01
2.973153889179229736e-01
3.015239238739013672e-01
3.070093095302581787e-01
3.059893846511840820e-01
2.981688678264617920e-01
3.467986285686492920e-01
3.122427165508270264e-01
3.635974526405334473e-01
3.033560216426849365e-01
3.362868428230285645e-01
3.095495104789733887e-01
3.287680447101593018e-01
2.777896225452423096e-01
3.144199550151824951e-01
3.030745089054107666e-01
2.958522140979766846e-01
2.945241034030914307e-01
3.074985742568969727e-01
3.294227421283721924e-01
3.176226317882537842e-01
3.053417205810546875e-01
3.480546772480010986e-01
3.113043904304504395e-01
3.274130225181579590e-01
3.198870718479156494e-01
3.232955336570739746e-01
3.038836419582366943e-01
3.388679623603820801e-01
2.943674623966217041e-01
3.245082199573516846e-01
3.431139588356018066e-01
3.101150691509246826e-01
3.059851825237274170e-01
3.120925724506378174e-01
2.900862991809844971e-01
3.148052692413330078e-01
3.259312808513641357e-01
3.319911658763885498e-01
3.213424980640411377e-01
3.099929094314575195e-01
3.027346134185791016e-01
3.243162930011749268e-01
3.042687475681304932e-01
3.182542920112609863e-01
3.331097960472106934e-01
2.950601875782012939e-01
2.976629734039306641e-01
3.158353567123413086e-01
3.157051801681518555e-01
3.296766579151153564e-01
3.449575304985046387e-01
3.072876334190368652e-01
3.079312443733215332e-01
3.360810577869415283e-01
3.152935206890106201e-01
2.930373251438140869e-01
2.937537133693695068e-01
3.142421543598175049e-01
3.111102283000946045e-01
3.386408984661102295e-01
3.326287269592285156e-01
3.002462685108184814e-01
2.959578037261962891e-01
3.166209161281585693e-01
3.197732567787170410e-01
3.278287351131439209e-01
3.368351459503173828e-01
2.930198609828948975e-01
3.173056542873382568e-01
3.082997798919677734e-01
3.149367272853851318e-01
2.979546487331390381e-01
3.117692172527313232e-01
3.255273997783660889e-01
2.954354286193847656e-01
3.282770514488220215e-01
3.121860325336456299e-01
3.221502006053924561e-01
3.312277495861053467e-01
3.210020661354064941e-01
3.148625493049621582e-01
3.256907463073730469e-01
3.209608793258666992e-01
3.181030452251434326e-01
3.375492095947265625e-01
3.115614652633666992e-01
3.131225705146789551e-01
3.202006518840789795e-01
3.221331238746643066e-01
3.708490729331970215e-01
3.106219768524169922e-01
3.459402322769165039e-01
2.968617975711822510e-01
2.964269518852233887e-01
3.107257187366485596e-01
3.435046374797821045e-01
2.943541407585144043e-01
3.319036662578582764e-01
2.896745800971984863e-01
3.224805593490600586e-01
3.241868913173675537e-01
3.337890505790710449e-01
3.408474624156951904e-01
3.210234642028808594e-01
3.132202327251434326e-01
3.160957694053649902e-01
2.873805165290832520e-01
2.923941910266876221e-01
3.057178258895874023e-01
2.929410338401794434e-01
3.171888291835784912e-01
2.950187921524047852e-01
3.315073251724243164e-01
3.242378234863281250e-01
3.131182789802551270e-01
3.134135007858276367e-01
3.547941148281097412e-01
3.055015206336975098e-01
3.418173491954803467e-01
3.341892063617706299e-01
2.856689095497131348e-01
3.303122818470001221e-01
2.996191084384918213e-01
3.382303118705749512e-01
3.594522774219512939e-01
3.145440816879272461e-01
3.085122704505920410e-01
3.110803067684173584e-01
3.168604969978332520e-01
3.086760938167572021e-01
3.338664174079895020e-01
3.171887397766113281e-01
3.017443120479583740e-01
3.020194768905639648e-01
3.108270168304443359e-01
2.989244461059570312e-01
3.186771869659423828e-01
3.635505437850952148e-01
3.529348373413085938e-01
3.037148416042327881e-01
3.135086894035339355e-01
3.183393776416778564e-01
3.052625358104705811e-01
3.087587654590606689e-01
3.197746872901916504e-01
2.775803506374359131e-01
2.967101037502288818e-01
2.784456312656402588e-01
3.008425235748291016e-01
3.128941655158996582e-01
3.241529166698455811e-01
3.209865987300872803e-01
3.342064917087554932e-01
2.975101768970489502e-01
3.336499035358428955e-01
3.002189397811889648e-01
3.170677721500396729e-01
2.956908345222473145e-01
3.481193780899047852e-01
3.060949146747589111e-01
3.074035346508026123e-01
3.111985027790069580e-01
3.112820982933044434e-01
3.029554188251495361e-01
3.162846863269805908e-01
2.786655128002166748e-01
3.138491511344909668e-01
3.192137181758880615e-01
3.136649429798126221e-01
3.014843761920928955e-01
3.309054076671600342e-01
3.160704672336578369e-01
2.915299534797668457e-01
3.318772315979003906e-01
2.998801171779632568e-01
2.958708107471466064e-01
3.254284858703613281e-01
3.023040592670440674e-01
3.184942007064819336e-01
3.157989382743835449e-01
3.133736252784729004e-01
3.212664723396301270e-01
3.297733366489410400e-01
3.185336887836456299e-01
2.982491552829742432e-01
3.268521130084991455e-01
2.791055142879486084e-01
2.896805107593536377e-01
3.062782287597656250e-01
2.965587675571441650e-01
3.262941837310791016e-01
3.008974790573120117e-01
3.006289601325988770e-01
3.086014091968536377e-01
2.994047701358795166e-01
3.306743204593658447e-01
3.212337493896484375e-01
3.157357573509216309e-01
3.017361164093017578e-01
3.398415446281433105e-01
3.112038671970367432e-01
3.322945535182952881e-01
3.304775655269622803e-01
3.249841034412384033e-01
2.973100841045379639e-01
2.965230047702789307e-01
3.125880658626556396e-01
2.932947576045989990e-01
3.240442574024200439e-01
2.889142632484436035e-01
3.038924336433410645e-01
2.928360998630523682e-01
3.362352252006530762e-01
