1.094937077789086555e+00
1.057706164291648765e+00
1.727805801201792502e+00
1.373177456063481294e+00
1.279124448573408124e+00
1.275553665659913571e+00
1.828254113833314376e+00
9.950345023058693172e-01
1.154157766128832918e+00
9.879823190218006701e-01
1.600574038361936013e+00
1.367675006686712491e+00
1.695085673217518352e+00
6.760220140505910358e-01
1.820971562985719716e+00
1.128673423696477496e+00
1.257294767337052255e+00
9.602158411429009277e-01
1.135960616017323010e+00
9.879823132151925869e-01
1.084977234887129161e+00
1.128673423696477496e+00
1.044451910010354645e+00
1.209982396939901506e+00
1.621090518717182682e+00
1.238805463417264718e+00
1.223110636405966734e+00
1.697431541063389115e+00
9.411781682665814053e-01
1.766071460451029251e+00
1.155054114897060558e+00
1.047709954944477939e+00
2.057830328993377478e+00
1.016035598180555555e+00
1.922174979233512326e+00
1.052713162284237391e+00
1.938468540982595245e+00
1.105037313985317127e+00
1.818257584106039104e+00
1.274380960299058341e+00
1.649504803078455595e+00
2.019547556024490653e+00
1.052307302078125506e+00
1.744514342596112932e+00
1.305023329895483197e+00
1.187610538410264649e+00
1.900304882507546145e+00
6.289523059235140323e-01
1.271608827366693006e+00
1.777481456511982527e+00
1.386172122086593239e+00
1.211264012344240193e+00
1.030901332854988972e+00
1.062066200567958862e+00
1.399826394038358179e+00
5.900608859003919626e-01
5.538111000851633214e-01
1.614073342469626082e+00
5.901356159569317583e-01
1.882518958608482507e+00
1.735873463173347675e+00
1.394504074416199835e+00
1.407042168593455322e+00
9.205401664132226713e-01
9.760109435852708515e-01
1.395569717459403281e+00
9.413744631039757671e-01
4.926256748603980995e-01
1.502454136456223388e+00
1.785184785823418219e+00
8.128029502813207685e-01
1.459033267884082274e+00
1.631036343625541951e+00
5.201650369260395479e-01
1.104380729554489848e+00
1.551935222663457070e+00
1.834964698981287556e+00
6.316047319011675043e-01
1.898048998714089830e+00
1.578196997432798954e+00
7.208742348589396443e-01
1.305735137318019268e+00
8.220137011302206531e-01
1.456557281021284789e+00
1.350578917446033866e+00
1.343107853392406348e+00
9.981055525714905841e-01
6.603234820451544529e-01
7.450039508025843027e-01
8.374742806720831823e-01
7.940056120259986194e-01
1.012002800424723903e+00
1.097512489281399439e+00
1.529708094066689616e+00
1.098002403153787387e+00
9.568361083007999035e-01
1.418026538202699971e+00
7.444388037578151263e-01
1.164324198718699854e+00
7.971942973583958647e-01
1.562324667435408987e+00
1.760574038346050862e+00
1.242022721696301346e+00
8.384462488993418283e-01
1.539411524632712469e+00
1.523455224879199044e+00
1.433134188156798716e+00
9.165936965955316929e-01
9.560557425154718736e-01
8.133537574760221212e-01
1.029355997777309017e+00
1.227276320164811807e+00
1.633314774481619880e+00
6.696371790352433351e-01
1.500942183382864004e+00
1.728513735881293867e+00
1.083436139922055785e+00
1.028598504293424032e+00
1.065423857310173084e+00
7.135928892406999680e-01
1.342087600370334588e+00
1.558786588181144239e+00
9.754945132779000438e-01
8.938664082277014700e-01
9.414396075901949601e-01
1.156069266257132799e+00
9.651466573202078791e-01
1.111928581374572733e+00
1.476276686569667262e+00
9.806521780194326077e-01
9.098253936899549643e-01
1.272344692194577576e+00
8.839739045077950053e-01
7.382128619210028830e-01
1.087809379859180581e+00
1.168336054955412706e+00
1.310253392416881546e+00
1.113389517257826533e+00
1.923508269333987775e+00
1.154396518872527810e+00
9.318666801894526230e-01
1.341138417392717441e+00
8.351371312613038445e-01
8.070123902169137331e-01
1.254243473398607200e+00
1.088332592045142100e+00
2.043593110061120655e+00
1.051713428656165128e+00
6.584279021646177732e-01
1.181479818725840403e+00
6.245261090010849614e-01
8.556885458746070761e-01
1.440435842743995831e+00
9.655030120827396978e-01
8.898606140391804864e-01
1.655662973556786710e+00
9.929853783946929191e-01
1.912423576023129845e+00
3.899511228404253238e-01
8.025919075636473998e-01
9.411781682665814053e-01
1.184031566390993939e+00
9.982335571226159665e-01
9.513675549185180991e-01
1.042570123530143222e+00
1.251487663544769369e+00
1.540398906794524070e+00
1.269853345126507271e+00
1.158217975878921280e+00
1.096040880114010463e+00
1.945803349844025698e+00
1.368322936556010561e+00
7.571286047497181038e-01
9.775588969254784821e-01
1.079548279229649577e+00
8.022461748046589847e-01
6.025880130031975312e-01
1.103784818536118095e+00
1.055460876420410088e+00
1.113876671698017962e+00
1.212311990211019541e+00
6.617806351280708377e-01
7.179496973033550056e-01
8.461895580419063201e-01
2.004476014857299759e+00
9.087644827453154051e-01
1.052775646119139097e+00
1.418658399374815415e+00
1.439810964071937427e+00
1.079054311566599367e+00
1.000661509799354310e+00
1.002959452265783202e+00
8.694662906181718220e-01
5.768776266422133148e-01
1.243973540536623013e+00
5.981205554820108183e-01
1.165840327390167630e+00
1.091130461653434303e+00
7.666765654914984296e-01
8.656243673970820396e-01
1.613031456735593894e+00
1.239725257651314472e+00
6.356517537173593801e-01
1.253473038780819504e+00
9.875970047818833919e-01
1.358958709691315159e+00
1.881918483330811354e+00
1.061194967535029399e+00
1.748211262577934466e+00
1.095366251353972586e+00
8.970661686130458889e-01
9.644336757833622542e-01
5.155674876245899263e-01
1.485907401017227736e+00
1.426355430434127047e+00
7.745136228704687653e-01
8.583959390241213683e-01
1.179117358677097549e+00
1.586871132927250461e+00
1.607907128308036171e+00
9.359363195266214852e-01
8.887910667982508173e-01
1.746593367192018853e+00
1.553772200196978037e+00
8.656242478647400151e-01
8.592075621472532454e-01
1.024555325015399365e+00
3.724697438607762479e-01
1.149311487371247109e+00
1.739908651649590743e+00
1.192314673534923486e+00
7.145934793680384089e-01
1.450508105335660547e+00
8.721595054438631145e-01
1.049712412982904741e+00
8.440133486821035369e-01
2.036203583401514194e+00
1.302458765842132493e+00
8.172750253979463864e-01
1.764817856192005152e+00
1.448176500870046901e+00
1.348132396976608360e+00
9.736788500290234349e-01
1.238575680602495233e+00
1.762827172587518199e+00
1.108272271208541326e+00
1.023543388864715187e+00
1.067039005956480935e+00
6.492957245081787399e-01
1.191965835387344130e+00
6.614893090205047343e-01
1.006912070404200055e+00
1.331921628325151152e+00
8.683885870231380366e-01
9.005281003680396523e-01
8.470051572271271034e-01
1.782321888555923550e+00
4.119420742787607281e-01
9.521493472893918231e-01
1.790214324050904082e+00
6.168376040630962898e-01
8.283186248900511472e-01
1.263356117276421386e+00
8.718901672602683561e-01
1.435353806775233831e+00
9.053140446529082119e-01
6.858604134629291416e-01
1.287006604722613190e+00
1.017209559359853799e+00
1.459497324913544336e+00
8.866515179732887830e-01
1.034650326923305830e+00
1.383815806816921512e+00
1.946147822699172192e+00
7.683578210014618826e-01
1.036286912238705504e+00
1.044200861400967462e+00
2.081262370629606728e+00
1.206367037562791733e+00
1.501295118970483289e+00
4.211373965817202247e-01
9.721363450126334627e-01
8.853127322403286925e-01
1.064367339935833545e+00
7.620475356801548195e-01
8.999956508649975540e-01
1.529906573421396576e+00
1.448954032729303121e+00
9.868264973930620521e-01
6.022907415759934935e-01
1.308140612840230865e+00
1.314028438401675380e+00
9.405236907451235417e-01
1.838886439447101173e+00
1.343763946936046727e+00
1.049900163686728671e+00
9.354118585092536797e-01
1.594360048266192154e+00
1.798448048562482304e+00
1.258491409237344261e+00
1.266223964982454042e+00
6.840905684473543857e-01
1.645882745637720967e+00
7.993406723446918605e-01
7.923408039732828811e-01
1.467475793787561766e+00
1.734794242513692186e+00
1.370481984549000609e+00
1.451854116314477583e+00
1.126163623042443218e+00
1.686213236235646562e+00
1.194839266496341423e+00
1.278447366286811437e+00
1.153380654135132799e+00
1.581576361797867314e+00
1.176042544735419693e+00
1.319429433867971069e+00
1.095305379666934087e+00
1.518555078537461078e+00
1.075963672892274570e+00
1.112050618168591409e+00
1.984004098888991319e+00
1.037921994323451003e+00
8.111500725243954157e-01
1.565296287145806930e+00
1.336998275474133635e+00
8.957332943975879758e-01
1.238403134704674446e+00
1.599714987020475432e+00
1.861878095772906860e+00
1.099901023105137376e+00
1.031121955778262489e+00
1.947182658896897234e+00
9.387552591257659618e-01
7.937975164555766128e-01
1.382797378436203095e+00
1.141452032186267118e+00
9.379034999271000927e-01
1.035657393479881172e+00
1.383922941764728964e+00
9.507804872994474188e-01
1.125649384762344107e+00
1.311308754848687474e+00
7.288468542456056909e-01
9.103554477180852977e-01
1.061194967535029399e+00
8.546046731579117761e-01
8.751851612783227985e-01
1.463204731054370988e+00
1.406194370237786151e+00
1.571127678007744111e+00
1.321723889300161936e+00
1.041691216111918283e+00
1.068653075971496502e+00
1.572873364611055758e+00
9.161805232739155258e-01
9.922803280363718947e-01
7.305523287113042663e-01
1.073487999576262730e+00
1.050213094119906376e+00
9.996393365989528768e-01
8.640047796386158829e-01
1.351838255253532184e+00
1.323546923240598083e+00
1.451802398156027074e+00
1.771808261179147470e+00
1.071629425716136730e+00
1.391730572541547639e+00
1.116795103257440136e+00
1.195249923058719910e+00
1.852511285051108736e+00
9.031881600184830106e-01
6.655660782296810574e-01
2.100653762638768463e+00
1.570157093036032014e+00
9.045168523805036109e-01
7.189844100246027825e-01
1.186374250570935818e+00
9.175688623010729295e-01
8.752527036744437439e-01
1.027588647245404996e+00
7.554402868323908393e-01
6.597402548499990971e-01
7.336759346328345366e-01
1.396847589208223495e+00
8.732359030149918766e-01
7.969863834013548587e-01
1.418026538202699971e+00
8.575838771296440122e-01
1.020505305703711674e+00
5.741734601233168256e-01
1.174754909650398860e+00
1.134710172838524933e+00
1.673821797166496816e+00
1.507937106412460704e+00
9.883675288604458764e-01
1.133262579738052889e+00
9.995114591654226111e-01
1.474794633494453722e+00
1.044200861400967462e+00
1.352219641296604768e+00
1.539609073157337749e+00
1.126715734807282043e+00
1.555143411108633078e+00
8.129405422863846820e-01
1.060946119063414628e+00
1.367555851517296528e+00
7.939363324331893956e-01
9.596959045191493232e-01
1.921563905069227918e+00
1.140610313461142278e+00
1.430101002890082018e+00
7.683578210014618826e-01
6.109092173881682797e-01
1.130848575407780388e+00
1.098492540634969927e+00
1.079548279229649577e+00
1.230106692573752936e+00
7.299837836846765349e-01
1.087193907468394283e+00
1.023606881179478290e+00
9.074380128861778694e-01
8.347447263356646552e-01
1.914904855983921461e+00
8.358368971279039883e-01
8.516219893621901349e-01
1.293515213448348078e+00
1.447294900225819747e+00
9.609948410097959304e-01
1.018287261030706548e+00
1.149311487371247109e+00
9.685146295916444714e-01
1.665249495006597469e+00
1.382891322473161599e+00
8.818297356368338669e-01
9.801367692218594385e-01
1.290151138541517639e+00
3.347665203223839647e-01
7.624682585616269215e-01
9.235086279444502111e-01
1.207767392548630081e+00
6.544134205454266162e-01
9.135342763520180043e-01
9.059111964217185786e-01
7.051450263560812282e-01
1.351607097787923539e+00
1.462934517793553990e+00
1.595987427956517823e+00
1.589705968193332541e+00
1.068777014774499268e+00
9.687731402161712246e-01
6.705082286925683199e-01
6.576983895468102581e-01
7.074385972922114796e-01
1.302298601784142695e+00
1.007549071435140497e+00
1.198883553801709745e+00
9.069073654252739480e-01
1.299779778076651127e+00
1.043009220581120999e+00
1.021645009148332006e+00
6.521481484438136356e-01
1.379900144318514155e+00
1.428609099204463107e+00
1.621095161552078778e+00
1.093341555367184803e+00
1.693097933535517852e+00
9.607351475118468542e-01
1.236504675903471018e+00
7.194479303026417583e-01
9.554215088986039994e-01
8.718901672602683561e-01
1.263725660769107861e+00
9.919598134601801398e-01
1.413228369661309936e+00
1.035153951242240744e+00
9.127403854727638155e-01
9.147257923559468651e-01
1.969368456626145347e+00
1.181951947537493997e+00
1.341138417392717441e+00
1.052463607610348184e+00
1.993276917320373709e+00
8.320121821021086994e-01
1.165840327390167630e+00
1.335602408638928651e+00
1.273476051833374090e+00
1.268039445796684372e+00
1.296090224206296604e+00
1.276753918202219396e+00
9.573566348882653898e-01
1.086947721371030795e+00
1.806554054839076606e+00
1.886636562022861119e+00
1.343763946936046727e+00
1.167266770321473413e+00
1.256667704217325543e+00
9.557956006663186344e-01
6.156531271544518624e-01
8.620464425503673311e-01
9.674787996657463474e-01
1.167890565097090105e+00
5.906589135539435098e-01
1.134710172838524933e+00
1.552596346007990125e+00
9.975938497476901645e-01
1.090592497161365415e+00
1.991240249512951976e+00
9.423232416377893550e-01
9.723948612699957472e-01
9.775588969254784821e-01
7.154506277101537748e-01
5.759012624766901567e-01
1.392157765812756853e+00
1.378879611547922268e+00
9.953547546696754900e-01
9.458860415323147031e-01
1.247526454626196379e+00
8.575838771296440122e-01
1.045109967061435441e+00
9.965703204393170367e-01
9.998950567878002182e-01
1.164651138152206222e+00
1.568621321816203951e+00
9.550144491605383479e-01
2.908321011521879385e-01
1.247640898236163309e+00
1.236590899733504889e+00
8.666022843938721021e-01
1.138564878362483768e+00
1.389487559700737895e+00
7.989947010984188580e-01
9.186917498481284028e-01
4.679470507395495638e-01
8.273602418163021888e-01
7.208742348589396443e-01
1.004235236517033059e+00
6.956638030180752885e-01
1.005000411377432901e+00
1.007931342187457169e+00
9.744615308692390343e-01
1.135915493837220236e+00
1.673273087039389262e+00
8.039738154203037723e-01
7.768883329410378735e-01
1.000150730748648353e+00
8.929320812414722752e-01
1.443972403935114723e+00
1.292842510975950265e+00
7.277093657078297362e-01
9.760109435852708515e-01
6.702181984388904112e-01
7.621879575964278786e-01
7.469817699809779832e-01
1.407147825646651862e+00
1.548474012489160945e+00
1.249586637452288151e+00
8.412910113401004253e-01
1.529757576726831436e+00
7.977138318059244781e-01
7.791215259086312628e-01
7.973328077419790105e-01
7.897714959067261287e-01
1.091867624643982460e+00
7.452865758328441892e-01
1.387242167125104952e+00
3.217160053844638767e-01
1.378020190496895392e+00
6.043733108685005462e-01
1.135192159235033582e+00
6.783399547282411568e-01
1.463410408072826296e+00
9.983613346313271464e-01
9.042512557157298403e-01
1.160722100571780935e+00
8.438775756857421761e-01
1.416762401340383448e+00
9.348867578622668262e-01
1.719286594145299052e+00
9.137991159131275687e-01
7.529054092489362304e-01
1.009077127959288056e+00
7.269980201950625442e-01
1.743090182261632481e+00
8.682705481642045697e-01
9.037194586256673823e-01
4.309363725728396766e-01
1.314028438401675380e+00
9.343616928848961223e-01
9.296318612413165816e-01
8.965331631112500865e-01
1.070761581999541079e+00
8.518930857849977833e-01
9.087644827453154051e-01
6.950881979716805326e-01
6.689831140030688683e-01
7.094437512582292271e-01
1.205199587593230870e+00
1.076581993469493348e+00
8.306445466459333460e-01
9.027892726193300632e-01
1.164175389514688241e+00
7.133785238664207551e-01
7.445803011056679743e-01
1.637307967372282791e+00
5.942428656246767638e-01
1.770615686155144752e+00
9.823256443522367931e-01
4.507528999454479823e-01
9.135342763520180043e-01
9.178660130928881777e-01
7.633108786475291119e-01
1.104365363618614815e+00
8.721256641869548076e-01
7.745136228704687653e-01
1.217543830672217720e+00
6.448287657202871337e-01
4.635794613239516693e-01
1.373177456063481294e+00
6.910547556322730323e-01
8.551467193496833374e-01
9.021242971810266020e-01
8.893259368455419533e-01
7.677975200966589142e-01
8.919978599732756308e-01
1.458466194912123370e+00
1.856020402482962295e+00
1.464245865317496342e+00
1.162747108413285879e+00
1.612747029783391017e+00
8.427206144396024445e-01
1.818800817069424092e+00
8.268122885583903958e-01
7.430249195014075880e-01
1.070358859116099515e+00
1.388739678428600799e+00
1.550168213274554452e+00
6.678931374503176421e-01
1.142773618787896073e+00
6.584277608523130265e-01
1.337679978980457429e+00
7.812133048562910353e-01
9.705847059163383861e-01
1.503914226045554470e+00
1.034398551458358462e+00
1.686303931861570904e+00
1.086701692894217253e+00
8.282842686768410179e-01
1.042820951199801893e+00
1.029261254164043127e+00
1.136156388076925872e+00
9.212004968793610082e-01
1.714909785933074637e+00
1.001938295369985799e+00
1.137120113146571576e+00
8.225626484169819008e-01
1.217543830672217720e+00
1.687394411484505419e+00
1.458363060201693040e+00
7.258599778527639046e-01
9.791060479045641252e-01
6.416019198274138802e-01
5.057351189334471364e-01
8.463256015392173204e-01
1.214755170919101790e+00
9.486281684956203719e-01
1.257465635080152744e+00
4.173357801286097235e-01
1.451440012866625828e+00
7.251483184306506402e-01
1.289253170442608454e+00
1.547786017991230834e+00
6.667297571115682331e-01
1.007294519669557520e+00
1.374577531707225519e+00
9.655354272211256195e-01
1.425700003668415539e+00
1.363998232780827546e+00
9.911903696648378670e-01
1.078559961735858774e+00
1.143854818766944614e+00
1.086947721371030795e+00
1.315691739661306592e+00
9.495418743176800014e-01
9.983613346313271464e-01
7.599401969915691168e-01
9.013265298436539119e-01
9.484974325827111308e-01
9.754945132779000438e-01
1.304019952848899155e+00
1.015845357947069205e+00
1.115579333069264489e+00
1.036160863468379212e+00
9.314723634668391483e-01
1.002704285935909212e+00
1.031626646029833339e+00
6.686199603043494477e-01
8.001018804114070626e-01
1.106319634513504013e+00
8.441498277586831911e-01
1.319125317644925133e+00
1.044632140700215484e+00
4.782159847195712743e-01
1.225888785502368794e+00
1.297292896753586167e+00
1.491287191090318043e+00
7.094437512582292271e-01
8.045268204348610119e-01
6.568228662451809363e-01
1.067287369140143660e+00
9.307495862194943292e-01
1.151765933483330340e+00
1.547393036518161624e+00
1.018857975859301046e+00
1.288579525437309581e+00
8.177557678050200174e-01
1.245578607021690765e+00
8.769990661549957878e-01
6.503930893076401709e-01
8.377472063775637245e-01
1.047146150327744607e+00
1.030428182280690663e+00
1.063185987998080506e+00
1.615564196355894211e+00
8.602895180906706685e-01
1.514968257995102707e+00
8.001018804114070626e-01
1.207067221019700654e+00
1.850508093867600401e+00
1.497510276510572558e+00
8.861161485123969506e-01
1.224037115619014404e+00
6.697822526891874517e-01
6.177258885744407735e-01
1.199351988694960625e+00
9.164448855662126192e-01
9.327860368530558333e-01
8.166559045973804665e-01
1.486008915531522367e+00
1.345403441561892954e+00
8.994632399756659069e-01
1.119709766836948894e+00
7.675875110321304096e-01
5.422842702741608178e-01
9.762689793561434293e-01
1.008313306828800826e+00
1.203446980876883288e+00
8.839739045077950053e-01
1.452371458063926202e+00
1.113389517257826533e+00
1.180180769691394627e+00
6.512707195482634326e-01
9.069073654252739480e-01
6.168376040630962898e-01
1.162032576136664108e+00
1.342013899432813462e+00
1.225194451326766742e+00
1.083497850970947862e+00
7.600808083875532084e-01
7.728362467451810325e-01
1.666168389605300337e+00
9.770430259158238151e-01
1.276753918202219396e+00
1.108516201720283867e+00
8.358368971279039883e-01
2.036275138949349639e+00
1.107845086089380704e+00
9.512371720376151529e-01
1.187610538410264649e+00
7.644332448405251057e-01
8.799525102760168416e-01
1.166732177518839730e+00
7.683578210014618826e-01
9.911903696648378670e-01
9.609948410097959304e-01
1.073054326497664412e+00
7.324338216538053281e-01
9.917035228570565408e-01
1.269853345126507271e+00
5.902103426686133858e-01
1.125891557135502374e+00
7.733957403557631949e-01
1.468239145077757213e+00
6.248213390549950397e-01
1.369834585521255255e+00
6.721782341538022898e-01
1.295754792909691311e+00
9.591764443860979483e-01
1.193254276326587426e+00
8.050101066147501427e-01
1.167326154572611685e+00
1.769438463299911612e+00
1.745280549457816521e+00
9.886244220721325249e-01
1.043950184477077325e+00
9.667015461812482613e-01
7.613452367064992288e-01
9.143286517062363394e-01
9.651466573202078791e-01
7.817705365344855828e-01
1.098247393848641007e+00
1.890324617429269827e+00
7.220145640151343081e-01
1.079918942487758216e+00
1.211496929393733879e+00
6.777607813858241848e-01
5.798793516357569899e-01
9.331142567770931429e-01
7.322564810794127688e-01
1.042946606105168872e+00
8.169311274539325929e-01
1.073116200692022293e+00
6.661482902832975839e-01
1.376514777994715999e+00
9.773008753695524575e-01
8.709478066032767529e-01
1.394717027140419008e+00
4.494984048981947033e-01
1.050588226609588727e+00
7.134501569197189141e-01
1.371210330380866704e+00
1.060323182670798392e+00
9.275264865428702876e-01
1.212544717155949137e+00
1.009912130074416714e+00
1.044639958181404538e+00
1.041879847659751945e+00
1.103387565273499682e+00
1.116795103257440136e+00
6.742821743230047460e-01
6.737018114024753146e-01
7.300016987042108330e-01
1.334668933576481864e+00
9.136007763689026895e-01
9.899079752484296613e-01
9.149239784145943855e-01
1.010349741937571988e+00
4.151160169962055946e-01
6.815242222562094554e-01
9.568361083007999035e-01
7.992713856864539501e-01
1.477553418585718426e+00
8.589370698384084513e-01
1.435927763847673511e+00
1.080459312594213239e+00
9.979777519682637710e-01
1.197008857718889541e+00
1.113146270335203081e+00
8.094611164462566233e-01
9.087644827453154051e-01
7.235106491096017223e-01
1.260199525234348084e+00
1.343299292043457438e+00
7.238666293212445701e-01
8.617763492311532048e-01
1.305858678743067047e+00
9.638501441525368918e-01
6.348430922215069216e-01
8.384290591201948306e-01
9.842559195866225075e-01
1.157502128774607453e+00
5.908080359718450580e-01
1.184783006993956000e+00
8.452381064567004998e-01
1.047271516455962059e+00
1.664536908452565633e+00
1.169998189794383192e+00
1.164413476144526172e+00
8.886574353483043254e-01
9.291055763259583600e-01
6.932161198214776832e-01
8.529779358511411225e-01
9.021242971810266020e-01
9.796213924689931574e-01
1.081523784521063014e+00
9.319980201584368018e-01
1.216599988099157148e+00
8.854803177573309370e-01
9.630715858710181543e-01
5.485083569619733090e-01
1.229587337960626137e+00
9.973379289606478793e-01
1.126496488001425877e+00
9.557956006663186344e-01
7.520597077149062670e-01
5.400040389640530236e-01
1.100451717218775993e+00
9.031881600184830106e-01
1.035153951242240744e+00
7.481110543191769047e-01
1.068156388993205308e+00
1.526926140998619674e+00
5.967788152941331248e-01
1.085469871049359991e+00
8.832370916229104196e-01
7.761901919316547271e-01
1.637681634569597922e+00
1.796923473449183239e+00
1.294859173997316315e+00
1.183073224469020968e+00
1.345184751230497300e+00
9.136005463556746697e-01
1.530898989119128695e+00
1.248098926351827398e+00
1.323767548241332914e+00
1.035028219670140359e+00
1.343545288863297715e+00
7.370795315210734167e-01
1.139166702958352984e+00
1.232818259466549105e+00
5.906589135539435098e-01
1.067039005956480935e+00
9.973379289606478793e-01
7.028494689992550448e-01
8.909293902488890637e-01
6.620719090068880597e-01
1.060323182670798392e+00
7.956698606145731212e-01
1.277375174019576232e+00
1.410005386981014297e+00
1.594264241335761945e+00
8.418359190099127254e-01
1.379739049326909939e+00
9.019914043033607776e-01
8.858483913778076868e-01
1.592060120471371132e+00
7.605375812978001360e-01
1.317575202517193400e+00
1.351511631794916291e+00
9.496720699708611768e-01
1.233740234869949770e+00
7.144507001707409710e-01
1.016448229120823221e+00
1.407889349578785643e+00
9.432714992006556720e-01
9.988727601045366278e-01
1.198883553801709745e+00
8.543336134407839566e-01
1.248442427647807662e+00
1.039179328511214973e+00
1.750481862828502599e+00
1.061941860703415230e+00
1.618896509087849767e+00
1.065672718077551817e+00
9.192202045827491119e-01
7.191629828092986898e-01
1.254443209832073025e+00
7.725565498828985689e-01
1.050369324834699691e+00
9.705847059163383861e-01
6.429222857651784029e-01
8.850450631926976008e-01
1.532089142574123430e+00
9.938820318513030827e-01
1.496146208199033545e+00
1.268719747179902324e+00
1.089870374424805721e+00
1.338290192356951236e+00
1.227969884434889192e+00
1.356189536968563703e+00
1.181184557097434418e+00
1.069521436180475682e+00
1.641693740027251103e+00
1.322000415072197121e+00
1.661430628844002833e+00
1.362373626917638969e+00
8.764620858766773992e-01
8.177557678050200174e-01
9.110181984306833236e-01
1.149610923725329581e+00
8.981318342393480592e-01
1.139407500171472076e+00
8.758571642225254639e-01
8.152807545024174374e-01
9.809095944615884299e-01
8.570427333830425987e-01
1.434701045537746245e+00
9.839342420784753518e-01
9.723948612699957472e-01
1.076087359382503994e+00
1.094323622010276775e+00
9.411781682665814053e-01
1.138865874731213923e+00
8.943999123903378923e-01
8.851790202245735095e-01
1.070637822465553057e+00
6.870156621706118294e-01
8.333785869325391893e-01
9.104052584620820898e-01
1.154994172328774660e+00
1.559934078201681507e+00
1.407147825646651862e+00
1.311586294670069375e+00
7.689181719592976805e-01
1.397991994141423611e+00
7.117337631101889883e-01
5.966296662905192782e-01
1.067784165721399336e+00
1.069645501256663689e+00
1.176752498999595886e+00
8.935993523728842369e-01
1.173200377526888882e+00
8.999956508649975540e-01
1.441580820543524100e+00
1.489766045886808499e+00
7.812133048562910353e-01
1.131331765318277061e+00
9.750426190923366931e-01
7.576914795370894851e-01
7.573393898567180038e-01
9.066415107350542790e-01
1.011875617808577932e+00
1.339002381968593891e+00
1.480894366866976508e+00
1.170591642846197988e+00
1.425595100766686052e+00
1.107051955839503776e+00
8.224254347567372392e-01
1.324098746809155625e+00
1.120923377027196022e+00
1.461454812770276890e+00
1.229240861924898454e+00
7.800977409511298255e-01
1.249701067532451138e+00
1.240874151500913403e+00
9.842559195866225075e-01
1.540793329164636960e+00
1.384458789980777427e+00
1.321295672250030639e+00
1.409582487635211878e+00
1.078621890961065644e+00
9.593063211360872700e-01
1.787062233761540275e+00
1.132297619988718917e+00
9.577466234851090832e-01
1.118738718584415537e+00
1.730591556240641093e+00
1.278052491637077903e+00
1.247984524297469200e+00
1.182542238774432874e+00
1.581769486795656876e+00
1.799294403245036644e+00
1.012002800424723903e+00
1.521249902713182278e+00
2.037241958332041136e+00
