-1.403907965868711472e-02
3.451372981071472168e-01
nan
5.310433506965637207e-01
nan
-8.434014767408370972e-02
nan
nan
4.487029910087585449e-01
5.209180116653442383e-01
nan
5.608143657445907593e-02
-3.031210042536258698e-02
4.336170852184295654e-01
nan
3.550597131252288818e-01
nan
2.103920131921768188e-01
nan
1.899742484092712402e-01
4.269834160804748535e-01
4.563787877559661865e-01
-8.437199145555496216e-02
nan
nan
-1.009921282529830933e-01
1.765444725751876831e-01
5.793859809637069702e-02
2.879702150821685791e-01
1.522931177169084549e-02
nan
4.640350937843322754e-01
-1.428368985652923584e-01
4.644877314567565918e-01
8.565585315227508545e-02
6.051551178097724915e-02
nan
nan
nan
3.392609953880310059e-02
-2.899341471493244171e-02
nan
0.000000000000000000e+00
nan
-1.682607680559158325e-01
-1.349605619907379150e-01
-6.200714707374572754e-01
4.507002830505371094e-01
nan
-5.724187195301055908e-02
1.739353686571121216e-02
-4.081033170223236084e-02
3.654838204383850098e-01
-2.224813252687454224e-01
-3.017959296703338623e-01
3.623560070991516113e-01
6.524612903594970703e-01
-6.073497980833053589e-02
5.069482326507568359e-01
-2.638396620750427246e-01
nan
-1.023990139365196228e-01
4.545210003852844238e-01
4.013878405094146729e-01
9.938295930624008179e-02
-3.585638701915740967e-01
3.207453787326812744e-01
5.504903793334960938e-01
2.770628631114959717e-01
nan
2.099582701921463013e-01
-1.919636577367782593e-01
nan
5.219128727912902832e-01
5.042310953140258789e-01
-2.976058516651391983e-03
nan
6.269466280937194824e-01
-9.105554223060607910e-02
-2.093528062105178833e-01
4.090160131454467773e-01
2.962755560874938965e-01
4.990150332450866699e-01
nan
1.672992706298828125e-01
nan
4.809053242206573486e-01
6.106655597686767578e-01
2.144939266145229340e-02
1.713108271360397339e-01
nan
4.724657237529754639e-01
2.727137207984924316e-01
-5.257479101419448853e-02
nan
-1.976189464330673218e-01
-1.971060223877429962e-02
nan
-2.861822545528411865e-01
4.960753023624420166e-01
8.350774645805358887e-02
-2.719496004283428192e-02
4.973814785480499268e-01
2.564966380596160889e-01
-1.215805709362030029e-01
nan
-2.771463394165039062e-01
nan
-1.745231002569198608e-01
1.697096526622772217e-01
nan
nan
-1.001606062054634094e-01
1.224276199936866760e-01
-3.446623086929321289e-01
nan
2.704177498817443848e-01
4.990837275981903076e-01
8.124838024377822876e-02
3.715566992759704590e-01
1.259126067161560059e-01
-1.154780462384223938e-01
-5.494819954037666321e-03
2.763317525386810303e-01
3.442221283912658691e-01
nan
4.993802011013031006e-01
3.999612927436828613e-01
-1.907517611980438232e-01
3.642132282257080078e-01
4.755115509033203125e-01
-1.246541216969490051e-01
3.207434415817260742e-01
5.561507940292358398e-01
5.608869194984436035e-01
nan
1.725100725889205933e-01
2.825440764427185059e-01
-3.849108889698982239e-02
1.880335509777069092e-01
6.568826735019683838e-02
-8.267775177955627441e-02
nan
nan
-3.384723514318466187e-02
nan
1.111685186624526978e-01
-1.006307676434516907e-01
2.586021721363067627e-01
-9.870875626802444458e-02
3.975111544132232666e-01
3.342150151729583740e-01
1.557858437299728394e-01
3.958131670951843262e-01
-1.542891561985015869e-01
2.272363305091857910e-01
6.450921297073364258e-02
4.223815351724624634e-02
3.334405422210693359e-01
1.829393208026885986e-01
2.587366104125976562e-01
3.015393763780593872e-02
nan
5.503764003515243530e-02
3.331284821033477783e-01
-1.189470663666725159e-01
-1.154569089412689209e-01
-1.951032429933547974e-01
nan
9.986172616481781006e-02
9.340519458055496216e-02
nan
2.145182788372039795e-01
nan
-2.040569931268692017e-01
6.767030060291290283e-02
3.245007991790771484e-01
nan
3.182466328144073486e-01
nan
1.283213347196578979e-01
2.769285142421722412e-01
4.217043817043304443e-01
2.154549211263656616e-01
-2.202625013887882233e-02
5.168572068214416504e-01
2.634148597717285156e-01
5.876822024583816528e-02
2.145637422800064087e-01
4.199012815952301025e-01
8.384464681148529053e-02
4.607433080673217773e-01
7.612644135951995850e-02
4.810061752796173096e-01
2.405641227960586548e-01
3.182573616504669189e-01
8.089163154363632202e-02
nan
5.172166228294372559e-01
-4.242401942610740662e-02
nan
-3.159497678279876709e-01
4.275563657283782959e-01
nan
3.956841826438903809e-01
nan
nan
4.180817604064941406e-01
nan
5.044776201248168945e-01
-2.209378927946090698e-01
3.653024137020111084e-01
2.316219061613082886e-01
-9.163416922092437744e-02
nan
1.108577847480773926e-01
3.284690678119659424e-01
5.527005996555089951e-03
-1.036009415984153748e-01
-6.366589665412902832e-01
4.354622662067413330e-01
3.643471896648406982e-01
1.475829631090164185e-01
-3.240732848644256592e-01
4.275638461112976074e-01
1.680923551321029663e-01
4.245828986167907715e-01
5.283902883529663086e-01
3.391132652759552002e-01
nan
3.631930649280548096e-01
2.736160159111022949e-01
nan
nan
nan
1.057375892996788025e-01
1.430322974920272827e-01
1.287753731012344360e-01
3.338444530963897705e-01
-8.334420621395111084e-03
nan
1.670544408261775970e-02
-1.689537018537521362e-01
-1.608185768127441406e-01
nan
nan
3.406659960746765137e-01
-2.412080317735671997e-01
5.583470463752746582e-01
nan
3.905226886272430420e-01
nan
nan
4.973313510417938232e-01
nan
4.481798708438873291e-01
nan
-1.065025851130485535e-02
1.943951658904552460e-02
1.065091416239738464e-01
3.252673447132110596e-01
3.729075491428375244e-01
-2.576541900634765625e-02
4.476195871829986572e-01
-1.924246400594711304e-01
nan
4.147090017795562744e-01
nan
5.141309499740600586e-01
-3.726348578929901123e-01
3.351367115974426270e-01
2.508027255535125732e-01
nan
nan
5.696925520896911621e-01
4.659984409809112549e-01
4.304090738296508789e-01
-1.426687836647033691e-01
-5.987383052706718445e-02
8.109119534492492676e-02
nan
-1.314425319433212280e-01
2.466266900300979614e-01
1.113569661974906921e-01
nan
6.624213606119155884e-02
8.800709247589111328e-02
-2.363056093454360962e-01
3.202337622642517090e-01
4.237010478973388672e-01
nan
3.669725358486175537e-01
4.652265012264251709e-01
-9.951287880539894104e-03
nan
nan
4.050694704055786133e-01
5.491566285490989685e-02
nan
3.424448966979980469e-01
-2.554298043251037598e-01
4.624759256839752197e-01
nan
4.627402126789093018e-01
4.960364401340484619e-01
1.267694383859634399e-01
-1.816841959953308105e-01
-1.358297765254974365e-01
nan
3.559777513146400452e-02
-3.350763022899627686e-01
nan
nan
3.737356960773468018e-01
4.059740006923675537e-01
nan
1.182617992162704468e-01
4.543734788894653320e-01
-3.997698724269866943e-01
7.354886829853057861e-02
4.459691941738128662e-01
nan
-2.856764197349548340e-01
2.796576619148254395e-01
nan
1.995441466569900513e-01
3.469778001308441162e-01
nan
-1.666433550417423248e-02
nan
3.307652175426483154e-01
nan
nan
2.494833618402481079e-01
nan
nan
-9.387810528278350830e-02
nan
-4.289530515670776367e-01
-1.493838578462600708e-01
nan
-4.268507957458496094e-01
-2.371827811002731323e-01
4.638158380985260010e-01
2.281889170408248901e-01
nan
3.448509573936462402e-01
nan
nan
-2.520062625408172607e-01
nan
-1.630578637123107910e-01
nan
-7.824983447790145874e-02
nan
3.548929989337921143e-01
nan
3.584913611412048340e-01
nan
nan
8.182607591152191162e-02
1.268963962793350220e-01
nan
nan
1.813656836748123169e-01
-2.216624841094017029e-02
nan
-2.264265418052673340e-01
-7.439532876014709473e-02
3.843349814414978027e-01
nan
3.350909054279327393e-01
4.310090541839599609e-01
-4.756724238395690918e-01
nan
-6.407780200242996216e-02
4.645395874977111816e-01
1.318036019802093506e-01
nan
nan
nan
nan
4.222415685653686523e-01
4.879555702209472656e-01
nan
4.263713657855987549e-01
4.558802843093872070e-01
nan
3.710022866725921631e-01
-5.273627489805221558e-02
4.410246610641479492e-01
nan
nan
nan
-1.560632437467575073e-01
nan
7.278070319443941116e-03
4.597418904304504395e-01
nan
nan
nan
nan
nan
2.632528357207775116e-02
4.505203068256378174e-01
5.154722332954406738e-01
nan
4.243197441101074219e-01
5.196628570556640625e-01
1.379643380641937256e-01
nan
-5.461781024932861328e-01
4.139555692672729492e-01
4.527027308940887451e-01
5.080630779266357422e-01
3.981055915355682373e-01
3.342546820640563965e-01
7.619325816631317139e-02
nan
4.637118875980377197e-01
1.406227704137563705e-02
3.570032119750976562e-01
nan
nan
1.147385016083717346e-01
4.571253359317779541e-01
4.538344144821166992e-01
-1.339549869298934937e-01
2.495844960212707520e-01
2.651566267013549805e-01
nan
-1.801062971353530884e-01
nan
nan
4.065341353416442871e-01
3.812817037105560303e-01
nan
4.683526158332824707e-01
4.672797024250030518e-01
4.753060638904571533e-01
4.058395028114318848e-01
5.250445604324340820e-01
4.107887744903564453e-01
2.625959515571594238e-01
4.824018478393554688e-01
nan
nan
nan
5.602269247174263000e-02
4.973869323730468750e-01
-5.106204748153686523e-02
3.815585672855377197e-01
5.184667706489562988e-01
1.416832953691482544e-01
nan
8.484963327646255493e-02
-1.144258752465248108e-01
3.329112827777862549e-01
nan
4.015824794769287109e-01
4.979691505432128906e-01
1.767020523548126221e-01
-2.387179881334304810e-01
nan
nan
2.287169992923736572e-01
-1.759622395038604736e-01
5.073229968547821045e-02
-1.822444498538970947e-01
4.969801306724548340e-01
2.481035143136978149e-01
3.092622160911560059e-01
5.009813234210014343e-02
3.997952342033386230e-01
-1.589772105216979980e-01
nan
4.884289801120758057e-01
4.137406051158905029e-01
-2.108893543481826782e-01
5.746319890022277832e-01
-3.291209340095520020e-01
2.849974632263183594e-01
nan
2.812869548797607422e-01
nan
nan
nan
-1.785636395215988159e-01
nan
nan
5.588262081146240234e-01
nan
nan
-2.823529839515686035e-01
nan
-1.424502432346343994e-01
-6.503692269325256348e-01
4.567731618881225586e-01
nan
2.246932983398437500e-01
4.115657806396484375e-01
1.650613844394683838e-01
4.996308684349060059e-01
4.947722330689430237e-02
nan
3.750542998313903809e-01
-1.558162569999694824e-01
nan
3.917563855648040771e-01
4.746495783329010010e-01
3.720791935920715332e-01
nan
3.672114610671997070e-01
-9.002433717250823975e-02
3.017610311508178711e-01
1.651813089847564697e-01
nan
-9.966013953089714050e-03
nan
4.445750713348388672e-01
3.783864080905914307e-01
nan
4.257650077342987061e-01
-2.826593816280364990e-01
4.180546998977661133e-01
2.124366462230682373e-01
3.653327226638793945e-01
nan
3.362946212291717529e-01
nan
nan
4.228567779064178467e-01
3.294112980365753174e-01
1.963872760534286499e-01
3.441443741321563721e-01
2.283006012439727783e-01
4.161338508129119873e-01
2.713348567485809326e-01
5.719760060310363770e-01
1.196370422840118408e-01
5.193300247192382812e-01
nan
nan
3.554285466670989990e-01
4.410247504711151123e-01
4.493111968040466309e-01
1.141607612371444702e-01
6.074252128601074219e-01
2.155621200799942017e-01
3.163198828697204590e-01
4.887110590934753418e-01
3.590109646320343018e-01
3.672450482845306396e-01
4.368452131748199463e-01
nan
nan
3.730564415454864502e-01
5.013440847396850586e-01
nan
4.319643974304199219e-01
3.763958215713500977e-01
5.023630261421203613e-01
4.012077152729034424e-01
4.252033829689025879e-01
4.109263122081756592e-01
nan
2.417854964733123779e-01
-1.569588780403137207e-01
1.112530753016471863e-01
4.659421145915985107e-01
4.112648367881774902e-01
nan
nan
4.953346252441406250e-01
3.003415167331695557e-01
3.013171851634979248e-01
1.119077205657958984e-01
4.677310585975646973e-01
nan
8.125108480453491211e-02
1.413519680500030518e-01
9.674347937107086182e-02
2.766651511192321777e-01
-1.321947574615478516e-01
2.663528025150299072e-01
3.296499848365783691e-01
2.553305029869079590e-01
-1.447853296995162964e-01
nan
3.913183808326721191e-01
3.136568963527679443e-01
nan
2.335249930620193481e-01
5.367920994758605957e-01
1.489039063453674316e-01
3.527845442295074463e-01
4.227724969387054443e-01
nan
4.003385007381439209e-01
nan
4.169727861881256104e-01
nan
2.415201067924499512e-01
4.347150623798370361e-01
nan
nan
nan
2.690822482109069824e-01
2.749690413475036621e-01
nan
nan
4.696012139320373535e-01
2.399772107601165771e-01
nan
4.050092101097106934e-01
-1.098980829119682312e-01
4.287412464618682861e-01
2.850822806358337402e-01
4.760079383850097656e-01
3.584102094173431396e-01
4.552916288375854492e-01
4.252638295292854309e-02
nan
5.097349286079406738e-01
-2.727546729147434235e-02
nan
nan
nan
5.117557048797607422e-01
-1.176280155777931213e-01
3.395778834819793701e-01
1.583436727523803711e-01
6.547740101814270020e-02
2.758508324623107910e-01
4.538322687149047852e-01
-8.762035518884658813e-02
-1.924036741256713867e-01
2.215040475130081177e-01
3.053377866744995117e-01
3.558123707771301270e-01
-4.422282055020332336e-02
4.581990242004394531e-01
2.951659858226776123e-01
nan
-8.386062830686569214e-02
nan
nan
5.263952016830444336e-01
4.877162277698516846e-01
3.523408472537994385e-01
1.471459269523620605e-01
4.112468957901000977e-01
nan
nan
5.650934576988220215e-01
5.876363515853881836e-01
4.729491472244262695e-01
nan
nan
5.337012410163879395e-01
4.868448674678802490e-01
5.448011755943298340e-01
4.100204110145568848e-01
3.305912315845489502e-01
8.641496300697326660e-02
3.127050101757049561e-01
nan
2.686927020549774170e-01
nan
2.851410806179046631e-01
-2.575970627367496490e-02
nan
3.756938278675079346e-01
4.317010343074798584e-01
1.801915653049945831e-02
4.572684466838836670e-01
nan
-4.326071143150329590e-01
2.392381280660629272e-01
3.336239159107208252e-01
nan
2.556768953800201416e-01
nan
3.842106759548187256e-01
5.288436412811279297e-01
2.548732459545135498e-01
nan
3.951007425785064697e-01
nan
-1.376958191394805908e-01
nan
4.313193857669830322e-01
nan
3.769524991512298584e-01
nan
3.681484758853912354e-01
3.903751671314239502e-01
4.863295555114746094e-01
2.459691613912582397e-01
nan
nan
nan
2.729881703853607178e-01
-5.404409766197204590e-02
1.665004789829254150e-01
-4.248729944229125977e-01
4.661209881305694580e-01
2.409734278917312622e-01
4.780147075653076172e-01
9.264801442623138428e-02
3.619074523448944092e-01
2.884562313556671143e-01
nan
4.179349243640899658e-01
5.375288724899291992e-01
3.457342684268951416e-01
4.212075471878051758e-01
4.347239434719085693e-01
4.095123708248138428e-01
5.143656730651855469e-01
nan
nan
3.250883519649505615e-01
nan
3.172366321086883545e-01
nan
3.140539526939392090e-01
nan
nan
-6.381554901599884033e-02
4.263895153999328613e-01
3.938720822334289551e-01
2.095424383878707886e-01
3.500612676143646240e-01
2.882634699344635010e-01
3.251276314258575439e-01
2.549889981746673584e-01
2.692468464374542236e-01
nan
nan
3.164912760257720947e-01
4.031687974929809570e-01
4.733984768390655518e-01
3.453933000564575195e-01
4.742790460586547852e-01
nan
nan
4.060234427452087402e-01
nan
4.267795383930206299e-01
4.085956513881683350e-01
4.588793218135833740e-01
7.517036050558090210e-02
3.300048112869262695e-01
nan
2.913401126861572266e-01
nan
3.685139119625091553e-01
4.649118781089782715e-01
4.082159996032714844e-01
nan
4.019758403301239014e-01
nan
1.048773676156997681e-01
4.193762838840484619e-01
nan
3.885153532028198242e-01
5.463222861289978027e-01
nan
4.308218359947204590e-01
nan
4.300332963466644287e-01
4.122104644775390625e-01
-2.543154060840606689e-01
4.043885767459869385e-01
9.645708650350570679e-02
3.457829654216766357e-01
2.654787898063659668e-01
nan
4.298393130302429199e-01
5.418228507041931152e-01
3.731417059898376465e-01
nan
3.560889363288879395e-01
nan
4.871985614299774170e-01
nan
3.937364816665649414e-01
-5.081675946712493896e-02
3.903404772281646729e-01
3.451271355152130127e-01
nan
nan
4.300984144210815430e-01
3.312946259975433350e-01
-9.546258300542831421e-02
1.461543589830398560e-01
3.426681160926818848e-01
1.530549377202987671e-01
4.424018561840057373e-01
3.472209572792053223e-01
nan
4.093249738216400146e-01
3.026678264141082764e-01
-4.040548205375671387e-01
4.345935881137847900e-01
1.679789572954177856e-01
3.907091021537780762e-01
2.746956050395965576e-01
4.440862834453582764e-01
3.077909946441650391e-01
4.404190778732299805e-01
4.258098602294921875e-01
nan
2.667090892791748047e-01
3.664687573909759521e-01
nan
4.597001075744628906e-01
4.477643966674804688e-01
4.696652889251708984e-01
nan
4.604989886283874512e-01
3.724128007888793945e-01
nan
4.288206696510314941e-01
nan
3.733058869838714600e-01
3.165423870086669922e-01
4.437114000320434570e-01
3.564718663692474365e-01
2.463178783655166626e-01
3.081902861595153809e-01
nan
4.357222616672515869e-01
3.774223327636718750e-01
3.018591701984405518e-01
2.767967581748962402e-01
4.462860226631164551e-01
4.328309595584869385e-01
3.786703050136566162e-01
3.640207052230834961e-01
nan
4.072812795639038086e-01
nan
3.781489431858062744e-01
5.183976292610168457e-01
3.198064267635345459e-01
nan
3.385178744792938232e-01
3.167422711849212646e-01
4.292312562465667725e-01
3.558981120586395264e-01
-4.129187762737274170e-01
4.063454568386077881e-01
3.718797564506530762e-01
3.904847502708435059e-01
4.182049930095672607e-01
4.475923180580139160e-01
5.907234549522399902e-01
nan
3.784154653549194336e-01
3.727478981018066406e-01
-9.322088956832885742e-02
5.399803519248962402e-01
4.682881236076354980e-01
nan
4.726583361625671387e-01
-2.937883734703063965e-01
4.181124269962310791e-01
4.431772232055664062e-01
4.783604145050048828e-01
4.071723520755767822e-01
4.194021522998809814e-01
3.283858895301818848e-01
nan
4.062004089355468750e-01
-4.185923933982849121e-01
4.617394506931304932e-01
5.087021589279174805e-01
3.300196230411529541e-01
3.397392630577087402e-01
3.107271492481231689e-01
nan
nan
4.263419210910797119e-01
3.322766423225402832e-01
3.888840675354003906e-01
4.078236818313598633e-01
nan
nan
3.593322634696960449e-01
1.706020347774028778e-02
3.642434477806091309e-01
nan
2.819556295871734619e-01
2.774661183357238770e-01
nan
nan
nan
4.683809727430343628e-02
-3.655886352062225342e-01
3.129967153072357178e-01
nan
nan
3.345957696437835693e-01
4.416627287864685059e-01
3.545775711536407471e-01
3.466371297836303711e-01
4.056012630462646484e-01
nan
4.228996932506561279e-01
nan
4.437137842178344727e-01
4.446297585964202881e-01
4.075116217136383057e-01
4.632282555103302002e-01
4.983808696269989014e-01
4.626952111721038818e-01
-1.993259489536285400e-01
-1.874246597290039062e-01
nan
3.089001774787902832e-01
3.630275130271911621e-01
nan
4.042622148990631104e-01
nan
4.616138041019439697e-01
nan
nan
2.726211547851562500e-01
nan
3.618537783622741699e-01
3.283476531505584717e-01
3.932806849479675293e-01
4.184427857398986816e-01
1.800029426813125610e-01
3.211073577404022217e-01
5.196900963783264160e-01
nan
4.017879664897918701e-01
nan
3.061730861663818359e-01
nan
4.192506670951843262e-01
3.872710466384887695e-01
4.504981338977813721e-01
nan
3.696371614933013916e-01
-1.038531437516212463e-01
3.924364745616912842e-01
3.310673236846923828e-01
3.255798816680908203e-01
-3.809563815593719482e-01
3.759496808052062988e-01
nan
4.711358547210693359e-01
4.322168231010437012e-01
nan
nan
nan
5.282275676727294922e-01
2.890123426914215088e-01
nan
4.225146174430847168e-01
nan
4.239606261253356934e-01
nan
3.402349054813385010e-01
4.445098936557769775e-01
3.265128135681152344e-01
5.474702715873718262e-01
3.854550719261169434e-01
4.421947896480560303e-01
4.592113494873046875e-01
3.650661706924438477e-01
4.472159743309020996e-01
nan
4.221738874912261963e-01
-4.701030440628528595e-03
4.905028641223907471e-01
4.791519939899444580e-01
3.783448040485382080e-01
3.572272658348083496e-01
4.903579056262969971e-01
3.429699540138244629e-01
3.628399074077606201e-01
4.274103641510009766e-01
2.160928994417190552e-01
3.699375391006469727e-01
2.860796749591827393e-01
nan
nan
5.314723253250122070e-01
4.058962166309356689e-01
nan
2.725011706352233887e-01
3.375465869903564453e-01
3.185360431671142578e-01
4.321068823337554932e-01
nan
4.779076278209686279e-01
4.210755527019500732e-01
3.283418416976928711e-01
nan
nan
2.741439044475555420e-01
3.012578785419464111e-01
4.155525267124176025e-01
3.266057968139648438e-01
3.462448418140411377e-01
4.327868223190307617e-01
4.734376370906829834e-01
nan
nan
2.806376516819000244e-01
nan
3.373192548751831055e-01
4.610676169395446777e-01
3.965220451354980469e-01
5.093389153480529785e-01
3.659785091876983643e-01
3.047735393047332764e-01
4.130480587482452393e-01
3.796906471252441406e-01
4.342774152755737305e-01
2.599782049655914307e-01
nan
nan
3.027602732181549072e-01
3.712222576141357422e-01
3.246358633041381836e-01
3.208538591861724854e-01
nan
4.837519824504852295e-01
4.843477904796600342e-01
5.171478390693664551e-01
nan
nan
5.182039737701416016e-01
3.167734742164611816e-01
nan
nan
4.202975630760192871e-01
nan
nan
