-1.947500184178352356e-02
6.504367291927337646e-02
8.954782783985137939e-02
1.575002223253250122e-01
8.472803980112075806e-02
-1.668723225593566895e-01
-3.012150526046752930e-02
1.763752312399446964e-03
1.874717324972152710e-01
1.403877586126327515e-01
-1.924734935164451599e-02
2.685807831585407257e-02
-2.092200703918933868e-02
2.811261219903826714e-03
4.491258040070533752e-02
1.568949520587921143e-01
9.164256602525711060e-02
4.937451332807540894e-02
6.901288032531738281e-02
2.544716559350490570e-02
1.416506767272949219e-01
1.393757462501525879e-01
-1.168430149555206299e-01
8.744034916162490845e-03
-4.143336787819862366e-03
-3.483649492263793945e-01
1.479029655456542969e-02
3.099237568676471710e-02
4.708747565746307373e-02
-1.347979344427585602e-02
1.966505497694015503e-02
6.351532787084579468e-02
1.142168510705232620e-02
1.547303795814514160e-01
-8.326504379510879517e-03
1.713487952947616577e-01
4.350417852401733398e-02
-1.636661589145660400e-02
-2.329772524535655975e-02
-3.662777692079544067e-02
-6.238799169659614563e-02
-9.958349913358688354e-02
1.330688297748565674e-01
1.209030449390411377e-01
-1.474685519933700562e-01
-3.391277790069580078e-02
8.109467476606369019e-02
-2.917872555553913116e-02
1.303234249353408813e-01
8.597927540540695190e-02
4.405729845166206360e-02
-1.304196566343307495e-01
1.173575818538665771e-01
7.409961521625518799e-02
-2.310551106929779053e-01
-5.945096164941787720e-02
1.749972850084304810e-01
4.798966273665428162e-02
1.279159486293792725e-01
-9.059923142194747925e-02
7.277483493089675903e-02
6.808897107839584351e-02
1.105435788631439209e-01
2.320777028799057007e-01
-7.602404057979583740e-02
-3.266933187842369080e-02
-9.839458018541336060e-02
1.564525365829467773e-01
9.062835574150085449e-02
5.944444984197616577e-02
-1.156466975808143616e-01
-1.995926946401596069e-01
4.794135689735412598e-02
9.713737666606903076e-02
8.239186555147171021e-02
-5.161489918828010559e-02
6.801456958055496216e-02
1.504500061273574829e-01
-1.293275952339172363e-01
5.676244944334030151e-02
3.346120938658714294e-02
-2.662718109786510468e-02
2.727669179439544678e-01
1.388034503906965256e-02
6.516685336828231812e-02
-7.714463025331497192e-02
1.223231330513954163e-01
8.893780410289764404e-02
-4.209850355982780457e-02
-5.269460007548332214e-02
4.352726787328720093e-02
1.602892577648162842e-01
4.358313977718353271e-02
-1.239551827311515808e-01
-3.181812539696693420e-02
-7.849480956792831421e-02
1.119254007935523987e-01
3.381548076868057251e-02
-1.026468202471733093e-01
1.097521111369132996e-01
1.493704617023468018e-01
-5.909015983343124390e-02
1.929625272750854492e-01
-5.303950607776641846e-02
-9.783807396888732910e-02
4.980039224028587341e-02
-1.585641056299209595e-01
1.277105361223220825e-01
-4.437343031167984009e-02
-1.609706431627273560e-01
2.130685932934284210e-02
4.244619980454444885e-02
3.869624808430671692e-02
-2.217732816934585571e-01
-6.165138632059097290e-02
-1.022896766662597656e-01
1.799406111240386963e-01
1.309302747249603271e-01
-6.563300639390945435e-02
1.336833536624908447e-01
-6.683328002691268921e-02
3.555012494325637817e-02
-2.727458626031875610e-02
2.157823368906974792e-02
1.838445849716663361e-02
-4.707965068519115448e-03
8.251270651817321777e-02
5.210532248020172119e-02
-6.001754477620124817e-02
1.886516809463500977e-02
8.028824627399444580e-02
-1.040370762348175049e-01
1.631389372050762177e-02
1.625840216875076294e-01
2.217078506946563721e-01
-8.449080586433410645e-02
5.235289037227630615e-02
1.187565363943576813e-02
-1.147240251302719116e-01
1.510042417794466019e-02
5.602064356207847595e-02
-1.196081191301345825e-01
6.374427676200866699e-02
-1.063887774944305420e-02
-1.333792228251695633e-02
8.152511902153491974e-03
1.545870751142501831e-01
-2.357866913080215454e-01
-8.365510404109954834e-02
-8.951400965452194214e-02
-6.560083944350481033e-03
2.818888612091541290e-02
-1.239821165800094604e-01
3.626560047268867493e-02
-1.105456948280334473e-01
1.207441315054893494e-01
-1.344026178121566772e-01
1.166809499263763428e-01
4.264442995190620422e-02
-1.461206376552581787e-01
4.684288427233695984e-02
-1.549965795129537582e-02
-8.083175867795944214e-02
-1.080457493662834167e-01
1.345681399106979370e-01
-2.572306897491216660e-03
-1.009695883840322495e-02
-2.913523316383361816e-01
-2.023265510797500610e-02
-7.633228087797760963e-04
-1.491209957748651505e-02
-7.288081943988800049e-02
3.739193081855773926e-02
-1.103971432894468307e-02
-3.706645220518112183e-02
1.586708985269069672e-02
5.016095936298370361e-02
2.475025691092014313e-02
8.629737049341201782e-02
-3.935112431645393372e-02
-1.130767688155174255e-01
-6.777230650186538696e-02
4.187409579753875732e-02
2.172048017382621765e-02
6.966457515954971313e-02
2.156505733728408813e-01
-3.680304158478975296e-03
-6.990003585815429688e-02
2.657383214682340622e-03
1.014928668737411499e-01
-1.227852627635002136e-01
6.423842906951904297e-02
1.200793427415192127e-03
9.112907946109771729e-02
3.076483123004436493e-02
4.288971051573753357e-02
-2.427007444202899933e-02
-2.470685634762048721e-03
3.159954026341438293e-02
9.424837678670883179e-02
-1.705502159893512726e-03
-1.554539054632186890e-01
8.569831401109695435e-02
4.761564359068870544e-02
3.555971384048461914e-02
1.363452244549989700e-02
-1.849783957004547119e-02
5.666899308562278748e-02
-9.359090775251388550e-02
2.355142831802368164e-01
-2.580074407160282135e-02
1.682964563369750977e-01
-1.278458088636398315e-01
-4.161058738827705383e-02
2.757061459124088287e-02
-2.426614761352539062e-01
4.558635409921407700e-03
-7.509125769138336182e-02
-1.534535437822341919e-01
1.206240616738796234e-02
1.548534035682678223e-01
6.476109474897384644e-02
3.359923511743545532e-02
-2.138180891051888466e-03
4.374242201447486877e-02
-1.080526560544967651e-01
9.651529043912887573e-02
1.911374554038047791e-02
5.624293163418769836e-02
-3.494891151785850525e-02
5.272322520613670349e-02
-5.353244766592979431e-02
-4.590224474668502808e-03
3.517415747046470642e-02
-1.743202470242977142e-02
5.613794550299644470e-03
6.816451996564865112e-02
5.318009480834007263e-02
8.009226620197296143e-02
-1.898152679204940796e-01
3.653778508305549622e-02
-1.164059489965438843e-01
-1.484722048044204712e-01
-1.926292628049850464e-01
4.425362870097160339e-02
-3.216408658772706985e-03
4.047508165240287781e-02
-7.869984023272991180e-03
9.873290359973907471e-02
9.821490198373794556e-02
-5.052150413393974304e-02
5.256123840808868408e-02
4.186163470149040222e-02
5.650683864951133728e-02
-2.191120758652687073e-02
1.968781463801860809e-02
1.543206125497817993e-01
-3.606202304363250732e-01
1.697681844234466553e-02
-6.774401664733886719e-02
-8.565975725650787354e-02
1.534811686724424362e-02
-1.049329116940498352e-01
-6.468965858221054077e-02
-5.547370761632919312e-02
-1.299319863319396973e-01
-6.799672544002532959e-02
2.284567803144454956e-02
1.361637562513351440e-01
-1.643337309360504150e-01
-8.886825293302536011e-03
7.218956947326660156e-02
-2.677754731848835945e-03
5.426318198442459106e-02
7.526540756225585938e-02
1.319255083799362183e-01
1.804448664188385010e-02
-5.311640724539756775e-02
-2.016570866107940674e-01
-1.405759453773498535e-01
-2.609403617680072784e-02
-3.607501834630966187e-02
-5.770883336663246155e-02
1.070349942892789841e-02
6.396661512553691864e-03
2.138823457062244415e-02
-5.803434178233146667e-02
-2.348056882619857788e-01
4.033587500452995300e-02
-4.307955875992774963e-02
6.758741801604628563e-04
7.683289051055908203e-02
5.888224765658378601e-02
2.521454729139804840e-02
-3.506998717784881592e-02
-2.566901594400405884e-02
-3.611183911561965942e-02
9.231984615325927734e-02
-6.184239685535430908e-02
6.926101446151733398e-02
-5.879776179790496826e-02
1.240276452153921127e-02
1.070176362991333008e-01
1.249301657080650330e-01
9.583061188459396362e-02
-5.128568410873413086e-02
-6.072009354829788208e-02
-7.229993492364883423e-02
-2.784426324069499969e-03
-9.822726994752883911e-02
4.368259012699127197e-02
-1.254808902740478516e-01
2.454207092523574829e-02
1.032504215836524963e-01
6.958219408988952637e-02
-1.380728185176849365e-01
-1.846152991056442261e-01
2.529154121875762939e-01
-2.345306277275085449e-01
-2.434018440544605255e-02
1.833683848381042480e-01
5.689558014273643494e-02
-3.243864700198173523e-02
-5.800181068480014801e-03
6.015307456254959106e-02
1.271099895238876343e-01
1.633951091207563877e-03
-1.230505108833312988e-01
1.534171700477600098e-01
2.502070926129817963e-02
2.140161246061325073e-01
-4.796360433101654053e-02
4.342688992619514465e-02
2.687306702136993408e-02
-7.665903121232986450e-02
-1.082586646080017090e-01
-1.552719175815582275e-01
1.217366680502891541e-01
3.548815473914146423e-02
-1.510520130395889282e-01
7.346935570240020752e-02
-7.938588410615921021e-02
2.259352616965770721e-02
7.325799018144607544e-02
6.744314730167388916e-02
-7.565598934888839722e-02
-6.577602028846740723e-02
2.782227285206317902e-02
3.322407370433211327e-03
4.802823066711425781e-02
-1.326004117727279663e-01
-1.074100136756896973e-01
-2.915173396468162537e-02
-1.935245543718338013e-01
2.845259942114353180e-02
1.045724377036094666e-01
-4.360676556825637817e-02
-5.668399855494499207e-02
4.128509014844894409e-02
-2.990001812577247620e-02
1.465477645397186279e-01
-9.225271642208099365e-02
9.981022030115127563e-02
1.228463128209114075e-01
8.255487680435180664e-02
-6.905716657638549805e-02
-4.697625339031219482e-02
-2.287590205669403076e-01
7.337072864174842834e-03
7.777190208435058594e-02
1.993306279182434082e-01
4.085989494342356920e-04
4.982158169150352478e-02
3.708691522479057312e-02
-6.572508811950683594e-02
-6.130741164088249207e-02
3.594659268856048584e-02
9.924184530973434448e-02
-3.479593200609087944e-03
-4.076830111443996429e-03
-1.882592029869556427e-02
-6.310325115919113159e-02
3.229853138327598572e-02
6.689027696847915649e-02
5.156328156590461731e-02
4.626077041029930115e-02
7.729639112949371338e-02
5.868672579526901245e-02
2.568058669567108154e-02
-7.272951304912567139e-02
1.644710823893547058e-02
-4.689388722181320190e-02
-1.060283258557319641e-01
-8.554336428642272949e-02
-8.679688721895217896e-02
-4.993643984198570251e-02
-9.427277743816375732e-02
1.595405191183090210e-01
-1.089141815900802612e-01
-6.623584777116775513e-02
2.409757347777485847e-03
-7.963128387928009033e-02
-9.222278743982315063e-02
8.228376507759094238e-02
1.067554652690887451e-01
1.519996672868728638e-01
1.626275628805160522e-01
8.400181680917739868e-02
1.381162405014038086e-01
8.768969774246215820e-02
-7.339461147785186768e-02
-2.883358858525753021e-03
7.196073234081268311e-02
-9.183192998170852661e-02
7.271690666675567627e-02
6.517812609672546387e-02
-5.821364745497703552e-02
3.194422274827957153e-02
3.697933256626129150e-02
1.475295275449752808e-01
-1.561054885387420654e-01
3.834010660648345947e-02
-8.569248020648956299e-02
-4.364700615406036377e-02
-1.018918454647064209e-01
5.144952237606048584e-02
1.682635992765426636e-01
-2.262673713266849518e-02
1.612701639533042908e-02
-7.951311022043228149e-02
-1.842133700847625732e-01
-6.958601623773574829e-02
8.154888451099395752e-02
-2.270847558975219727e-02
3.241453319787979126e-02
1.164295803755521774e-02
-3.607844933867454529e-02
4.184174910187721252e-02
1.014756690710783005e-02
1.080885902047157288e-01
1.242229342460632324e-01
1.313591450452804565e-01
4.510217532515525818e-02
-4.365271888673305511e-03
-5.160333123058080673e-03
5.638868361711502075e-02
5.038949474692344666e-02
7.338668406009674072e-02
-4.878385365009307861e-02
6.692183762788772583e-02
-1.379610151052474976e-01
2.968537434935569763e-02
2.265820093452930450e-02
-7.286266237497329712e-02
9.783095121383666992e-02
-2.192688919603824615e-02
1.033885497599840164e-02
-5.187670886516571045e-02
2.528298273682594299e-02
4.410276561975479126e-02
1.076147258281707764e-01
-1.876901388168334961e-01
3.918660432100296021e-02
-1.889373362064361572e-01
1.093794405460357666e-01
-1.351140141487121582e-01
-1.327843517065048218e-01
8.353820443153381348e-02
-1.906622573733329773e-02
6.559903174638748169e-02
-5.229480564594268799e-02
-3.907284885644912720e-02
-3.968871384859085083e-02
3.996147960424423218e-02
-1.219972372055053711e-01
-4.503012634813785553e-03
9.806274622678756714e-02
3.034984320402145386e-02
1.055396571755409241e-01
2.061245292425155640e-01
-9.765276312828063965e-02
-3.003087593242526054e-03
-2.951362170279026031e-02
-1.247980631887912750e-02
-2.147625535726547241e-01
1.227106675505638123e-01
-5.866971239447593689e-02
-1.006407514214515686e-01
2.956259250640869141e-02
4.811712354421615601e-02
9.491773694753646851e-02
2.584978938102722168e-02
1.349296867847442627e-01
1.568316817283630371e-01
-2.478473260998725891e-02
-1.125695630908012390e-01
-6.088835746049880981e-02
6.751468032598495483e-02
3.028958849608898163e-02
-6.203637458384037018e-03
5.102019757032394409e-02
1.434686183929443359e-01
-4.442879557609558105e-02
-3.836787072941660881e-03
-3.021073294803500175e-03
9.322002530097961426e-02
-3.110071122646331787e-01
1.500920951366424561e-02
5.364055931568145752e-02
1.547786593437194824e-01
3.844152763485908508e-02
-2.221562899649143219e-03
1.462874189019203186e-02
-3.801881894469261169e-02
-3.266701474785804749e-02
1.672841608524322510e-01
4.605021327733993530e-02
9.023066610097885132e-03
1.178527101874351501e-01
6.492465734481811523e-02
5.831651389598846436e-02
-1.175152976065874100e-02
1.789862662553787231e-01
2.388237230479717255e-02
5.533381924033164978e-02
-2.996882423758506775e-02
3.362280875444412231e-02
2.158279120922088623e-01
-5.545976758003234863e-02
7.931588217616081238e-03
-1.000478863716125488e-01
9.146011620759963989e-02
1.045209169387817383e-01
-2.730606496334075928e-02
5.702517554163932800e-02
-7.993286103010177612e-02
8.241854608058929443e-02
-9.664520621299743652e-02
1.223779395222663879e-01
4.324049875140190125e-02
9.521305561065673828e-02
2.783674374222755432e-02
-4.237141832709312439e-02
2.845861203968524933e-02
-9.104298427700996399e-03
1.456892192363739014e-01
9.757214784622192383e-02
3.098931014537811279e-01
5.283596366643905640e-02
-3.596434742212295532e-02
9.633956849575042725e-02
3.926337510347366333e-02
-3.979290276765823364e-02
-2.826851420104503632e-02
6.257578730583190918e-02
1.312324106693267822e-01
1.147359162569046021e-01
3.806355223059654236e-02
-1.140438392758369446e-01
9.699433296918869019e-02
1.545549836009740829e-02
2.824744395911693573e-02
5.605008453130722046e-02
4.719853028655052185e-02
-4.086669534444808960e-02
8.630853146314620972e-02
-1.004684641957283020e-01
-7.266286015510559082e-02
-1.225896850228309631e-01
9.857932478189468384e-02
-5.489524453878402710e-03
-1.524413004517555237e-02
-1.644561588764190674e-01
6.874784827232360840e-02
3.636574372649192810e-02
-1.070071128197014332e-03
-4.029812291264533997e-02
8.159110695123672485e-02
-1.095222085714340210e-01
-2.359389513731002808e-02
-1.660407334566116333e-01
-9.686506539583206177e-02
-3.757999837398529053e-02
6.336009502410888672e-02
5.924651399254798889e-02
5.191338807344436646e-02
-1.824412792921066284e-01
-7.136977463960647583e-02
-2.181963063776493073e-02
3.466309234499931335e-02
3.423669189214706421e-02
4.974582418799400330e-02
1.535403877496719360e-01
1.059501990675926208e-01
-3.848944976925849915e-02
4.953705705702304840e-03
4.784027859568595886e-02
-6.139311590231955051e-04
2.930381149053573608e-02
2.179335802793502808e-02
4.553207382559776306e-02
1.012144237756729126e-01
6.702065467834472656e-02
1.232409030199050903e-01
3.105436265468597412e-02
-1.729279011487960815e-02
9.539759159088134766e-02
5.966481193900108337e-02
-1.176951825618743896e-01
3.461370989680290222e-02
-1.980514824390411377e-02
3.037784248590469360e-02
5.514945834875106812e-02
-2.948796562850475311e-02
4.104855656623840332e-02
-1.233511883765459061e-02
-5.575990770012140274e-03
-1.007142215967178345e-01
1.828070431947708130e-01
-2.852001972496509552e-02
8.178830146789550781e-03
2.365871891379356384e-02
1.358986645936965942e-01
7.389750331640243530e-02
-1.228841543197631836e-01
-1.208437159657478333e-01
-7.256960123777389526e-02
-5.327856168150901794e-02
1.710215806961059570e-01
-3.945846483111381531e-02
3.466858714818954468e-02
4.178659617900848389e-02
4.626500234007835388e-02
-8.136129379272460938e-02
1.514776349067687988e-01
-4.508705437183380127e-02
-1.193786934018135071e-01
6.507220119237899780e-02
2.661336027085781097e-02
-8.181881159543991089e-02
1.613863930106163025e-02
-7.424797117710113525e-02
5.010957270860671997e-02
-7.286612689495086670e-02
-2.284498326480388641e-02
4.103169590234756470e-02
9.188087284564971924e-02
1.295936107635498047e-01
1.820917725563049316e-01
5.578376352787017822e-02
6.811216473579406738e-02
4.987923055887222290e-02
-7.376370020210742950e-03
-7.088425010442733765e-02
7.817079126834869385e-02
1.829834841191768646e-02
1.562713980674743652e-01
1.179810389876365662e-01
-1.329136639833450317e-01
1.749384962022304535e-02
1.511561125516891479e-01
1.037802770733833313e-01
-3.830699250102043152e-02
-3.613656759262084961e-02
-6.313686817884445190e-02
-3.464803844690322876e-02
8.403710275888442993e-02
-9.920778870582580566e-02
-9.354720264673233032e-02
1.638798415660858154e-02
1.020656377077102661e-01
-3.086962923407554626e-02
2.176455222070217133e-02
1.612914651632308960e-01
-1.005475521087646484e-01
8.549557626247406006e-02
6.037520244717597961e-03
-8.570414967834949493e-03
-4.308759048581123352e-02
5.522551015019416809e-02
1.298586837947368622e-02
1.463795267045497894e-02
-7.457816600799560547e-02
5.003710277378559113e-03
2.139544785022735596e-01
-9.727565571665763855e-03
5.940327048301696777e-02
6.860884279012680054e-02
1.077941153198480606e-02
-2.458879537880420685e-02
3.630003333091735840e-02
2.738390117883682251e-02
-3.484411165118217468e-02
-1.769272610545158386e-02
-2.098973095417022705e-02
1.024129837751388550e-01
-2.602575719356536865e-02
1.870056055486202240e-02
1.597723737359046936e-02
-8.735027164220809937e-02
-4.471081495285034180e-02
-7.463552057743072510e-02
1.434257160872220993e-02
-1.828484833240509033e-01
-1.104803904891014099e-01
8.398460224270820618e-03
-3.204965218901634216e-02
1.748857833445072174e-02
8.587872982025146484e-02
1.698005385696887970e-02
8.888578414916992188e-02
1.515826433897018433e-01
-4.159483313560485840e-02
1.319917142391204834e-01
2.248450815677642822e-01
6.323448847979307175e-03
1.103867739439010620e-01
4.346736147999763489e-02
-5.310815945267677307e-02
6.954893469810485840e-02
1.023265197873115540e-01
5.755746737122535706e-03
-6.603873521089553833e-02
-4.599545896053314209e-02
-4.005866870284080505e-02
5.758633837103843689e-02
-4.267940670251846313e-02
-8.939654380083084106e-02
3.868194669485092163e-02
5.636945366859436035e-03
-3.715676441788673401e-02
8.011969178915023804e-02
-1.483493894338607788e-01
-7.398138195276260376e-02
5.639022961258888245e-02
-7.055334746837615967e-02
-4.845723882317543030e-02
2.002383396029472351e-02
-4.637820273637771606e-02
-1.501585096120834351e-01
2.629575505852699280e-02
4.019936174154281616e-02
1.168627217411994934e-01
5.716780573129653931e-02
1.380898356437683105e-01
2.098480612039566040e-02
1.539823878556489944e-02
-1.048615667968988419e-02
-5.123608745634555817e-03
1.250646859407424927e-01
1.286252886056900024e-01
-2.947644144296646118e-02
1.142889633774757385e-02
-5.905225872993469238e-02
1.268292069435119629e-01
1.779777929186820984e-02
2.580481208860874176e-02
6.925739347934722900e-02
3.950192034244537354e-02
4.898217972368001938e-03
-3.997741732746362686e-03
1.104021146893501282e-01
2.960321865975856781e-02
-7.178865373134613037e-03
2.264345809817314148e-02
-4.000317305326461792e-02
9.547015279531478882e-02
6.072875857353210449e-02
-1.172235906124114990e-01
5.729695409536361694e-02
-4.449239466339349747e-03
1.595186442136764526e-01
9.137052297592163086e-02
6.297458708286285400e-02
1.068471595644950867e-01
9.009351581335067749e-02
-1.104933395981788635e-01
8.708696812391281128e-02
1.045817136764526367e-01
1.602683588862419128e-02
5.720624327659606934e-02
4.083828628063201904e-02
2.072836272418498993e-02
5.825390666723251343e-02
1.162274330854415894e-01
2.714307792484760284e-02
7.292586565017700195e-02
5.421337485313415527e-02
5.032121390104293823e-02
6.878174096345901489e-02
-4.386347252875566483e-03
1.462203450500965118e-02
1.123970672488212585e-01
1.573918946087360382e-02
8.075426518917083740e-02
-4.919457435607910156e-02
-1.568575054407119751e-01
-1.456107478588819504e-02
1.487806588411331177e-01
-2.867042459547519684e-02
9.136905521154403687e-02
-5.448092147707939148e-02
-7.744454592466354370e-02
4.308665916323661804e-02
-3.862560540437698364e-02
-5.412244354374706745e-04
2.114130184054374695e-02
-3.721792995929718018e-02
-7.499944418668746948e-02
1.235632747411727905e-01
-1.173457726836204529e-01
7.847024500370025635e-02
-3.366411849856376648e-02
8.628434501588344574e-03
5.866230279207229614e-02
4.145453497767448425e-02
-1.726135425269603729e-02
1.358951535075902939e-02
1.430943161249160767e-01
-5.565392971038818359e-02
-1.091602351516485214e-02
8.033145219087600708e-02
-4.845526535063982010e-03
9.826541878283023834e-03
2.181777916848659515e-02
-3.926664963364601135e-02
1.357951760292053223e-01
9.443207085132598877e-02
5.371271073818206787e-02
-1.054449975490570068e-01
8.463713526725769043e-02
1.034295335412025452e-01
-1.991188526153564453e-02
1.751560866832733154e-01
1.504368963651359081e-03
9.352104365825653076e-02
-6.302120536565780640e-02
-5.078440159559249878e-02
2.675080299377441406e-02
8.550862967967987061e-02
7.338349521160125732e-02
1.341451331973075867e-02
-7.032433524727821350e-03
-6.591965258121490479e-02
1.007520481944084167e-01
1.473324149847030640e-01
5.844586715102195740e-02
5.479506403207778931e-02
-1.249048952013254166e-02
3.104366362094879150e-02
-3.475604578852653503e-02
1.218253001570701599e-01
5.323920864611864090e-03
-5.752317607402801514e-02
1.606674194335937500e-01
5.948891863226890564e-02
6.755275279283523560e-02
-1.790680550038814545e-02
1.118268445134162903e-01
5.304078012704849243e-02
6.719059497117996216e-02
6.958584766834974289e-03
1.641480624675750732e-02
3.287517279386520386e-02
7.451117783784866333e-02
6.629111617803573608e-02
1.307986676692962646e-01
3.120900690555572510e-02
-1.591107621788978577e-02
6.821398437023162842e-02
3.460142388939857483e-02
7.064212113618850708e-02
4.008197039365768433e-02
8.154848590493202209e-03
3.821448609232902527e-02
-3.550366498529911041e-03
-4.467919468879699707e-02
5.937956646084785461e-02
1.395380496978759766e-01
-5.386248975992202759e-02
9.919624030590057373e-02
4.757977649569511414e-02
-6.713965535163879395e-02
-5.748127400875091553e-02
-2.546655759215354919e-02
-6.477634608745574951e-02
5.489106848835945129e-02
1.179672703146934509e-01
4.159112274646759033e-02
5.208497866988182068e-02
1.123220026493072510e-01
-1.190326884388923645e-01
-2.726623415946960449e-02
2.284445054829120636e-02
-2.026270516216754913e-02
-9.842688590288162231e-02
3.875359520316123962e-02
-2.236605178040917963e-05
-7.537624239921569824e-02
-1.084881052374839783e-01
-3.442310914397239685e-02
3.956053406000137329e-02
-1.829583384096622467e-02
5.679470300674438477e-02
1.329518556594848633e-01
1.111631020903587341e-01
1.053190454840660095e-01
9.755585342645645142e-02
1.672870852053165436e-02
1.203163806349039078e-02
1.705482788383960724e-02
-1.128342524170875549e-01
9.842082113027572632e-02
4.060240834951400757e-02
-2.528084814548492432e-02
1.901598647236824036e-02
2.226091474294662476e-01
1.554477121680974960e-02
1.492126435041427612e-01
-1.038746461272239685e-01
9.251335263252258301e-02
-7.572245597839355469e-02
1.219099983572959900e-01
-4.201950877904891968e-02
9.481570124626159668e-02
-2.031293883919715881e-02
5.939780920743942261e-02
-7.369339931756258011e-03
3.025255352258682251e-02
3.094681724905967712e-02
1.000116812065243721e-03
4.819858446717262268e-02
5.523749813437461853e-02
1.143961027264595032e-01
-5.865243822336196899e-02
1.072294637560844421e-02
-8.089038729667663574e-02
5.302263423800468445e-02
3.975592553615570068e-02
7.616736739873886108e-02
2.849987335503101349e-02
1.044365018606185913e-01
-5.717053543776273727e-03
9.785091131925582886e-02
-2.138838358223438263e-02
1.001805886626243591e-01
3.818172961473464966e-03
-2.119356580078601837e-02
-1.100601479411125183e-01
2.469836734235286713e-03
-1.102732867002487183e-01
-8.803803473711013794e-02
-1.125757768750190735e-02
1.677094958722591400e-02
2.694985456764698029e-02
1.207145303487777710e-01
3.524295240640640259e-02
2.548060938715934753e-02
-8.901723194867372513e-04
-2.648100443184375763e-02
2.138273864984512329e-01
1.015157401561737061e-01
1.034739892929792404e-02
1.135489344596862793e-01
1.906177215278148651e-02
1.550524532794952393e-01
2.658375166356563568e-02
7.548580877482891083e-03
1.342307329177856445e-01
-7.755182683467864990e-02
5.671070143580436707e-02
1.060893088579177856e-01
3.760487586259841919e-02
6.017263606190681458e-02
-3.767847316339612007e-03
-1.813745498657226562e-02
9.887995570898056030e-02
3.334352001547813416e-02
2.478038147091865540e-02
9.762478619813919067e-02
7.367791235446929932e-02
8.587575517594814301e-03
2.865732088685035706e-02
2.682670354843139648e-01
-6.812092661857604980e-02
3.442244604229927063e-02
7.165369391441345215e-02
-1.304524857550859451e-02
-1.515059825032949448e-02
4.619793593883514404e-02
2.809644863009452820e-02
-8.188257925212383270e-03
7.314010709524154663e-02
6.330898031592369080e-03
-2.131766267120838165e-02
-6.180658191442489624e-02
-1.374924648553133011e-02
9.704832732677459717e-02
5.823099613189697266e-02
1.431246660649776459e-02
7.137226313352584839e-02
1.401439756155014038e-01
-6.756617873907089233e-02
-1.178544107824563980e-02
-1.494708843529224396e-02
-1.510436534881591797e-01
4.685886949300765991e-02
1.040721088647842407e-01
-4.596475511789321899e-02
5.041945725679397583e-02
1.087489426136016846e-01
9.261041134595870972e-02
1.029876023530960083e-01
7.452827692031860352e-02
1.791091635823249817e-02
3.315452486276626587e-02
2.061506919562816620e-02
1.134214773774147034e-01
1.259576231241226196e-01
1.719691008329391479e-01
7.210008054971694946e-02
5.762256681919097900e-02
9.920072043314576149e-04
8.943192660808563232e-02
4.744306206703186035e-02
1.211568117141723633e-01
6.719858199357986450e-02
1.072466373443603516e-02
8.249450474977493286e-02
7.270529866218566895e-02
3.346974030137062073e-02
-4.216972738504409790e-02
3.177906200289726257e-02
1.509427372366189957e-02
1.207303702831268311e-01
8.060554414987564087e-02
3.948339074850082397e-02
1.395851094275712967e-02
9.499042481184005737e-02
8.107835054397583008e-02
-5.154572427272796631e-02
5.210683867335319519e-02
1.222830936312675476e-01
5.689508095383644104e-02
-1.350550819188356400e-02
