2.721664905548095703e-01
1.898056268692016602e-01
2.981219887733459473e-01
2.320611029863357544e-01
2.422074526548385620e-01
1.845505386590957642e-01
2.879415452480316162e-01
1.847555041313171387e-01
2.740002870559692383e-01
2.573631405830383301e-01
2.601320743560791016e-01
2.649159431457519531e-01
2.871199548244476318e-01
1.489755660295486450e-01
2.868770956993103027e-01
2.490574270486831665e-01
2.432949990034103394e-01
2.483316808938980103e-01
2.690696418285369873e-01
1.524465680122375488e-01
2.201764732599258423e-01
2.026742845773696899e-01
1.976300179958343506e-01
2.612825632095336914e-01
2.748351395130157471e-01
4.325029253959655762e-02
2.907551229000091553e-01
2.875517606735229492e-01
2.163003236055374146e-01
2.994347512722015381e-01
2.539353370666503906e-01
1.477757543325424194e-01
2.856225073337554932e-01
2.505336105823516846e-01
3.021177053451538086e-01
3.481878936290740967e-01
2.233116179704666138e-01
1.833906769752502441e-01
2.278409451246261597e-01
2.485790997743606567e-01
2.179668992757797241e-01
1.773310154676437378e-01
3.943974971771240234e-01
3.326841592788696289e-01
1.498880237340927124e-01
2.238383293151855469e-01
3.649172186851501465e-01
1.387256681919097900e-01
3.222795128822326660e-01
3.122259080410003662e-01
2.513558566570281982e-01
1.962434053421020508e-01
2.616384029388427734e-01
2.841819524765014648e-01
9.740210324525833130e-02
9.110763669013977051e-02
2.770216166973114014e-01
2.552494108676910400e-01
2.711490392684936523e-01
2.589139938354492188e-01
2.858168184757232666e-01
2.945723533630371094e-01
1.895953714847564697e-01
3.349703252315521240e-01
1.370051801204681396e-01
2.167880982160568237e-01
1.044839993119239807e-01
3.234011828899383545e-01
3.545511066913604736e-01
3.211306035518646240e-01
1.619991362094879150e-01
1.500396281480789185e-01
2.238049060106277466e-01
2.523108124732971191e-01
2.617886662483215332e-01
2.655266225337982178e-01
2.996054887771606445e-01
2.512423098087310791e-01
2.082477658987045288e-01
2.834628522396087646e-01
1.893184781074523926e-01
2.906960248947143555e-01
3.516937494277954102e-01
2.286432832479476929e-01
3.255647718906402588e-01
1.634043008089065552e-01
1.975074261426925659e-01
2.407112568616867065e-01
1.891410648822784424e-01
1.698195785284042358e-01
2.519148290157318115e-01
3.248976171016693115e-01
2.115449011325836182e-01
1.950381398200988770e-01
2.389425486326217651e-01
1.755141764879226685e-01
2.673768103122711182e-01
2.346411049365997314e-01
2.053793519735336304e-01
2.178362905979156494e-01
3.848686218261718750e-01
2.338470369577407837e-01
2.695463001728057861e-01
1.303753852844238281e-01
1.952613741159439087e-01
2.280408143997192383e-01
1.945880949497222900e-01
3.429564237594604492e-01
2.388624399900436401e-01
4.416155442595481873e-02
2.935831546783447266e-01
2.196742296218872070e-01
2.939698696136474609e-01
8.691313676536083221e-03
2.452012747526168823e-01
2.232836037874221802e-01
2.729739844799041748e-01
1.688740849494934082e-01
2.250284105539321899e-01
3.079167306423187256e-01
2.594782114028930664e-01
2.198095768690109253e-01
1.896004527807235718e-01
1.366128176450729370e-01
1.636778861284255981e-01
1.818538755178451538e-01
2.260393798351287842e-01
1.057294309139251709e-01
2.591675519943237305e-01
1.631238162517547607e-01
2.390777170658111572e-01
2.223578840494155884e-01
1.853723227977752686e-01
2.601739168167114258e-01
2.450506240129470825e-01
1.824870556592941284e-01
2.533828318119049072e-01
1.748308539390563965e-01
2.211716622114181519e-01
2.174519896507263184e-01
3.361835181713104248e-01
1.881208568811416626e-01
2.099500000476837158e-01
2.380308806896209717e-01
2.202759385108947754e-01
2.294625639915466309e-01
3.513935208320617676e-01
1.305908411741256714e-01
1.403815448284149170e-01
1.924745291471481323e-01
1.552025228738784790e-01
1.977959424257278442e-01
2.040471434593200684e-01
1.801672726869583130e-01
1.919730901718139648e-01
2.747369110584259033e-01
1.775678992271423340e-01
3.504503369331359863e-01
2.687959969043731689e-01
1.759587973356246948e-02
2.026459723711013794e-01
2.873538434505462646e-01
2.348752468824386597e-01
1.526457369327545166e-01
2.445297390222549438e-01
2.609144449234008789e-01
2.644603848457336426e-01
8.533567190170288086e-02
2.649500370025634766e-01
2.543765306472778320e-01
2.806275486946105957e-01
1.968487203121185303e-01
2.392145246267318726e-01
1.926067173480987549e-01
1.889477074146270752e-01
2.342113852500915527e-01
2.283965051174163818e-01
2.839023768901824951e-01
2.202827930450439453e-01
2.074788659811019897e-01
1.501200199127197266e-01
9.107249975204467773e-02
2.104847580194473267e-01
2.325009405612945557e-01
3.263207077980041504e-01
2.748138606548309326e-01
2.259445786476135254e-01
2.323089241981506348e-01
2.575039863586425781e-01
2.254109233617782593e-01
1.398806273937225342e-01
1.433046609163284302e-01
1.987752020359039307e-01
2.459306418895721436e-01
2.157865166664123535e-01
2.810993194580078125e-01
1.815926581621170044e-01
2.184536606073379517e-01
1.504377722740173340e-01
3.104794919490814209e-01
2.424333989620208740e-01
1.432335674762725830e-01
2.418358922004699707e-01
2.918860316276550293e-01
1.823027133941650391e-01
2.093200236558914185e-01
2.508003413677215576e-01
2.073969244956970215e-01
2.267351597547531128e-01
2.898767292499542236e-01
2.135328203439712524e-01
2.806871831417083740e-01
1.408188492059707642e-01
2.268461436033248901e-01
2.856631577014923096e-01
2.449182048439979553e-02
1.780437678098678589e-01
1.738825887441635132e-01
1.474401950836181641e-01
2.304479628801345825e-01
2.594720125198364258e-01
2.302275747060775757e-01
2.933970093727111816e-01
2.563247680664062500e-01
1.314803361892700195e-01
4.761211574077606201e-02
2.240897715091705322e-01
2.134896963834762573e-01
2.151114344596862793e-01
2.593004703521728516e-01
1.390261501073837280e-01
1.625655740499496460e-01
2.084827274084091187e-01
2.275111675262451172e-01
2.175055891275405884e-01
2.166744172573089600e-01
3.442871868610382080e-01
2.851692736148834229e-01
2.620497643947601318e-01
1.849727630615234375e-01
2.680040299892425537e-01
1.917809098958969116e-01
1.643159836530685425e-01
1.836991459131240845e-01
2.721407711505889893e-01
2.085585743188858032e-01
1.340946108102798462e-01
2.542352974414825439e-01
2.162529975175857544e-01
3.178784549236297607e-01
1.792502254247665405e-01
2.626714110374450684e-01
2.664039134979248047e-01
1.900749206542968750e-01
2.009372860193252563e-01
1.615768373012542725e-01
3.619709014892578125e-01
-1.198861673474311829e-01
2.230212241411209106e-01
2.304137945175170898e-01
1.112708300352096558e-01
1.697685271501541138e-01
1.795902252197265625e-01
6.536522507667541504e-02
2.471975684165954590e-01
2.070536166429519653e-01
8.136485517024993896e-02
2.691086828708648682e-01
2.061121612787246704e-01
1.619124263525009155e-01
1.306138634681701660e-01
2.197407484054565430e-01
1.736374646425247192e-01
3.150086700916290283e-01
1.940995901823043823e-01
2.419416755437850952e-01
1.223552078008651733e-01
2.681646645069122314e-01
7.158160954713821411e-02
1.680071204900741577e-01
2.438417822122573853e-01
1.877533197402954102e-01
1.450352668762207031e-01
2.358245402574539185e-01
2.695559263229370117e-01
2.373768389225006104e-01
2.613585293292999268e-01
1.101444289088249207e-01
1.975804418325424194e-01
1.274764090776443481e-01
2.519527077674865723e-01
1.953406631946563721e-01
1.596814393997192383e-01
2.577988803386688232e-01
2.721505165100097656e-01
2.755281627178192139e-01
8.963640779256820679e-02
3.466058373451232910e-01
2.087323665618896484e-01
2.130963504314422607e-01
1.990508437156677246e-01
1.918662339448928833e-01
3.444138467311859131e-01
3.342992961406707764e-01
2.224617451429367065e-01
2.058245688676834106e-01
2.326431423425674438e-01
2.170877456665039062e-01
2.868791520595550537e-01
1.580856889486312866e-01
2.849247157573699951e-01
1.560563594102859497e-01
1.795775592327117920e-01
1.934214383363723755e-01
2.143786847591400146e-01
1.867501735687255859e-01
1.594901382923126221e-01
3.480342626571655273e-01
8.225197345018386841e-02
2.128502875566482544e-01
2.524273395538330078e-01
3.239590823650360107e-01
2.568958103656768799e-01
1.527567654848098755e-01
2.998233437538146973e-01
3.425884842872619629e-01
1.104971766471862793e-01
1.745617836713790894e-01
3.820643126964569092e-01
2.979132533073425293e-01
2.617184817790985107e-01
1.721367388963699341e-01
2.808705270290374756e-01
1.819559037685394287e-01
1.972112357616424561e-01
2.012937366962432861e-01
1.625707149505615234e-01
3.034360408782958984e-01
2.726044356822967529e-01
1.753570288419723511e-01
2.846015095710754395e-01
1.719500869512557983e-01
2.979997098445892334e-01
1.634888350963592529e-01
2.296540290117263794e-01
1.949179917573928833e-01
1.090391129255294800e-01
2.657085061073303223e-01
2.365300804376602173e-01
2.608075737953186035e-01
2.063466161489486694e-01
1.979371011257171631e-01
2.647300660610198975e-01
1.229152083396911621e-01
2.448109388351440430e-01
2.595388293266296387e-01
2.174591422080993652e-01
1.774095743894577026e-01
2.281271964311599731e-01
2.033568769693374634e-01
2.939462363719940186e-01
6.955718249082565308e-02
2.893747389316558838e-01
2.461898475885391235e-01
2.725018858909606934e-01
2.452354133129119873e-01
2.229459285736083984e-01
9.897176176309585571e-02
2.088119089603424072e-01
2.219358384609222412e-01
4.054675698280334473e-01
1.385982781648635864e-01
1.718842238187789917e-01
2.887552678585052490e-01
2.035686522722244263e-01
1.712505519390106201e-01
1.992533057928085327e-01
2.534654736518859863e-01
2.474779933691024780e-01
2.452254444360733032e-01
2.065897285938262939e-01
1.912036240100860596e-01
1.901228427886962891e-01
2.063692361116409302e-01
2.458141297101974487e-01
1.620222479104995728e-01
2.086590081453323364e-01
3.115240335464477539e-01
1.958902627229690552e-01
2.050381600856781006e-01
1.751079261302947998e-01
1.785894781351089478e-01
1.409363895654678345e-01
1.849655210971832275e-01
2.130099684000015259e-01
2.389405667781829834e-01
1.443436294794082642e-01
2.070778161287307739e-01
2.123214900493621826e-01
1.776402741670608521e-01
2.855702340602874756e-01
2.297772020101547241e-01
2.028980106115341187e-01
2.100533694028854370e-01
2.371225655078887939e-01
2.209179252386093140e-01
3.801353275775909424e-01
1.610803604125976562e-01
2.167481482028961182e-01
3.395377099514007568e-01
1.900626569986343384e-01
2.688455581665039062e-01
2.699625492095947266e-01
7.568909227848052979e-02
1.798582971096038818e-01
2.146759033203125000e-01
8.968724310398101807e-02
1.954734176397323608e-01
2.182864099740982056e-01
2.195902019739151001e-01
1.754486709833145142e-01
2.435843646526336670e-01
1.646249741315841675e-01
2.710268199443817139e-01
1.725552082061767578e-01
1.165865212678909302e-01
1.989044845104217529e-01
2.358046472072601318e-01
1.800430268049240112e-01
1.047246009111404419e-01
1.237618848681449890e-01
1.837877184152603149e-01
3.115318119525909424e-01
2.300047427415847778e-01
1.690696775913238525e-01
1.787396222352981567e-01
2.506149113178253174e-01
1.926078498363494873e-01
1.560850888490676880e-01
2.036172151565551758e-01
2.243566364049911499e-01
2.144108563661575317e-01
2.071260809898376465e-01
2.257463634014129639e-01
1.380207836627960205e-01
2.438255101442337036e-01
2.732168138027191162e-01
3.172442615032196045e-01
2.052681595087051392e-01
2.321206629276275635e-01
1.763638705015182495e-01
1.371906101703643799e-01
1.804843246936798096e-01
1.846838146448135376e-01
3.289130628108978271e-01
1.894794851541519165e-01
2.076918631792068481e-01
1.458876729011535645e-01
2.593767344951629639e-01
1.964160948991775513e-01
2.139485627412796021e-01
5.567838996648788452e-02
2.879291474819183350e-01
1.083277612924575806e-01
3.355572223663330078e-01
1.397035866975784302e-01
1.746564656496047974e-01
2.566695213317871094e-01
1.969157457351684570e-01
2.391291856765747070e-01
1.275920420885086060e-01
1.779164820909500122e-01
2.205882072448730469e-01
1.518848687410354614e-01
1.594926118850708008e-01
2.705790102481842041e-01
1.957699507474899292e-01
1.727446019649505615e-01
3.535780310630798340e-01
2.315665930509567261e-01
1.859788745641708374e-01
1.780452877283096313e-01
2.530777752399444580e-01
1.368056684732437134e-01
1.292684674263000488e-01
3.471510708332061768e-01
1.845334321260452271e-01
2.245196104049682617e-01
2.228945493698120117e-01
2.677732408046722412e-01
2.080707401037216187e-01
2.972187399864196777e-01
3.594177067279815674e-01
3.156307935714721680e-01
2.574540078639984131e-01
1.845360398292541504e-01
2.510702311992645264e-01
1.909434348344802856e-01
2.436301261186599731e-01
2.088871002197265625e-01
2.027980536222457886e-01
2.879716753959655762e-01
1.346864253282546997e-01
2.246013581752777100e-01
2.413528114557266235e-01
2.192456871271133423e-01
5.131963267922401428e-02
2.831542491912841797e-01
1.920625269412994385e-01
2.478383630514144897e-01
1.516071408987045288e-01
2.293601185083389282e-01
2.144791036844253540e-01
2.171878516674041748e-01
1.636694371700286865e-01
2.969719767570495605e-01
2.184113264083862305e-01
2.247685045003890991e-01
3.056932985782623291e-01
2.078402340412139893e-01
1.760676801204681396e-01
2.200934588909149170e-01
2.830731570720672607e-01
2.849668264389038086e-01
1.920573413372039795e-01
1.452835500240325928e-01
1.679873317480087280e-01
3.132677972316741943e-01
1.082234233617782593e-01
2.499208003282546997e-01
2.207781374454498291e-01
2.144095301628112793e-01
2.237202972173690796e-01
1.663816273212432861e-01
2.070095241069793701e-01
1.421308666467666626e-01
1.896760910749435425e-01
8.237238228321075439e-02
2.181138098239898682e-01
2.004184275865554810e-01
1.580959409475326538e-01
2.275059521198272705e-01
2.260476201772689819e-01
2.234434187412261963e-01
1.592731326818466187e-01
2.489028126001358032e-01
2.344445884227752686e-01
2.845275104045867920e-01
2.596932649612426758e-01
1.960972100496292114e-01
2.100381106138229370e-01
1.889169067144393921e-01
1.183547601103782654e-01
8.144258707761764526e-02
2.715477645397186279e-01
2.075164765119552612e-01
2.169947475194931030e-01
1.939941048622131348e-01
1.965100765228271484e-01
2.245804965496063232e-01
2.044829279184341431e-01
1.885746419429779053e-01
2.126451432704925537e-01
1.661368608474731445e-01
1.170164942741394043e-01
2.755410075187683105e-01
1.224701106548309326e-01
2.313037365674972534e-01
6.289630383253097534e-02
1.539357453584671021e-01
1.752514243125915527e-01
2.285652905702590942e-01
7.515890896320343018e-02
1.791091263294219971e-01
1.931900531053543091e-01
1.763440668582916260e-01
1.537997424602508545e-01
1.791927963495254517e-01
1.872686296701431274e-01
2.363489568233489990e-01
4.809705540537834167e-02
1.692410409450531006e-01
1.754078567028045654e-01
2.978241145610809326e-01
2.699106633663177490e-01
2.333841472864151001e-01
1.618064008653163910e-02
2.172014266252517700e-01
2.003016769886016846e-01
1.721898168325424194e-01
1.496964991092681885e-01
2.796505987644195557e-01
2.766975760459899902e-01
2.079145610332489014e-01
1.977424621582031250e-01
1.959163546562194824e-01
1.673142462968826294e-01
1.793537884950637817e-01
1.862584650516510010e-01
2.241980731487274170e-01
1.694091707468032837e-01
2.731965184211730957e-01
2.206082344055175781e-01
2.680378556251525879e-01
2.498954981565475464e-01
2.039213925600051880e-01
3.399141728878021240e-01
2.216631919145584106e-01
3.646809980273246765e-02
2.649100720882415771e-01
2.222805470228195190e-01
1.571342051029205322e-01
2.379382401704788208e-01
2.453570216894149780e-01
1.796620488166809082e-01
2.011744529008865356e-01
1.822402030229568481e-01
1.307326257228851318e-01
2.309129238128662109e-01
1.110774874687194824e-01
1.459045410156250000e-01
2.380590587854385376e-01
3.227533400058746338e-01
1.739796996116638184e-01
1.327990442514419556e-01
1.517637372016906738e-01
1.776549220085144043e-01
2.545180022716522217e-01
2.159435451030731201e-01
1.806475669145584106e-01
2.136089056730270386e-01
3.136012852191925049e-01
2.384031862020492554e-01
1.190320551395416260e-01
2.351171821355819702e-01
2.445136755704879761e-01
1.825510263442993164e-01
1.801940053701400757e-01
1.951230466365814209e-01
7.071379572153091431e-02
2.736737132072448730e-01
8.290436118841171265e-02
2.220135331153869629e-01
1.991447210311889648e-01
2.555442154407501221e-01
2.991563081741333008e-01
2.807520329952239990e-01
2.390567213296890259e-01
2.872705161571502686e-01
1.752538233995437622e-01
2.480325400829315186e-01
1.932790428400039673e-01
2.530031204223632812e-01
1.714899837970733643e-01
1.448735594749450684e-01
1.403274685144424438e-01
2.351282387971878052e-01
3.409518003463745117e-01
1.939471811056137085e-01
1.226847171783447266e-01
2.292097806930541992e-01
2.495704591274261475e-01
1.417378783226013184e-01
1.382615417242050171e-01
1.501725316047668457e-01
2.092822045087814331e-01
2.517276108264923096e-01
1.286392509937286377e-01
2.047750204801559448e-01
1.721597611904144287e-01
2.379632890224456787e-01
2.017610520124435425e-01
2.103216797113418579e-01
2.478198856115341187e-01
1.507305651903152466e-01
1.782438457012176514e-01
2.392243146896362305e-01
2.154675275087356567e-01
2.043983638286590576e-01
1.978856027126312256e-01
2.509570717811584473e-01
2.148147970438003540e-01
1.610963642597198486e-01
2.006426602602005005e-01
2.942758798599243164e-01
1.906914412975311279e-01
2.450936734676361084e-01
2.013955116271972656e-01
1.877640634775161743e-01
1.626062095165252686e-01
2.429515123367309570e-01
1.763834953308105469e-01
1.814495623111724854e-01
1.140829399228096008e-01
1.991142183542251587e-01
2.222733199596405029e-01
1.396514177322387695e-01
1.474966853857040405e-01
2.079508900642395020e-01
1.799755692481994629e-01
1.750295013189315796e-01
2.665595412254333496e-01
2.519066035747528076e-01
1.334317028522491455e-01
1.150656566023826599e-01
2.886010408401489258e-01
1.319156140089035034e-01
1.620163917541503906e-01
2.454810738563537598e-01
2.101887762546539307e-01
2.073655873537063599e-01
2.516767084598541260e-01
2.093339711427688599e-01
2.611970007419586182e-01
2.980521917343139648e-01
1.363358050584793091e-01
2.087462842464447021e-01
1.720166355371475220e-01
1.239031925797462463e-01
1.798471361398696899e-01
2.671684920787811279e-01
2.795188128948211670e-01
1.465262621641159058e-01
1.899216175079345703e-01
8.439443260431289673e-02
3.200762569904327393e-01
1.621805429458618164e-01
1.740949749946594238e-01
2.744553387165069580e-01
2.165225893259048462e-01
9.017803519964218140e-02
2.051810771226882935e-01
1.253000646829605103e-01
1.375300586223602295e-01
1.695977598428726196e-01
9.592120349407196045e-02
9.041202068328857422e-02
2.319207489490509033e-01
2.613581717014312744e-01
1.426759809255599976e-01
2.243446856737136841e-01
8.990377187728881836e-02
2.586851418018341064e-01
2.385457605123519897e-01
1.712011992931365967e-01
2.165297567844390869e-01
2.083219885826110840e-01
1.601290851831436157e-01
2.338278591632843018e-01
2.068992853164672852e-01
2.095273584127426147e-01
8.657769858837127686e-02
2.105072885751724243e-01
1.366713941097259521e-01
2.843143045902252197e-01
1.828231811523437500e-01
2.232501953840255737e-01
1.619064360857009888e-01
1.486547142267227173e-01
1.866639405488967896e-01
2.323993295431137085e-01
2.717274427413940430e-01
2.433315366506576538e-01
1.710603088140487671e-01
1.394859254360198975e-01
2.466324120759963989e-01
1.910981684923171997e-01
1.233215853571891785e-01
1.381359398365020752e-01
2.148184031248092651e-01
2.607133388519287109e-01
2.162702828645706177e-01
2.394892275333404541e-01
2.722643911838531494e-01
2.091662138700485229e-01
2.561208605766296387e-01
6.206614524126052856e-02
1.567015200853347778e-01
2.592943906784057617e-01
1.619958281517028809e-01
1.421459019184112549e-01
1.684020310640335083e-01
2.876530587673187256e-01
2.103855758905410767e-01
2.560159564018249512e-01
2.112767994403839111e-01
2.448166608810424805e-01
1.692173033952713013e-01
2.637131214141845703e-01
2.015134543180465698e-01
1.380456089973449707e-01
2.432830482721328735e-01
3.003957271575927734e-01
1.363490074872970581e-01
1.812957078218460083e-01
1.568836271762847900e-01
-1.633371599018573761e-02
1.768275946378707886e-01
2.877951562404632568e-01
1.285419166088104248e-01
2.260083407163619995e-01
2.459056377410888672e-01
8.431842178106307983e-02
1.524848043918609619e-01
2.006555497646331787e-01
1.216859742999076843e-01
2.233975231647491455e-01
1.332647055387496948e-01
1.199679523706436157e-01
2.029825896024703979e-01
5.984442308545112610e-02
2.018204480409622192e-01
1.149237081408500671e-01
2.426677346229553223e-01
2.392262220382690430e-01
1.811536848545074463e-01
1.974092721939086914e-01
1.624980270862579346e-01
2.422532141208648682e-01
8.817312121391296387e-02
1.925754845142364502e-01
2.146050930023193359e-01
1.156424283981323242e-01
2.795937061309814453e-01
1.885528415441513062e-01
2.092539072036743164e-01
2.718850672245025635e-01
2.354717403650283813e-01
1.312678456306457520e-01
3.510239347815513611e-02
2.420322746038436890e-01
2.342645227909088135e-01
2.192471921443939209e-01
2.518340349197387695e-01
1.507874876260757446e-01
2.167695313692092896e-01
1.585453599691390991e-01
1.434765458106994629e-01
1.943098008632659912e-01
2.228031605482101440e-01
2.402119487524032593e-01
2.804716229438781738e-01
1.897272765636444092e-01
1.857697516679763794e-01
2.460490614175796509e-01
2.150815576314926147e-01
1.803254485130310059e-01
2.362846881151199341e-01
1.813215017318725586e-01
1.792188733816146851e-01
1.423395574092864990e-01
2.456676959991455078e-01
2.023940533399581909e-01
1.324649900197982788e-01
2.458230108022689819e-01
1.981896907091140747e-01
1.717812269926071167e-01
1.348345577716827393e-01
2.121645361185073853e-01
2.746161818504333496e-01
1.801363229751586914e-01
1.890545487403869629e-01
2.293807566165924072e-01
1.487918347120285034e-01
1.838873028755187988e-01
2.250214368104934692e-01
2.101975232362747192e-01
2.760277688503265381e-01
1.202347874641418457e-01
1.853401213884353638e-01
1.848606169223785400e-01
2.189113795757293701e-01
1.324709057807922363e-01
1.095423623919487000e-01
2.376032173633575439e-01
1.440440565347671509e-01
2.044298648834228516e-01
1.732636392116546631e-01
2.322877496480941772e-01
1.522613912820816040e-01
2.200340330600738525e-01
1.526817679405212402e-01
2.282292842864990234e-01
1.464335918426513672e-01
1.308130323886871338e-01
1.152803376317024231e-01
1.883572638034820557e-01
2.252941131591796875e-01
2.340748459100723267e-01
2.341735959053039551e-01
2.340296357870101929e-01
1.626840978860855103e-01
1.596930176019668579e-01
2.170942425727844238e-01
1.646429449319839478e-01
1.298813968896865845e-01
2.744519412517547607e-01
2.015394717454910278e-01
1.925327181816101074e-01
1.124884188175201416e-01
2.303077876567840576e-01
1.868364512920379639e-01
2.136332541704177856e-01
2.400256842374801636e-01
2.302969396114349365e-01
2.322965413331985474e-01
2.226372063159942627e-01
2.399113327264785767e-01
1.490720957517623901e-01
2.414036542177200317e-01
1.772736310958862305e-01
1.316070705652236938e-01
2.277780175209045410e-01
1.646547764539718628e-01
8.696845918893814087e-02
1.627471745014190674e-01
2.764212787151336670e-01
1.646211892366409302e-01
2.581542134284973145e-01
1.217119470238685608e-01
3.011240661144256592e-01
1.249712482094764709e-01
2.178525924682617188e-01
1.756098866462707520e-01
2.247800379991531372e-01
1.992600858211517334e-01
2.033764272928237915e-01
2.494608014822006226e-01
2.405911386013031006e-01
2.119074612855911255e-01
2.115722000598907471e-01
1.225467547774314880e-01
2.113093882799148560e-01
2.159160226583480835e-01
6.311438232660293579e-02
2.161504775285720825e-01
1.010082662105560303e-01
1.842817515134811401e-01
1.843611747026443481e-01
2.057918161153793335e-01
2.526993155479431152e-01
1.997410506010055542e-01
2.467341125011444092e-01
1.950133293867111206e-01
1.932177692651748657e-01
2.180739194154739380e-01
2.037718743085861206e-01
1.020641624927520752e-01
1.691353768110275269e-01
9.056170284748077393e-02
3.128994628787040710e-02
2.685365080833435059e-02
1.871055364608764648e-01
1.764821708202362061e-01
2.166297435760498047e-01
2.122879624366760254e-01
1.645043641328811646e-01
1.735493540763854980e-01
2.406402230262756348e-01
1.757097095251083374e-01
2.711088955402374268e-01
1.914845705032348633e-01
2.471373528242111206e-01
1.858451515436172485e-01
2.362522929906845093e-01
2.243965715169906616e-01
2.700900137424468994e-01
2.055129110813140869e-01
2.598244547843933105e-01
6.661009788513183594e-02
1.503045558929443359e-01
2.130055576562881470e-01
1.757449060678482056e-01
1.788681000471115112e-01
1.032882556319236755e-01
1.379691660404205322e-01
2.497404366731643677e-01
1.879735440015792847e-01
1.912552863359451294e-01
2.072436809539794922e-01
1.405856907367706299e-01
1.006375402212142944e-01
1.818102747201919556e-01
2.004481852054595947e-01
9.737868607044219971e-02
1.730043739080429077e-01
2.618263363838195801e-01
2.071348875761032104e-01
1.334766745567321777e-01
1.939635723829269409e-01
2.743329405784606934e-01
2.202508896589279175e-01
1.519038528203964233e-01
1.087072268128395081e-01
2.070221900939941406e-01
1.069113612174987793e-01
1.805953532457351685e-01
2.035559266805648804e-01
1.779383122920989990e-01
2.306471765041351318e-01
1.637087166309356689e-01
2.279802411794662476e-01
9.381406009197235107e-02
2.163843214511871338e-01
1.978188604116439819e-01
2.690985798835754395e-02
1.819625347852706909e-01
2.164623886346817017e-01
1.035736948251724243e-01
1.777863353490829468e-01
1.889424175024032593e-01
1.452466845512390137e-01
2.161435782909393311e-01
2.067741304636001587e-01
1.936068534851074219e-01
1.829454004764556885e-01
1.988561749458312988e-01
2.417539209127426147e-01
2.483251988887786865e-01
2.183049619197845459e-01
1.571260988712310791e-01
1.889477372169494629e-01
1.608071923255920410e-01
2.086255401372909546e-01
1.759885996580123901e-01
2.634673416614532471e-01
2.166917920112609863e-01
2.250382155179977417e-01
2.127389013767242432e-01
1.773192137479782104e-01
1.548842489719390869e-01
9.908712655305862427e-02
2.177339047193527222e-01
9.710177779197692871e-02
1.924465447664260864e-01
1.444366723299026489e-01
2.361865490674972534e-01
2.051420211791992188e-01
1.483398824930191040e-01
2.053066343069076538e-01
1.627450734376907349e-01
2.117944359779357910e-01
2.017297744750976562e-01
2.222616225481033325e-01
2.139506489038467407e-01
