-6.343525648117065430e-02
1.785105764865875244e-01
nan
4.489360749721527100e-01
nan
-1.728600263595581055e-01
nan
nan
3.374035060405731201e-01
4.570121765136718750e-01
nan
1.338036358356475830e-01
1.738221198320388794e-01
2.433221638202667236e-01
nan
2.529609501361846924e-01
nan
8.118800073862075806e-02
nan
-4.572620987892150879e-02
2.478343397378921509e-01
2.787224352359771729e-01
-2.877483367919921875e-01
nan
nan
-3.450174629688262939e-01
2.995279431343078613e-01
1.369539648294448853e-01
3.915461897850036621e-01
-1.028302684426307678e-01
nan
3.066760897636413574e-01
-3.649348393082618713e-02
3.044786751270294189e-01
1.433145999908447266e-01
1.713366806507110596e-01
nan
nan
nan
9.128825366497039795e-02
2.050824314355850220e-01
nan
0.000000000000000000e+00
nan
-2.334766238927841187e-01
-8.105067908763885498e-02
-7.298867702484130859e-01
2.539317309856414795e-01
nan
3.018122538924217224e-02
8.926570415496826172e-02
-1.804133355617523193e-01
2.144135385751724243e-01
-1.626160889863967896e-01
-4.677891731262207031e-01
1.264424026012420654e-01
4.707404971122741699e-01
8.675007522106170654e-02
3.147432208061218262e-01
-5.202717185020446777e-01
nan
-6.630055606365203857e-02
2.674238979816436768e-01
3.007910251617431641e-01
-1.184598654508590698e-01
-4.161028265953063965e-01
8.960212767124176025e-02
4.506359398365020752e-01
4.245564043521881104e-01
nan
-6.212789192795753479e-02
-4.710447788238525391e-01
nan
3.677632212638854980e-01
3.769502341747283936e-01
-2.478585988283157349e-01
nan
4.622972011566162109e-01
-1.756549924612045288e-01
-1.936303079128265381e-01
1.873768717050552368e-01
3.621508777141571045e-01
4.428924620151519775e-01
nan
1.339459270238876343e-01
nan
3.499269485473632812e-01
4.945833086967468262e-01
-1.441738903522491455e-01
-5.732271075248718262e-02
nan
2.470019310712814331e-01
5.259481444954872131e-02
8.555484563112258911e-02
nan
-2.697379291057586670e-01
9.792847931385040283e-02
nan
-3.783648908138275146e-01
3.060762882232666016e-01
1.428259611129760742e-01
1.256362497806549072e-01
4.174511730670928955e-01
6.784521043300628662e-02
-1.252215057611465454e-01
nan
-4.345367252826690674e-01
nan
-1.822924166917800903e-01
-5.306343361735343933e-02
nan
nan
7.181051373481750488e-02
-1.106308475136756897e-01
-5.309148430824279785e-01
nan
1.726080179214477539e-01
3.472781181335449219e-01
-4.184682853519916534e-03
1.885673552751541138e-01
2.015949934720993042e-01
3.000239655375480652e-02
-4.880761262029409409e-03
7.137366384267807007e-02
1.639000475406646729e-01
nan
3.297875821590423584e-01
2.417005449533462524e-01
-3.048630654811859131e-01
1.959956437349319458e-01
2.817240357398986816e-01
-3.160027265548706055e-01
1.830724775791168213e-01
5.205296277999877930e-01
4.404090344905853271e-01
nan
1.326720416545867920e-01
9.791405498981475830e-02
1.005973368883132935e-01
3.092353343963623047e-01
3.138209134340286255e-02
5.680260807275772095e-02
nan
nan
1.033277213573455811e-01
nan
3.162125647068023682e-01
-3.713418841361999512e-01
7.695141248404979706e-03
-3.046394288539886475e-01
2.081029564142227173e-01
1.195156872272491455e-01
1.823614984750747681e-01
2.233875840902328491e-01
-3.093227446079254150e-01
2.382659167051315308e-01
2.760379761457443237e-02
1.926915794610977173e-01
1.057824715971946716e-01
-5.905356258153915405e-02
4.614477232098579407e-02
1.378145962953567505e-01
nan
1.613886910490691662e-03
1.295906603336334229e-01
-1.622537076473236084e-01
-9.111373871564865112e-02
-3.209104537963867188e-01
nan
2.508907616138458252e-01
2.965232729911804199e-01
nan
2.832048833370208740e-01
nan
-2.767018973827362061e-01
3.588923811912536621e-01
8.685936778783798218e-02
nan
1.310661733150482178e-01
nan
7.515609730035066605e-03
4.290438815951347351e-02
2.302152812480926514e-01
3.347566723823547363e-01
7.623825967311859131e-02
3.370327651500701904e-01
2.483006007969379425e-02
-7.751961052417755127e-02
4.197405874729156494e-01
2.403515726327896118e-01
8.748552203178405762e-02
2.697614729404449463e-01
1.371472328901290894e-01
3.027275800704956055e-01
1.793639361858367920e-01
5.760923624038696289e-01
-2.378718461841344833e-03
nan
3.460966050624847412e-01
-3.540086373686790466e-02
nan
-2.904398441314697266e-01
2.711191177368164062e-01
nan
2.894704341888427734e-01
nan
nan
2.445278167724609375e-01
nan
3.750348687171936035e-01
-3.338874280452728271e-01
1.849521398544311523e-01
-6.390146166086196899e-02
7.001084089279174805e-02
nan
-1.317700594663619995e-01
2.036731690168380737e-01
-1.904160976409912109e-01
-3.319515585899353027e-01
-4.650637507438659668e-01
2.871855497360229492e-01
1.502727270126342773e-01
2.940083444118499756e-01
-2.176941186189651489e-01
2.680400609970092773e-01
-7.499384880065917969e-02
2.023083418607711792e-01
2.431327402591705322e-01
1.768980771303176880e-01
nan
2.321413159370422363e-01
2.530799061059951782e-02
nan
nan
nan
2.464665472507476807e-01
2.801879644393920898e-01
1.748629808425903320e-01
1.259788572788238525e-01
-2.635484039783477783e-01
nan
-2.675195969641208649e-02
-1.317617893218994141e-01
-3.946042358875274658e-01
nan
nan
2.249371856451034546e-01
-2.583293020725250244e-01
3.913918435573577881e-01
nan
2.575441598892211914e-01
nan
nan
2.918902635574340820e-01
nan
2.396449744701385498e-01
nan
-3.214266896247863770e-01
-1.244446635246276855e-01
6.434968858957290649e-02
8.242865651845932007e-02
2.111159414052963257e-01
4.896745830774307251e-02
2.569032609462738037e-01
-3.046222627162933350e-01
nan
2.334881573915481567e-01
nan
3.987640142440795898e-01
-3.852594196796417236e-01
1.300508528947830200e-01
2.511593699455261230e-01
nan
nan
4.007521271705627441e-01
3.466836810111999512e-01
2.322830557823181152e-01
2.767127566039562225e-02
-2.267312109470367432e-01
1.225637421011924744e-01
nan
-1.642542183399200439e-01
-7.514463271945714951e-03
2.217144966125488281e-01
nan
3.100764751434326172e-01
1.584554761648178101e-01
-3.870648145675659180e-01
1.160583570599555969e-01
1.951450854539871216e-01
nan
1.810856610536575317e-01
3.265703022480010986e-01
2.106534987688064575e-01
nan
nan
2.357728034257888794e-01
2.077768892049789429e-01
nan
1.596811562776565552e-01
-1.093294844031333923e-01
2.770397067070007324e-01
nan
2.673663198947906494e-01
3.049589991569519043e-01
9.617555886507034302e-02
-8.238594233989715576e-02
-6.794617045670747757e-03
nan
4.173938184976577759e-02
-4.322709143161773682e-01
nan
nan
2.517352998256683350e-01
2.355634272098541260e-01
nan
-1.118111312389373779e-01
2.916856706142425537e-01
-4.747867882251739502e-01
-6.736864894628524780e-02
2.890301644802093506e-01
nan
-2.347368448972702026e-01
6.835696846246719360e-02
nan
2.693451046943664551e-01
1.504377424716949463e-01
nan
1.688453704118728638e-01
nan
2.335996478796005249e-01
nan
nan
1.164615377783775330e-01
nan
nan
-2.773264050483703613e-01
nan
-4.404717981815338135e-01
-1.624306291341781616e-01
nan
-6.278604865074157715e-01
-1.550262719392776489e-01
3.015813231468200684e-01
8.090172708034515381e-02
nan
1.011944115161895752e-01
nan
nan
-1.186961159110069275e-01
nan
-3.087385371327400208e-02
nan
1.435912847518920898e-01
nan
1.392098814249038696e-01
nan
8.018585294485092163e-02
nan
nan
1.801358014345169067e-01
-3.135817125439643860e-02
nan
nan
2.907133400440216064e-01
2.372107058763504028e-01
nan
-4.699000120162963867e-01
-2.337901480495929718e-02
1.829114258289337158e-01
nan
1.540157943964004517e-01
1.944600641727447510e-01
-3.942857384681701660e-01
nan
-4.059321805834770203e-02
2.280993908643722534e-01
3.322134613990783691e-01
nan
nan
nan
nan
1.981782764196395874e-01
3.269899189472198486e-01
nan
2.896996140480041504e-01
3.358784317970275879e-01
nan
1.810511946678161621e-01
-2.219747751951217651e-01
2.360896319150924683e-01
nan
nan
nan
2.929800376296043396e-02
nan
8.053940534591674805e-02
3.420503437519073486e-01
nan
nan
nan
nan
nan
9.502807259559631348e-02
2.429829537868499756e-01
3.932270705699920654e-01
nan
2.770584523677825928e-01
4.306645989418029785e-01
3.809335231781005859e-01
nan
-5.793973803520202637e-01
1.455682367086410522e-01
2.396251559257507324e-01
3.496901988983154297e-01
2.187625467777252197e-01
1.512216180562973022e-01
7.310860604047775269e-02
nan
3.486828505992889404e-01
-6.444658339023590088e-02
2.063604295253753662e-01
nan
nan
3.444075584411621094e-01
3.264677524566650391e-01
3.274967074394226074e-01
1.000901684165000916e-02
3.223296999931335449e-02
8.123777061700820923e-02
nan
-3.268580138683319092e-01
nan
nan
2.505603432655334473e-01
1.930293887853622437e-01
nan
2.385155409574508667e-01
2.180881202220916748e-01
2.961113452911376953e-01
3.136909902095794678e-01
3.699729442596435547e-01
2.364223152399063110e-01
1.956360973417758942e-02
2.891159057617187500e-01
nan
nan
nan
7.272007060237228870e-04
2.548635303974151611e-01
-6.067903246730566025e-03
1.581235080957412720e-01
3.512812256813049316e-01
9.771979600191116333e-02
nan
3.003388047218322754e-01
1.319090425968170166e-01
9.872139245271682739e-02
nan
2.392264902591705322e-01
3.442123234272003174e-01
-1.142096444964408875e-01
-1.787574887275695801e-01
nan
nan
-7.870811223983764648e-02
-6.585752964019775391e-02
8.888619951903820038e-03
-2.796709239482879639e-01
3.009876906871795654e-01
2.054806612432003021e-02
1.065481081604957581e-01
2.753471732139587402e-01
1.973634362220764160e-01
-4.594829306006431580e-02
nan
3.233745098114013672e-01
2.393640279769897461e-01
-9.527481161057949066e-03
4.661080837249755859e-01
-2.070620805025100708e-01
1.244201511144638062e-01
nan
1.429539620876312256e-01
nan
nan
nan
-3.575678169727325439e-02
nan
nan
4.543729722499847412e-01
nan
nan
-2.680309116840362549e-01
nan
-1.684169918298721313e-01
-6.532908678054809570e-01
2.642412781715393066e-01
nan
1.156457215547561646e-01
2.256020456552505493e-01
2.461936920881271362e-01
2.888672649860382080e-01
3.033258616924285889e-01
nan
2.484367340803146362e-01
-2.995598316192626953e-01
nan
1.880748569965362549e-01
3.136996924877166748e-01
1.920031011104583740e-01
nan
2.613002657890319824e-01
3.874975815415382385e-02
1.227971836924552917e-01
6.938242912292480469e-02
nan
2.477765083312988281e-01
nan
3.222251534461975098e-01
2.347563356161117554e-01
nan
3.807198703289031982e-01
-1.220450624823570251e-01
2.322085350751876831e-01
-8.104534447193145752e-02
2.496615499258041382e-01
nan
1.685182303190231323e-01
nan
nan
3.241259157657623291e-01
1.980248242616653442e-01
-1.051536798477172852e-01
1.819838583469390869e-01
-5.412909388542175293e-02
1.949425190687179565e-01
1.010252535343170166e-01
4.759012460708618164e-01
1.700146310031414032e-02
3.436420559883117676e-01
nan
nan
2.113561630249023438e-01
1.938491165637969971e-01
2.765994668006896973e-01
-1.210355684161186218e-01
5.091330409049987793e-01
9.643717855215072632e-02
9.103648364543914795e-02
3.289682269096374512e-01
2.120717465877532959e-01
1.577462702989578247e-01
2.544078230857849121e-01
nan
nan
2.904254198074340820e-01
2.694637775421142578e-01
nan
3.225128352642059326e-01
1.595670133829116821e-01
3.468268215656280518e-01
2.202188372611999512e-01
2.149484753608703613e-01
2.410491257905960083e-01
nan
-1.059707030653953552e-01
-8.750312030315399170e-02
-2.084239870309829712e-01
3.840485811233520508e-01
1.651965975761413574e-01
nan
nan
3.296580016613006592e-01
1.170462667942047119e-01
1.821743249893188477e-01
1.171507779508829117e-02
2.740640044212341309e-01
nan
1.529032140970230103e-01
-1.039364337921142578e-01
5.715091899037361145e-02
-4.998430237174034119e-02
2.935883216559886932e-02
5.094271898269653320e-01
1.116059273481369019e-01
-2.069109678268432617e-02
1.251203380525112152e-02
nan
2.015647888183593750e-01
1.817249655723571777e-01
nan
1.857824325561523438e-01
4.036909043788909912e-01
3.440036475658416748e-01
1.219628229737281799e-01
2.269228100776672363e-01
nan
2.142617106437683105e-01
nan
2.494680136442184448e-01
nan
2.535720169544219971e-01
3.512145578861236572e-01
nan
nan
nan
1.161362677812576294e-01
-4.919236898422241211e-02
nan
nan
2.844111919403076172e-01
1.248387545347213745e-01
nan
2.377176284790039062e-01
-4.959947243332862854e-02
1.738942414522171021e-01
2.586985472589731216e-03
3.444643318653106689e-01
1.522265970706939697e-01
3.527721762657165527e-01
7.063710363581776619e-04
nan
3.492808341979980469e-01
2.270799279212951660e-01
nan
nan
nan
3.723186552524566650e-01
-1.444681733846664429e-01
1.473831683397293091e-01
3.864974379539489746e-01
2.135507464408874512e-01
4.138798639178276062e-02
3.478504419326782227e-01
9.583999961614608765e-02
-6.496979296207427979e-02
-1.233607716858386993e-02
1.125060021877288818e-01
1.204212754964828491e-01
1.122898235917091370e-01
2.628700137138366699e-01
1.013099253177642822e-01
nan
1.345711797475814819e-01
nan
nan
3.782083392143249512e-01
3.906857073307037354e-01
2.090852856636047363e-01
-6.884709000587463379e-02
1.762565523386001587e-01
nan
nan
4.528303742408752441e-01
4.684399068355560303e-01
3.393465578556060791e-01
nan
nan
4.085486531257629395e-01
3.423531651496887207e-01
3.946857154369354248e-01
1.317688226699829102e-01
8.722683042287826538e-02
-5.569012463092803955e-02
4.013786092400550842e-02
nan
-3.376214578747749329e-02
nan
1.054786220192909241e-01
6.338698416948318481e-02
nan
2.278064787387847900e-01
2.852725386619567871e-01
-2.378074266016483307e-02
3.396975994110107422e-01
nan
-2.521945536136627197e-01
-3.101200796663761139e-02
1.670159101486206055e-01
nan
4.522115364670753479e-02
nan
2.041001468896865845e-01
3.541320860385894775e-01
2.241405285894870758e-02
nan
2.868260443210601807e-01
nan
-2.372465133666992188e-01
nan
2.564660906791687012e-01
nan
1.698334068059921265e-01
nan
1.848902106285095215e-01
2.001262158155441284e-01
2.838465869426727295e-01
9.687928110361099243e-02
nan
nan
nan
1.710231415927410126e-02
-2.232580035924911499e-01
-8.040793240070343018e-02
-4.207811355590820312e-01
2.519837617874145508e-01
7.684694975614547729e-02
3.503385186195373535e-01
-6.403886526823043823e-02
2.052417993545532227e-01
1.766778230667114258e-01
nan
2.638684809207916260e-01
4.583849906921386719e-01
1.276515871286392212e-01
3.590124845504760742e-01
3.112749159336090088e-01
2.026720345020294189e-01
3.375935256481170654e-01
nan
nan
1.113106161355972290e-01
nan
6.670437008142471313e-02
nan
1.654978245496749878e-01
nan
nan
1.845028400421142578e-01
2.332459837198257446e-01
2.169760614633560181e-01
-6.324767321348190308e-02
4.940145090222358704e-02
1.693002134561538696e-01
1.514869183301925659e-01
6.059945374727249146e-02
1.329631358385086060e-01
nan
nan
1.238673031330108643e-01
2.453157752752304077e-01
3.085769414901733398e-01
9.773550927639007568e-02
3.005711436271667480e-01
nan
nan
1.913088113069534302e-01
nan
2.646736800670623779e-01
2.695018053054809570e-01
2.655977904796600342e-01
2.066416740417480469e-01
1.243072450160980225e-01
nan
1.767008453607559204e-01
nan
1.684690564870834351e-01
2.676628530025482178e-01
2.198921740055084229e-01
nan
2.268508672714233398e-01
nan
2.340228110551834106e-02
2.225727438926696777e-01
nan
2.792547047138214111e-01
3.700843751430511475e-01
nan
2.385551184415817261e-01
nan
2.971541881561279297e-01
3.049698770046234131e-01
-1.880690008401870728e-01
3.323079049587249756e-01
8.800739049911499023e-02
1.977633833885192871e-01
1.030868366360664368e-01
nan
2.464630156755447388e-01
3.596795499324798584e-01
1.871479898691177368e-01
nan
2.469134777784347534e-01
nan
2.782257497310638428e-01
nan
2.010378092527389526e-01
9.036875516176223755e-02
2.348402738571166992e-01
1.809673458337783813e-01
nan
nan
2.797853350639343262e-01
1.608526706695556641e-01
7.075734436511993408e-02
-8.866526186466217041e-02
3.702692314982414246e-02
8.419846743345260620e-02
2.289915829896926880e-01
1.812872290611267090e-01
nan
1.920307129621505737e-01
1.706061810255050659e-01
-2.469164282083511353e-01
2.456234544515609741e-01
-3.313453495502471924e-02
1.809561848640441895e-01
3.447103500366210938e-02
2.897607684135437012e-01
9.415259957313537598e-02
2.678867280483245850e-01
1.866527944803237915e-01
nan
1.620304435491561890e-01
2.313677072525024414e-01
nan
2.663310170173645020e-01
4.386143386363983154e-01
2.356235831975936890e-01
nan
4.037935733795166016e-01
1.655318140983581543e-01
nan
2.710777521133422852e-01
nan
2.287916690111160278e-01
1.661927253007888794e-01
3.200406730175018311e-01
1.312209665775299072e-01
3.877940028905868530e-02
1.598650366067886353e-01
nan
2.856056988239288330e-01
2.233928143978118896e-01
1.571465730667114258e-01
3.627584548667073250e-03
1.964979320764541626e-01
2.705047130584716797e-01
3.270712494850158691e-01
1.909366995096206665e-01
nan
1.676747053861618042e-01
nan
2.048707157373428345e-01
3.975202441215515137e-01
1.392599642276763916e-01
nan
1.128243803977966309e-01
1.472943276166915894e-01
1.906234472990036011e-01
2.108971774578094482e-01
-4.180517196655273438e-01
1.602317690849304199e-01
2.704242765903472900e-01
2.424860745668411255e-01
2.271301895380020142e-01
2.290376275777816772e-01
4.497425854206085205e-01
nan
2.077014148235321045e-01
2.151611447334289551e-01
1.945942789316177368e-01
3.818185031414031982e-01
3.504513502120971680e-01
nan
3.338064253330230713e-01
-1.163184046745300293e-01
2.402490526437759399e-01
2.606055736541748047e-01
3.076802194118499756e-01
2.923890650272369385e-01
2.770267128944396973e-01
1.318438500165939331e-01
nan
2.090053111314773560e-01
-2.077312022447586060e-01
3.058217763900756836e-01
3.433859348297119141e-01
9.310965240001678467e-02
1.628548949956893921e-01
1.477627903223037720e-01
nan
nan
2.155854403972625732e-01
7.238366454839706421e-02
2.429191917181015015e-01
2.780143022537231445e-01
nan
nan
2.438565194606781006e-01
6.780296564102172852e-02
1.293005198240280151e-01
nan
1.265181601047515869e-01
2.360743284225463867e-02
nan
nan
nan
-1.980432122945785522e-01
-2.963408827781677246e-01
1.474020779132843018e-01
nan
nan
1.912422180175781250e-01
3.059823811054229736e-01
2.312755286693572998e-01
1.822005659341812134e-01
2.994186580181121826e-01
nan
2.214447259902954102e-01
nan
2.588710784912109375e-01
2.470999211072921753e-01
2.255652844905853271e-01
2.426645904779434204e-01
4.248860776424407959e-01
2.286551147699356079e-01
-8.361057192087173462e-02
-3.481763228774070740e-02
nan
2.171614468097686768e-01
2.834310829639434814e-01
nan
2.692328393459320068e-01
nan
3.203106820583343506e-01
nan
nan
1.707609593868255615e-01
nan
6.516823172569274902e-02
1.400897651910781860e-01
2.216824591159820557e-01
2.641125917434692383e-01
-2.464922890067100525e-02
1.471097767353057861e-01
3.905345201492309570e-01
nan
2.125636339187622070e-01
nan
1.680616289377212524e-01
nan
2.638333439826965332e-01
1.647792756557464600e-01
2.892707586288452148e-01
nan
1.458940356969833374e-01
1.857688301242887974e-03
2.270874977111816406e-01
1.236778125166893005e-01
1.431201845407485962e-01
-2.990298569202423096e-01
2.079907655715942383e-01
nan
3.417104184627532959e-01
2.965281009674072266e-01
nan
nan
nan
4.447848796844482422e-01
1.180111840367317200e-01
nan
2.827526032924652100e-01
nan
3.343266546726226807e-01
nan
1.283014118671417236e-01
3.822389245033264160e-01
1.416697800159454346e-01
3.986688554286956787e-01
2.644958198070526123e-01
2.671312689781188965e-01
2.946264445781707764e-01
1.754063218832015991e-01
2.336156070232391357e-01
nan
2.219775319099426270e-01
1.347177177667617798e-01
3.300051391124725342e-01
3.337140381336212158e-01
2.135721892118453979e-01
2.365328371524810791e-01
2.840464413166046143e-01
1.430706977844238281e-01
2.084970772266387939e-01
3.672886192798614502e-01
5.010242387652397156e-02
1.736911237239837646e-01
1.100207939743995667e-01
nan
nan
4.461489319801330566e-01
2.218086719512939453e-01
nan
2.749479841440916061e-03
1.304630786180496216e-01
2.013453245162963867e-01
2.646822035312652588e-01
nan
2.954574227333068848e-01
2.679388523101806641e-01
1.303732395172119141e-01
nan
nan
6.356699019670486450e-02
1.718672066926956177e-01
2.570245563983917236e-01
2.141090482473373413e-02
1.726483404636383057e-01
2.888360619544982910e-01
3.163755536079406738e-01
nan
nan
1.484988331794738770e-01
nan
1.538462787866592407e-01
3.591166436672210693e-01
4.389203786849975586e-01
3.838477730751037598e-01
2.736774086952209473e-01
1.739421784877777100e-01
2.910298109054565430e-01
2.095743566751480103e-01
2.894597351551055908e-01
1.706474572420120239e-01
nan
nan
1.942580044269561768e-01
2.256189584732055664e-01
1.453968733549118042e-01
9.646413475275039673e-02
nan
3.267495334148406982e-01
3.033348619937896729e-01
3.728348016738891602e-01
nan
nan
3.954325616359710693e-01
1.704840064048767090e-01
nan
nan
2.971399128437042236e-01
nan
nan
