3.627120852470397949e-01
3.557634949684143066e-01
4.046201407909393311e-01
4.204078316688537598e-01
4.059326648712158203e-01
2.320688962936401367e-01
3.736402988433837891e-01
3.213371634483337402e-01
4.612762928009033203e-01
4.194514453411102295e-01
3.540022671222686768e-01
3.693836033344268799e-01
3.713931143283843994e-01
3.460157811641693115e-01
3.860134184360504150e-01
4.405912458896636963e-01
3.978470861911773682e-01
3.454191982746124268e-01
3.996218740940093994e-01
3.423789143562316895e-01
4.407640099525451660e-01
4.365610778331756592e-01
2.659910619258880615e-01
3.626979887485504150e-01
3.729837238788604736e-01
3.439594805240631104e-02
3.992456793785095215e-01
4.069846272468566895e-01
3.852143585681915283e-01
3.723838925361633301e-01
3.716773092746734619e-01
3.609918653964996338e-01
3.724364638328552246e-01
4.669215083122253418e-01
3.911320567131042480e-01
4.877292513847351074e-01
3.495034873485565186e-01
3.056214153766632080e-01
3.170948028564453125e-01
3.325275778770446777e-01
3.072386682033538818e-01
2.636809945106506348e-01
4.989039003849029541e-01
4.516001939773559570e-01
1.960662901401519775e-01
3.300636410713195801e-01
4.571643769741058350e-01
3.213758468627929688e-01
4.488625228404998779e-01
4.075918495655059814e-01
3.650075793266296387e-01
2.761212885379791260e-01
4.118726253509521484e-01
4.022935330867767334e-01
1.562556773424148560e-01
3.012135326862335205e-01
5.128450989723205566e-01
3.491091132164001465e-01
4.606320858001708984e-01
3.357862830162048340e-01
3.834055364131927490e-01
4.188623726367950439e-01
4.078233242034912109e-01
5.169212222099304199e-01
2.499524354934692383e-01
3.128393888473510742e-01
2.491947114467620850e-01
4.870302975177764893e-01
4.609741270542144775e-01
4.175812304019927979e-01
2.395683974027633667e-01
1.723341196775436401e-01
3.549864888191223145e-01
4.345118403434753418e-01
4.105529189109802246e-01
3.176456689834594727e-01
4.047820270061492920e-01
4.854098856449127197e-01
2.606514394283294678e-01
3.905409276485443115e-01
3.859970569610595703e-01
3.830664753913879395e-01
5.564363598823547363e-01
3.449793159961700439e-01
4.221321642398834229e-01
2.563130557537078857e-01
4.202327728271484375e-01
4.268692731857299805e-01
3.323056697845458984e-01
2.754512727260589600e-01
3.832231163978576660e-01
4.953640997409820557e-01
3.573369979858398438e-01
2.723038792610168457e-01
3.463105261325836182e-01
2.805409133434295654e-01
4.254070222377777100e-01
3.778143525123596191e-01
2.825794517993927002e-01
4.303568005561828613e-01
4.858923554420471191e-01
3.073694109916687012e-01
4.633619487285614014e-01
2.735596001148223877e-01
2.701222896575927734e-01
3.689184188842773438e-01
2.683703899383544922e-01
4.644093215465545654e-01
3.343525230884552002e-01
1.828541755676269531e-01
4.040217995643615723e-01
3.524117171764373779e-01
3.802377879619598389e-01
1.405335068702697754e-01
3.322678506374359131e-01
3.106475472450256348e-01
4.742664992809295654e-01
4.271200895309448242e-01
3.086381554603576660e-01
4.519133567810058594e-01
3.478482365608215332e-01
3.417915999889373779e-01
3.145629465579986572e-01
3.489924073219299316e-01
3.284108340740203857e-01
3.038523197174072266e-01
4.152663052082061768e-01
3.438053429126739502e-01
3.331761062145233154e-01
3.333376049995422363e-01
4.176073670387268066e-01
2.636822164058685303e-01
3.308546543121337891e-01
4.617148637771606445e-01
4.894294142723083496e-01
2.802450060844421387e-01
3.588160276412963867e-01
3.297939896583557129e-01
2.927584350109100342e-01
3.685474693775177002e-01
4.334411323070526123e-01
2.651784121990203857e-01
3.820240199565887451e-01
3.651721775531768799e-01
3.255011737346649170e-01
3.453392982482910156e-01
4.645494222640991211e-01
1.577597707509994507e-01
2.670742571353912354e-01
2.866382002830505371e-01
3.360787630081176758e-01
3.547439873218536377e-01
2.820638716220855713e-01
3.447057008743286133e-01
2.802174687385559082e-01
3.956548869609832764e-01
2.643205821514129639e-01
4.633338153362274170e-01
4.199236333370208740e-01
2.054259777069091797e-01
3.638026118278503418e-01
3.879343271255493164e-01
3.306387662887573242e-01
2.466421723365783691e-01
4.366945326328277588e-01
3.598855137825012207e-01
3.371196985244750977e-01
1.262889057397842407e-01
3.630643784999847412e-01
3.610729873180389404e-01
3.681021034717559814e-01
2.881887555122375488e-01
3.824728727340698242e-01
3.269705176353454590e-01
3.113968968391418457e-01
3.653774559497833252e-01
4.087764322757720947e-01
3.770256340503692627e-01
3.824940919876098633e-01
3.110109269618988037e-01
2.476660609245300293e-01
2.802884578704833984e-01
3.802152276039123535e-01
3.656078875064849854e-01
4.249856770038604736e-01
5.124763846397399902e-01
3.249626457691192627e-01
2.977586090564727783e-01
3.627348244190216064e-01
4.085384607315063477e-01
2.278530746698379517e-01
3.751566708087921143e-01
3.443704843521118164e-01
4.239632189273834229e-01
3.385409116744995117e-01
4.218650460243225098e-01
3.029685616493225098e-01
3.506901264190673828e-01
3.612363040447235107e-01
4.378431141376495361e-01
3.523279726505279541e-01
2.272340804338455200e-01
4.031397402286529541e-01
4.003320336341857910e-01
3.555904328823089600e-01
3.121534883975982666e-01
3.496807813644409180e-01
3.621137440204620361e-01
3.023968040943145752e-01
5.169762969017028809e-01
3.396888375282287598e-01
4.814535677433013916e-01
2.637440264225006104e-01
3.288623690605163574e-01
3.842952549457550049e-01
1.024908795952796936e-01
3.212516307830810547e-01
2.569902539253234863e-01
2.109963595867156982e-01
3.472666442394256592e-01
4.733127653598785400e-01
3.928985595703125000e-01
3.930072784423828125e-01
3.493182659149169922e-01
3.517934381961822510e-01
2.443517446517944336e-01
4.164730906486511230e-01
4.496469199657440186e-01
3.475288152694702148e-01
3.472210466861724854e-01
3.368314504623413086e-01
3.051474094390869141e-01
3.240116238594055176e-01
3.904371857643127441e-01
3.359278142452239990e-01
3.608432412147521973e-01
4.422185122966766357e-01
3.945700228214263916e-01
4.130552113056182861e-01
1.941403150558471680e-01
3.738999962806701660e-01
2.811408042907714844e-01
2.616901993751525879e-01
2.174312472343444824e-01
3.795811235904693604e-01
3.389931917190551758e-01
3.319668471813201904e-01
3.597027361392974854e-01
4.294782876968383789e-01
4.160223603248596191e-01
3.292680680751800537e-01
4.050296247005462646e-01
3.701795339584350586e-01
3.868667185306549072e-01
3.224792480468750000e-01
3.558301627635955811e-01
4.746524393558502197e-01
8.058855682611465454e-02
3.698869347572326660e-01
2.882229089736938477e-01
2.770590484142303467e-01
3.411055505275726318e-01
2.712586522102355957e-01
2.694459557533264160e-01
3.424450457096099854e-01
2.908877134323120117e-01
2.760917544364929199e-01
3.741213977336883545e-01
4.249885976314544678e-01
2.275184988975524902e-01
3.285325467586517334e-01
3.860540986061096191e-01
3.069702386856079102e-01
4.176406264305114746e-01
4.213616847991943359e-01
4.216687381267547607e-01
3.359616994857788086e-01
3.469869196414947510e-01
1.506267786026000977e-01
2.574275135993957520e-01
3.806040585041046143e-01
3.186692297458648682e-01
2.871925234794616699e-01
3.366061151027679443e-01
3.945797085762023926e-01
3.678779304027557373e-01
3.483763337135314941e-01
1.559776216745376587e-01
3.568880259990692139e-01
3.227505683898925781e-01
3.726946711540222168e-01
3.734430670738220215e-01
3.643371164798736572e-01
3.583669662475585938e-01
3.804338276386260986e-01
3.907425403594970703e-01
2.857491970062255859e-01
4.476692676544189453e-01
3.002842664718627930e-01
3.618821203708648682e-01
2.765537202358245850e-01
3.534665405750274658e-01
4.429941475391387939e-01
4.630731046199798584e-01
4.213590919971466064e-01
2.905403673648834229e-01
3.107267022132873535e-01
2.994666993618011475e-01
3.808289766311645508e-01
2.763489484786987305e-01
3.920074999332427979e-01
2.398024350404739380e-01
3.245115578174591064e-01
3.787579238414764404e-01
3.569495677947998047e-01
2.371900081634521484e-01
2.034620493650436401e-01
5.386041402816772461e-01
1.276238858699798584e-01
3.159614205360412598e-01
4.655022323131561279e-01
4.174904525279998779e-01
3.561329841613769531e-01
3.264764845371246338e-01
4.128658771514892578e-01
4.463362693786621094e-01
3.281970620155334473e-01
2.657030224800109863e-01
4.865068495273590088e-01
3.921375572681427002e-01
4.874725043773651123e-01
2.948977351188659668e-01
3.792939782142639160e-01
3.350378274917602539e-01
2.964980900287628174e-01
2.708041965961456299e-01
2.104378491640090942e-01
4.316999614238739014e-01
4.026401042938232422e-01
2.343090176582336426e-01
4.045897722244262695e-01
2.724464237689971924e-01
4.058726727962493896e-01
3.855130076408386230e-01
3.777239322662353516e-01
2.905524075031280518e-01
2.799538075923919678e-01
3.763590157032012939e-01
3.372371494770050049e-01
3.808752298355102539e-01
2.566315531730651855e-01
2.843217849731445312e-01
3.731104135513305664e-01
1.982309520244598389e-01
3.596906363964080811e-01
4.315098226070404053e-01
3.221511244773864746e-01
3.119947612285614014e-01
3.647193312644958496e-01
3.338544368743896484e-01
4.461025595664978027e-01
2.234140783548355103e-01
4.150679409503936768e-01
4.238612055778503418e-01
3.947304189205169678e-01
3.250246644020080566e-01
3.284267187118530273e-01
1.449948847293853760e-01
3.330654501914978027e-01
3.839103579521179199e-01
5.229797959327697754e-01
3.120216727256774902e-01
3.915367126464843750e-01
3.819369077682495117e-01
2.928848862648010254e-01
3.004122674465179443e-01
3.872485458850860596e-01
3.960648775100708008e-01
3.715583980083465576e-01
3.754346668720245361e-01
3.162772953510284424e-01
3.097864687442779541e-01
3.798151910305023193e-01
3.949485719203948975e-01
3.663161098957061768e-01
3.375176191329956055e-01
3.798705935478210449e-01
4.165827631950378418e-01
3.431857526302337646e-01
3.050688207149505615e-01
3.694996237754821777e-01
3.094524145126342773e-01
2.480304986238479614e-01
2.800596952438354492e-01
2.814417183399200439e-01
3.241688609123229980e-01
2.645907700061798096e-01
4.344214498996734619e-01
2.698794007301330566e-01
2.807767391204833984e-01
3.812661767005920410e-01
3.214958906173706055e-01
2.876634895801544189e-01
3.655821382999420166e-01
4.401451945304870605e-01
4.392082095146179199e-01
4.874373376369476318e-01
3.908075988292694092e-01
4.214117228984832764e-01
4.321327209472656250e-01
2.962092459201812744e-01
3.746887147426605225e-01
4.232273399829864502e-01
2.750699818134307861e-01
3.809935152530670166e-01
3.729404509067535400e-01
2.619899511337280273e-01
3.420914709568023682e-01
3.710834980010986328e-01
4.205197393894195557e-01
2.563878595829010010e-01
3.876806497573852539e-01
2.884246408939361572e-01
3.479564785957336426e-01
2.779431343078613281e-01
3.645976185798645020e-01
4.322027266025543213e-01
3.448699116706848145e-01
3.301233351230621338e-01
2.452288568019866943e-01
2.003575265407562256e-01
2.965254783630371094e-01
4.162583947181701660e-01
3.436424732208251953e-01
3.413948416709899902e-01
3.338571190834045410e-01
3.414281308650970459e-01
4.155768454074859619e-01
3.766660690307617188e-01
4.168172776699066162e-01
3.964096605777740479e-01
4.465893507003784180e-01
3.591053187847137451e-01
3.280748724937438965e-01
3.339651226997375488e-01
3.654823899269104004e-01
3.853955268859863281e-01
4.226044714450836182e-01
2.907726466655731201e-01
4.054661989212036133e-01
2.599061131477355957e-01
3.676740527153015137e-01
3.601938784122467041e-01
2.992419302463531494e-01
4.416812956333160400e-01
3.205098211765289307e-01
3.430245816707611084e-01
2.911354899406433105e-01
3.796745240688323975e-01
3.549628555774688721e-01
4.174951612949371338e-01
1.967691928148269653e-01
3.970676660537719727e-01
1.834449768066406250e-01
4.333254694938659668e-01
2.319840192794799805e-01
2.449253648519515991e-01
3.948661983013153076e-01
3.144414424896240234e-01
4.158375859260559082e-01
2.801895439624786377e-01
2.911494076251983643e-01
3.221089243888854980e-01
3.549614250659942627e-01
2.650855481624603271e-01
3.761823177337646484e-01
4.084033370018005371e-01
3.497581183910369873e-01
4.445769786834716797e-01
4.772227704524993896e-01
2.766775786876678467e-01
3.044908046722412109e-01
3.433828055858612061e-01
3.044166564941406250e-01
1.990919262170791626e-01
4.601255953311920166e-01
2.916204631328582764e-01
3.073246777057647705e-01
3.311588764190673828e-01
3.703046441078186035e-01
4.027952849864959717e-01
4.122807383537292480e-01
4.591400027275085449e-01
4.504769146442413330e-01
3.537686169147491455e-01
2.585744261741638184e-01
3.357630670070648193e-01
3.872218728065490723e-01
3.962508738040924072e-01
3.058229088783264160e-01
3.775448501110076904e-01
4.434557855129241943e-01
3.229236304759979248e-01
3.444290161132812500e-01
3.501328527927398682e-01
3.753927350044250488e-01
7.108633965253829956e-02
3.711374700069427490e-01
3.642002940177917480e-01
4.546042978763580322e-01
3.530473709106445312e-01
3.640451133251190186e-01
3.444928228855133057e-01
3.282052278518676758e-01
2.903631329536437988e-01
4.596993029117584229e-01
3.648539781570434570e-01
3.503553867340087891e-01
4.634946286678314209e-01
3.703566789627075195e-01
3.643610179424285889e-01
3.291005194187164307e-01
4.362456798553466797e-01
3.897429406642913818e-01
3.698590099811553955e-01
3.822618126869201660e-01
3.343238532543182373e-01
4.840497672557830811e-01
2.639246284961700439e-01
3.663927316665649414e-01
3.034423291683197021e-01
3.924463391304016113e-01
4.020160138607025146e-01
3.656495213508605957e-01
3.647268712520599365e-01
2.843627333641052246e-01
4.049611687660217285e-01
2.380508333444595337e-01
4.153493046760559082e-01
3.611924350261688232e-01
4.011752307415008545e-01
3.453926444053649902e-01
3.250020742416381836e-01
3.498498499393463135e-01
3.532371520996093750e-01
4.438614547252655029e-01
4.319987595081329346e-01
5.448916554450988770e-01
3.671030700206756592e-01
3.180069625377655029e-01
4.023951590061187744e-01
3.623470366001129150e-01
3.110741078853607178e-01
3.114198446273803711e-01
3.927631080150604248e-01
4.002836942672729492e-01
3.905998468399047852e-01
3.895639479160308838e-01
2.733174860477447510e-01
4.025222659111022949e-01
3.521159589290618896e-01
3.636519014835357666e-01
3.926664292812347412e-01
3.606177568435668945e-01
2.849347293376922607e-01
3.918944895267486572e-01
3.643356859683990479e-01
3.193704783916473389e-01
2.679595649242401123e-01
3.604590892791748047e-01
3.520718216896057129e-01
3.248755633831024170e-01
1.932256966829299927e-01
3.865297436714172363e-01
3.320331573486328125e-01
3.129555284976959229e-01
2.743453681468963623e-01
3.988256454467773438e-01
2.664201557636260986e-01
3.510909378528594971e-01
1.846647262573242188e-01
2.737840712070465088e-01
3.648769855499267578e-01
4.002749621868133545e-01
4.213227927684783936e-01
3.853957056999206543e-01
2.220950573682785034e-01
3.095983862876892090e-01
3.182157278060913086e-01
3.568185269832611084e-01
3.332059085369110107e-01
3.997576534748077393e-01
4.577912688255310059e-01
4.066077470779418945e-01
3.284545838832855225e-01
3.531593382358551025e-01
3.921696841716766357e-01
3.101849853992462158e-01
3.431510627269744873e-01
3.669718801975250244e-01
3.545368909835815430e-01
3.954972326755523682e-01
4.101600348949432373e-01
4.173628687858581543e-01
3.654793500900268555e-01
3.516649007797241211e-01
4.361249208450317383e-01
3.538056313991546631e-01
2.820953428745269775e-01
3.959263861179351807e-01
3.536699414253234863e-01
3.596651256084442139e-01
3.430426120758056641e-01
3.588089048862457275e-01
3.646382987499237061e-01
3.157449662685394287e-01
3.608231842517852783e-01
2.878212332725524902e-01
4.540117681026458740e-01
3.198603093624114990e-01
3.232185542583465576e-01
3.420153856277465820e-01
4.399241805076599121e-01
3.924545347690582275e-01
2.438708096742630005e-01
2.475216239690780640e-01
2.678458094596862793e-01
3.399646878242492676e-01
4.502026736736297607e-01
2.827906012535095215e-01
3.553359806537628174e-01
4.080295264720916748e-01
3.767756223678588867e-01
2.762846052646636963e-01
4.317218959331512451e-01
3.237948715686798096e-01
2.705198228359222412e-01
4.158729612827301025e-01
3.316292762756347656e-01
2.739447951316833496e-01
3.781709671020507812e-01
2.735314667224884033e-01
3.694428801536560059e-01
2.905990481376647949e-01
3.630292117595672607e-01
3.893927633762359619e-01
4.194895029067993164e-01
4.429452717304229736e-01
4.630593359470367432e-01
3.467383980751037598e-01
3.776698708534240723e-01
3.833182156085968018e-01
3.481043279170989990e-01
3.000011444091796875e-01
3.689933121204376221e-01
3.427212238311767578e-01
4.326182603836059570e-01
4.401720464229583740e-01
2.642650902271270752e-01
3.379245400428771973e-01
4.472128152847290039e-01
4.478307664394378662e-01
3.398461937904357910e-01
3.063785135746002197e-01
2.760335206985473633e-01
3.124258518218994141e-01
3.691741228103637695e-01
3.086465895175933838e-01
2.918466329574584961e-01
3.414520919322967529e-01
3.913213014602661133e-01
3.008284866809844971e-01
3.589165210723876953e-01
4.504247903823852539e-01
2.384567707777023315e-01
3.795147240161895752e-01
3.441881835460662842e-01
3.334944844245910645e-01
2.951947450637817383e-01
3.671529889106750488e-01
3.691026866436004639e-01
3.238736689090728760e-01
2.611521780490875244e-01
3.419007956981658936e-01
5.363375544548034668e-01
3.218301236629486084e-01
4.016143083572387695e-01
3.813627660274505615e-01
3.417000174522399902e-01
2.906119823455810547e-01
3.745372891426086426e-01
3.488259017467498779e-01
3.047884404659271240e-01
3.172735869884490967e-01
3.122834563255310059e-01
4.066279232501983643e-01
3.141616582870483398e-01
3.599367141723632812e-01
3.179295361042022705e-01
2.820017039775848389e-01
2.927400469779968262e-01
3.380078971385955811e-01
4.031417071819305420e-01
1.972836554050445557e-01
2.042664438486099243e-01
3.782405853271484375e-01
3.262316584587097168e-01
3.348951041698455811e-01
4.279024899005889893e-01
3.206212222576141357e-01
3.878591656684875488e-01
4.125759303569793701e-01
3.031562864780426025e-01
4.354776442050933838e-01
4.919807314872741699e-01
3.383696675300598145e-01
3.665515780448913574e-01
3.506046831607818604e-01
3.032869100570678711e-01
4.002022445201873779e-01
4.160567522048950195e-01
3.849651217460632324e-01
2.557522356510162354e-01
2.979270517826080322e-01
3.114628195762634277e-01
4.323922693729400635e-01
2.881477177143096924e-01
2.775671780109405518e-01
3.690709769725799561e-01
3.309802412986755371e-01
2.990488111972808838e-01
3.873404264450073242e-01
2.230655848979949951e-01
3.114427924156188965e-01
3.280691206455230713e-01
2.481371462345123291e-01
2.629259824752807617e-01
3.211573064327239990e-01
3.438156247138977051e-01
2.188275754451751709e-01
3.475900590419769287e-01
3.425314426422119141e-01
4.254048168659210205e-01
4.513462185859680176e-01
4.332579374313354492e-01
3.473209738731384277e-01
3.168334364891052246e-01
3.166461884975433350e-01
3.228259086608886719e-01
4.200877249240875244e-01
4.156516790390014648e-01
3.186269104480743408e-01
3.540817797183990479e-01
2.857275605201721191e-01
4.304426312446594238e-01
2.985228300094604492e-01
3.519617915153503418e-01
3.740751147270202637e-01
3.692381381988525391e-01
3.390750586986541748e-01
3.341311216354370117e-01
4.134243726730346680e-01
3.583548665046691895e-01
3.048802018165588379e-01
3.494572639465332031e-01
3.311220109462738037e-01
3.703148066997528076e-01
3.749755918979644775e-01
2.312075793743133545e-01
3.866711258888244629e-01
3.605476319789886475e-01
4.386558532714843750e-01
4.078340828418731689e-01
4.132546186447143555e-01
3.802750110626220703e-01
4.178551733493804932e-01
2.241977155208587646e-01
3.778325617313385010e-01
3.883109390735626221e-01
3.547444939613342285e-01
3.729843199253082275e-01
3.655028343200683594e-01
3.935030698776245117e-01
3.688416481018066406e-01
3.982128202915191650e-01
3.718155324459075928e-01
3.858941495418548584e-01
3.656310737133026123e-01
3.821827769279479980e-01
3.776737749576568604e-01
2.944414019584655762e-01
3.531737029552459717e-01
4.161171913146972656e-01
3.206410109996795654e-01
3.814167678356170654e-01
2.831550836563110352e-01
1.913447678089141846e-01
3.506450057029724121e-01
4.434447884559631348e-01
3.174936473369598389e-01
3.802726864814758301e-01
3.282468318939208984e-01
2.667421102523803711e-01
3.332421481609344482e-01
3.067305982112884521e-01
3.521186709403991699e-01
3.761569559574127197e-01
2.929272651672363281e-01
2.729150950908660889e-01
4.135101437568664551e-01
2.346662282943725586e-01
3.913627564907073975e-01
3.306148946285247803e-01
3.296743333339691162e-01
3.632083535194396973e-01
3.436588346958160400e-01
3.078882396221160889e-01
3.748512566089630127e-01
4.093466401100158691e-01
3.110031485557556152e-01
3.175539076328277588e-01
3.837714493274688721e-01
3.253170251846313477e-01
3.821350336074829102e-01
3.436514139175415039e-01
3.253290653228759766e-01
4.489848911762237549e-01
3.935098648071289062e-01
3.451668024063110352e-01
2.536893486976623535e-01
4.363696873188018799e-01
4.093325734138488770e-01
3.144837617874145508e-01
4.528338313102722168e-01
3.108920156955718994e-01
3.877694606781005859e-01
2.781948447227478027e-01
3.412430882453918457e-01
3.621858656406402588e-01
3.737432658672332764e-01
3.928717374801635742e-01
3.808385431766510010e-01
3.471549749374389648e-01
2.674758136272430420e-01
3.874591588973999023e-01
4.304289817810058594e-01
3.535020053386688232e-01
3.727661669254302979e-01
3.287305533885955811e-01
3.384947478771209717e-01
3.306005597114562988e-01
4.087800383567810059e-01
3.279852569103240967e-01
3.066402673721313477e-01
4.397351145744323730e-01
3.510743975639343262e-01
3.870221376419067383e-01
3.332778215408325195e-01
4.454785585403442383e-01
3.849280476570129395e-01
3.651356399059295654e-01
3.513910770416259766e-01
3.380445539951324463e-01
3.571387231349945068e-01
3.661586046218872070e-01
3.624185025691986084e-01
4.330678284168243408e-01
3.793523311614990234e-01
3.058592677116394043e-01
3.890308737754821777e-01
3.758492171764373779e-01
3.876651227474212646e-01
3.519114255905151367e-01
3.234650492668151855e-01
3.698737621307373047e-01
3.212496042251586914e-01
3.114106059074401855e-01
3.715350925922393799e-01
4.407503902912139893e-01
3.090699911117553711e-01
3.816153705120086670e-01
3.451487720012664795e-01
3.200745880603790283e-01
2.786173820495605469e-01
3.079226911067962646e-01
3.099668920040130615e-01
3.430414795875549316e-01
4.250830411911010742e-01
3.650917410850524902e-01
3.956515192985534668e-01
3.803838789463043213e-01
2.456457763910293579e-01
3.306829631328582764e-01
3.428799808025360107e-01
2.878636121749877930e-01
2.659379243850708008e-01
3.802546560764312744e-01
3.108013272285461426e-01
2.924502193927764893e-01
1.898532211780548096e-01
3.279860913753509521e-01
3.471781313419342041e-01
3.222662210464477539e-01
3.607501685619354248e-01
4.155152440071105957e-01
4.158070981502532959e-01
3.860161304473876953e-01
3.983966112136840820e-01
3.149794340133666992e-01
3.545175194740295410e-01
3.756660223007202148e-01
2.387497574090957642e-01
4.146049618721008301e-01
3.797257244586944580e-01
3.032685816287994385e-01
3.737036287784576416e-01
4.884376227855682373e-01
3.518628776073455811e-01
4.371022582054138184e-01
2.410883605480194092e-01
4.205380678176879883e-01
2.547627091407775879e-01
3.968369960784912109e-01
2.921439707279205322e-01
3.872779607772827148e-01
3.075960874557495117e-01
3.885900974273681641e-01
3.599676787853240967e-01
3.525310158729553223e-01
3.251142203807830811e-01
3.363581001758575439e-01
4.444590806961059570e-01
3.716238141059875488e-01
3.991608023643493652e-01
2.562664449214935303e-01
3.371589779853820801e-01
2.405506819486618042e-01
3.626685142517089844e-01
3.296395242214202881e-01
3.856479227542877197e-01
3.553706705570220947e-01
4.116251766681671143e-01
3.444966673851013184e-01
3.968462049961090088e-01
3.264839053153991699e-01
4.096156060695648193e-01
3.271180987358093262e-01
3.239203691482543945e-01
2.536066770553588867e-01
3.056149780750274658e-01
2.524413466453552246e-01
2.263228446245193481e-01
3.041604161262512207e-01
3.317606747150421143e-01
3.434666097164154053e-01
4.043202102184295654e-01
3.307234942913055420e-01
3.238006234169006348e-01
3.538410663604736328e-01
3.022563457489013672e-01
4.785155653953552246e-01
3.919280767440795898e-01
3.569656610488891602e-01
3.938219547271728516e-01
3.468717336654663086e-01
4.116883575916290283e-01
3.966110348701477051e-01
3.494527637958526611e-01
4.162570238113403320e-01
2.336252480745315552e-01
3.719888627529144287e-01
3.926880359649658203e-01
3.596445918083190918e-01
3.766175210475921631e-01
3.059996664524078369e-01
3.222179412841796875e-01
3.999660909175872803e-01
3.626597225666046143e-01
3.425322473049163818e-01
4.059998989105224609e-01
3.725653290748596191e-01
3.143421411514282227e-01
3.272186815738677979e-01
6.003035902976989746e-01
2.696921229362487793e-01
3.395405709743499756e-01
3.899100124835968018e-01
3.173033893108367920e-01
3.049916923046112061e-01
3.413351476192474365e-01
3.821897804737091064e-01
3.335609734058380127e-01
3.504672646522521973e-01
3.420624434947967529e-01
3.112436532974243164e-01
2.941472232341766357e-01
3.491948843002319336e-01
3.596530258655548096e-01
3.735732734203338623e-01
3.414473831653594971e-01
3.989907801151275635e-01
4.248079955577850342e-01
2.605619728565216064e-01
3.217656016349792480e-01
2.899035811424255371e-01
1.951176673173904419e-01
3.275550007820129395e-01
3.926612436771392822e-01
3.563480377197265625e-01
3.744240701198577881e-01
4.077435433864593506e-01
3.910965323448181152e-01
3.816837370395660400e-01
3.566201627254486084e-01
3.198598623275756836e-01
3.239604830741882324e-01
3.285098373889923096e-01
4.180135130882263184e-01
4.075776636600494385e-01
4.527121484279632568e-01
3.343485295772552490e-01
3.401113450527191162e-01
3.308646678924560547e-01
3.828042149543762207e-01
3.502041101455688477e-01
4.258807599544525146e-01
3.563686907291412354e-01
3.347178101539611816e-01
3.622049391269683838e-01
3.499808013439178467e-01
3.382028341293334961e-01
2.924946546554565430e-01
3.394871056079864502e-01
3.190422356128692627e-01
4.346986114978790283e-01
3.758432269096374512e-01
3.481420874595642090e-01
3.252902626991271973e-01
3.782373666763305664e-01
3.608114123344421387e-01
2.710637748241424561e-01
3.255540728569030762e-01
4.074436724185943604e-01
3.481279611587524414e-01
3.158238828182220459e-01
