3.069627285003662109e-01
2.745754122734069824e-01
nan
4.522886276245117188e-01
nan
2.254236117005348206e-02
nan
nan
4.097036123275756836e-01
4.571009278297424316e-01
nan
6.598572432994842529e-02
nan
3.162961602210998535e-01
nan
2.476615458726882935e-01
nan
1.104957386851310730e-01
nan
1.488936990499496460e-01
2.727868258953094482e-01
3.162315189838409424e-01
1.300015002489089966e-01
nan
nan
nan
2.755046784877777100e-01
1.377473920583724976e-01
nan
nan
nan
3.259047567844390869e-01
-7.160317897796630859e-02
3.089750409126281738e-01
1.558298617601394653e-01
2.531161308288574219e-01
nan
nan
nan
nan
nan
nan
0.000000000000000000e+00
2.264370173215866089e-01
-7.408273965120315552e-02
-1.077267900109291077e-02
-6.683215498924255371e-01
2.796175181865692139e-01
nan
6.609867513179779053e-02
4.620075821876525879e-01
nan
2.640544474124908447e-01
nan
nan
2.596822679042816162e-01
4.784796237945556641e-01
8.675007522106170654e-02
3.162837624549865723e-01
nan
nan
2.099652541801333427e-03
2.886819243431091309e-01
2.958557605743408203e-01
1.252511739730834961e-01
nan
1.742706745862960815e-01
4.969537556171417236e-01
4.245564043521881104e-01
nan
-2.310881763696670532e-02
-1.581949889659881592e-01
nan
3.658617436885833740e-01
3.805684745311737061e-01
nan
nan
4.697579145431518555e-01
nan
nan
2.841233909130096436e-01
nan
4.397280514240264893e-01
nan
nan
nan
3.520793318748474121e-01
5.097738504409790039e-01
nan
-1.491574291139841080e-02
nan
2.572032511234283447e-01
8.044327050447463989e-02
nan
nan
nan
nan
nan
nan
3.111139237880706787e-01
1.076618358492851257e-01
1.711810678243637085e-01
4.162007868289947510e-01
2.999522686004638672e-01
-1.454820185899734497e-01
nan
-3.947216868400573730e-01
nan
nan
2.199861556291580200e-01
nan
nan
nan
5.819115042686462402e-02
nan
nan
1.523419916629791260e-01
4.355551898479461670e-01
2.438442260026931763e-01
2.073946148157119751e-01
2.596910297870635986e-01
nan
6.126083433628082275e-02
2.400117069482803345e-01
1.943336576223373413e-01
nan
3.973509967327117920e-01
3.302274644374847412e-01
nan
3.387140929698944092e-01
3.083904981613159180e-01
nan
1.655867546796798706e-01
5.589997768402099609e-01
4.424941539764404297e-01
nan
nan
1.053009703755378723e-01
nan
nan
2.778410352766513824e-02
2.281659543514251709e-01
nan
nan
1.022691279649734497e-01
nan
2.506056427955627441e-01
nan
8.268824964761734009e-02
nan
2.707710266113281250e-01
1.532177776098251343e-01
nan
2.263262271881103516e-01
nan
2.189321964979171753e-01
nan
2.155293822288513184e-01
1.005861237645149231e-01
1.146274581551551819e-01
-6.569296121597290039e-02
nan
nan
1.476873308420181274e-01
1.493021547794342041e-01
nan
nan
nan
nan
nan
nan
nan
nan
nan
-7.018470019102096558e-02
3.588923811912536621e-01
1.414680480957031250e-01
nan
1.752827316522598267e-01
nan
nan
2.523277103900909424e-01
2.957001328468322754e-01
nan
2.167463600635528564e-01
3.604590892791748047e-01
2.529622055590152740e-02
-7.443790882825851440e-02
nan
2.612116038799285889e-01
nan
3.258174657821655273e-01
nan
3.041938245296478271e-01
2.963271141052246094e-01
nan
1.133071929216384888e-01
nan
3.898108303546905518e-01
nan
nan
nan
3.031240701675415039e-01
nan
3.093047440052032471e-01
nan
nan
2.510100603103637695e-01
nan
2.989785671234130859e-01
nan
1.839928478002548218e-01
6.943489611148834229e-02
nan
nan
6.566601991653442383e-02
2.478746175765991211e-01
nan
nan
nan
3.153402209281921387e-01
1.727171242237091064e-01
2.664460837841033936e-01
-3.326189517974853516e-01
3.500836491584777832e-01
1.443431526422500610e-01
2.187942713499069214e-01
3.567446470260620117e-01
1.992040574550628662e-01
nan
2.389862090349197388e-01
1.871072687208652496e-02
nan
nan
nan
1.215457394719123840e-01
1.987944096326828003e-01
2.177581191062927246e-01
1.313171684741973877e-01
nan
nan
nan
nan
nan
nan
nan
2.117014378309249878e-01
nan
4.833805561065673828e-01
nan
nan
nan
nan
2.924392521381378174e-01
nan
3.052954375743865967e-01
nan
2.037648856639862061e-02
-2.384606599807739258e-01
nan
1.868836879730224609e-01
3.593041896820068359e-01
nan
4.171058833599090576e-01
-2.502834498882293701e-01
nan
3.169041275978088379e-01
nan
4.107248485088348389e-01
nan
2.190632373094558716e-01
nan
nan
nan
4.763701856136322021e-01
3.729259669780731201e-01
2.943785786628723145e-01
nan
nan
nan
nan
nan
7.195033878087997437e-02
nan
nan
3.100764751434326172e-01
3.351604193449020386e-02
nan
1.414424031972885132e-01
2.821234762668609619e-01
nan
2.147853076457977295e-01
3.709594905376434326e-01
2.106534987688064575e-01
nan
nan
4.003511071205139160e-01
1.109528690576553345e-01
nan
1.738369315862655640e-01
-1.700692325830459595e-01
2.847177982330322266e-01
nan
2.694107592105865479e-01
2.934233248233795166e-01
nan
nan
nan
nan
nan
-3.645585775375366211e-01
nan
nan
2.760602533817291260e-01
2.489784061908721924e-01
nan
nan
2.958376109600067139e-01
nan
-5.422709882259368896e-02
3.198738098144531250e-01
nan
-1.120941489934921265e-01
1.600364446640014648e-01
nan
2.693451046943664551e-01
2.718936502933502197e-01
nan
1.688453704118728638e-01
nan
2.214918583631515503e-01
nan
nan
nan
nan
nan
nan
nan
nan
nan
nan
nan
-1.344771236181259155e-01
3.609411716461181641e-01
4.437355399131774902e-01
nan
1.566689610481262207e-01
nan
nan
-1.186961159110069275e-01
nan
7.522374391555786133e-02
nan
nan
nan
2.179117053747177124e-01
nan
1.781194657087326050e-01
nan
nan
1.801358014345169067e-01
2.864592075347900391e-01
nan
nan
2.822778522968292236e-01
nan
nan
nan
nan
2.133627980947494507e-01
3.418637514114379883e-01
3.034893870353698730e-01
3.017795383930206299e-01
-3.187769055366516113e-01
nan
nan
2.577238976955413818e-01
3.322134613990783691e-01
nan
nan
nan
nan
2.923999428749084473e-01
4.246702790260314941e-01
nan
3.611019253730773926e-01
3.719532787799835205e-01
nan
2.278004139661788940e-01
nan
2.515521645545959473e-01
nan
nan
nan
5.711846426129341125e-02
nan
nan
3.494364321231842041e-01
nan
nan
nan
nan
nan
1.593255549669265747e-01
2.465070486068725586e-01
5.036596655845642090e-01
-9.538241475820541382e-02
2.150649875402450562e-01
4.045495986938476562e-01
3.809335231781005859e-01
nan
nan
1.707958728075027466e-01
2.970122098922729492e-01
4.087505042552947998e-01
nan
1.511318832635879517e-01
nan
nan
3.621412515640258789e-01
nan
1.946138888597488403e-01
nan
nan
nan
4.215657114982604980e-01
3.375599384307861328e-01
-1.107920482754707336e-01
-5.581077653914690018e-03
nan
nan
nan
nan
nan
3.206039071083068848e-01
1.909657716751098633e-01
nan
2.618690133094787598e-01
2.635978460311889648e-01
3.089405894279479980e-01
3.331200778484344482e-01
3.685541152954101562e-01
2.652084529399871826e-01
8.028441667556762695e-02
3.510764241218566895e-01
nan
nan
nan
nan
2.582392692565917969e-01
nan
2.005506008863449097e-01
nan
nan
nan
nan
nan
1.112614125013351440e-01
nan
3.140725791454315186e-01
4.040154814720153809e-01
1.238044351339340210e-01
nan
nan
nan
-3.946359828114509583e-02
-6.917191203683614731e-03
8.888619951903820038e-03
-2.596078515052795410e-01
3.078991174697875977e-01
1.356160789728164673e-01
2.318821400403976440e-01
nan
2.446496635675430298e-01
nan
nan
3.594902455806732178e-01
2.444863766431808472e-01
4.883636161684989929e-02
4.843257367610931396e-01
-2.070620805025100708e-01
nan
nan
3.262970149517059326e-01
nan
nan
nan
nan
nan
nan
5.156738162040710449e-01
nan
nan
-2.680309116840362549e-01
-1.480096429586410522e-01
nan
nan
2.862028777599334717e-01
nan
8.469136804342269897e-02
2.590521574020385742e-01
nan
3.478237390518188477e-01
3.033258616924285889e-01
nan
2.975556850433349609e-01
nan
nan
2.191723436117172241e-01
3.573215901851654053e-01
2.171355187892913818e-01
nan
2.419024407863616943e-01
nan
nan
6.605946272611618042e-02
nan
nan
nan
3.539020717144012451e-01
3.787923753261566162e-01
nan
3.797159194946289062e-01
-1.194885671138763428e-01
2.929079830646514893e-01
1.405745297670364380e-01
nan
nan
nan
nan
nan
3.039702475070953369e-01
2.200769484043121338e-01
4.723665490746498108e-02
2.286200970411300659e-01
4.853918775916099548e-02
2.438757717609405518e-01
3.495306074619293213e-01
4.708651602268218994e-01
-2.125850506126880646e-02
3.910554051399230957e-01
nan
nan
2.320663481950759888e-01
2.410324811935424805e-01
2.839151918888092041e-01
1.667574979364871979e-02
5.080031156539916992e-01
nan
nan
3.742364346981048584e-01
2.324434369802474976e-01
4.367911219596862793e-01
4.210249185562133789e-01
nan
nan
2.984990179538726807e-01
2.869013249874114990e-01
nan
3.865509629249572754e-01
1.442721486091613770e-01
3.501277863979339600e-01
2.340809106826782227e-01
2.333058565855026245e-01
2.558996379375457764e-01
nan
1.206989288330078125e-01
nan
-1.034951061010360718e-01
4.058697521686553955e-01
1.862773150205612183e-01
nan
nan
4.096379578113555908e-01
1.087504699826240540e-01
2.091801613569259644e-01
nan
2.965256571769714355e-01
nan
nan
6.488381326198577881e-02
nan
2.896380797028541565e-02
2.935883216559886932e-02
5.504361391067504883e-01
1.273983418941497803e-01
1.641805022954940796e-01
nan
nan
2.395436167716979980e-01
1.866091787815093994e-01
nan
1.885914653539657593e-01
4.082274138927459717e-01
3.440036475658416748e-01
2.050677388906478882e-01
2.352265119552612305e-01
nan
nan
nan
2.698672711849212646e-01
nan
nan
3.647556602954864502e-01
nan
nan
-6.238562986254692078e-02
1.403867155313491821e-01
5.499120429158210754e-02
nan
nan
3.039365112781524658e-01
1.988524049520492554e-01
nan
2.454039603471755981e-01
nan
2.505738735198974609e-01
1.248277649283409119e-01
3.373478353023529053e-01
2.098727077245712280e-01
4.256668984889984131e-01
-6.455922871828079224e-02
nan
3.764019608497619629e-01
nan
nan
nan
nan
3.845722973346710205e-01
nan
1.615244895219802856e-01
3.864974379539489746e-01
nan
1.982494145631790161e-01
3.499246537685394287e-01
nan
nan
2.107868343591690063e-01
2.074692398309707642e-01
2.061452120542526245e-01
nan
3.895084857940673828e-01
1.183492019772529602e-01
nan
1.190990880131721497e-01
nan
nan
3.901457786560058594e-01
3.955127894878387451e-01
2.623415887355804443e-01
-7.105396687984466553e-02
1.972915530204772949e-01
nan
nan
5.857431292533874512e-01
5.551490187644958496e-01
3.394843637943267822e-01
nan
nan
4.293016493320465088e-01
3.790117204189300537e-01
4.261383116245269775e-01
1.619530022144317627e-01
nan
nan
5.509254708886146545e-02
nan
3.904741257429122925e-02
nan
1.183431744575500488e-01
nan
nan
2.030783146619796753e-01
3.210967779159545898e-01
nan
3.328648805618286133e-01
nan
nan
-1.077565085142850876e-02
-1.213544830679893494e-01
nan
4.496645182371139526e-02
nan
nan
3.316774070262908936e-01
5.175017938017845154e-02
nan
3.222546875476837158e-01
nan
-3.143868744373321533e-01
nan
3.830901384353637695e-01
nan
2.304072678089141846e-01
nan
2.299024611711502075e-01
2.428664267063140869e-01
3.445817530155181885e-01
1.430519223213195801e-01
nan
nan
nan
1.232456937432289124e-01
-1.949358135461807251e-01
nan
nan
2.580640017986297607e-01
2.839071452617645264e-01
3.887652456760406494e-01
-3.747300803661346436e-02
2.431488335132598877e-01
1.754622608423233032e-01
nan
2.677919566631317139e-01
4.600228071212768555e-01
2.218993455171585083e-01
3.609212934970855713e-01
3.160593211650848389e-01
2.672944366931915283e-01
3.678704798221588135e-01
nan
nan
nan
nan
1.542130410671234131e-01
nan
3.012515306472778320e-01
nan
nan
nan
3.445661067962646484e-01
2.296956032514572144e-01
-4.201070871204137802e-03
5.991153791546821594e-02
1.763654202222824097e-01
2.443635761737823486e-01
1.209290325641632080e-01
1.644731014966964722e-01
nan
nan
1.614177078008651733e-01
4.369351565837860107e-01
3.083803653717041016e-01
1.080310195684432983e-01
3.560709059238433838e-01
nan
nan
2.255397439002990723e-01
nan
2.283510714769363403e-01
2.994765341281890869e-01
3.579422831535339355e-01
nan
1.679697483777999878e-01
nan
1.779272109270095825e-01
nan
2.337370365858078003e-01
3.367378115653991699e-01
2.516947090625762939e-01
nan
2.267357110977172852e-01
nan
6.528344750404357910e-02
2.957617342472076416e-01
nan
2.820362150669097900e-01
3.751250803470611572e-01
nan
2.604998648166656494e-01
nan
3.257634639739990234e-01
3.211314976215362549e-01
nan
3.647487461566925049e-01
1.788504719734191895e-01
nan
-7.662017643451690674e-02
nan
2.716206908226013184e-01
3.275876939296722412e-01
2.364608496427536011e-01
nan
2.449621558189392090e-01
nan
2.584000825881958008e-01
nan
2.483520507812500000e-01
nan
2.452141940593719482e-01
1.959840804338455200e-01
nan
nan
3.401969671249389648e-01
2.291237115859985352e-01
nan
9.747230261564254761e-02
4.976973682641983032e-02
1.819887608289718628e-01
3.209159672260284424e-01
1.422125250101089478e-01
-6.900645494461059570e-01
2.362671345472335815e-01
1.792318522930145264e-01
nan
3.611929416656494141e-01
nan
2.436391264200210571e-01
1.448077559471130371e-01
2.742797136306762695e-01
2.283853143453598022e-01
2.900803983211517334e-01
2.676997482776641846e-01
nan
1.557405889034271240e-01
2.954588830471038818e-01
nan
2.592182457447052002e-01
4.256007373332977295e-01
2.848999798297882080e-01
nan
4.035570621490478516e-01
2.376439869403839111e-01
nan
2.656440436840057373e-01
nan
2.314214855432510376e-01
1.406575143337249756e-01
4.378567039966583252e-01
3.054017126560211182e-01
8.394066989421844482e-02
1.948115825653076172e-01
nan
2.815254330635070801e-01
2.460537254810333252e-01
1.664534807205200195e-01
1.396613195538520813e-02
2.218158692121505737e-01
2.727792263031005859e-01
3.749515712261199951e-01
1.911342740058898926e-01
nan
2.048774957656860352e-01
nan
1.936795413494110107e-01
4.263107776641845703e-01
1.246153041720390320e-01
3.660831600427627563e-02
1.076363027095794678e-01
nan
2.464854121208190918e-01
1.954709738492965698e-01
-4.180517196655273438e-01
2.490565478801727295e-01
3.279387354850769043e-01
2.410493046045303345e-01
2.929179966449737549e-01
2.342865318059921265e-01
4.777543544769287109e-01
nan
2.350105196237564087e-01
2.243718355894088745e-01
1.945942789316177368e-01
4.101172685623168945e-01
3.731860816478729248e-01
nan
3.228586614131927490e-01
nan
2.952419221401214600e-01
3.294031620025634766e-01
2.775606513023376465e-01
2.753036022186279297e-01
4.349008798599243164e-01
2.348126024007797241e-01
nan
2.058819979429244995e-01
nan
2.981396913528442383e-01
3.597680032253265381e-01
9.442740678787231445e-02
1.746081560850143433e-01
1.633904725313186646e-01
nan
nan
2.304692715406417847e-01
1.036153808236122131e-01
2.470486611127853394e-01
3.007803261280059814e-01
nan
nan
2.304348945617675781e-01
nan
1.605509668588638306e-01
nan
1.344330757856369019e-01
3.345545753836631775e-02
nan
nan
nan
-1.966075748205184937e-01
nan
1.571344286203384399e-01
nan
nan
1.850834339857101440e-01
3.262349069118499756e-01
2.401101291179656982e-01
1.955516934394836426e-01
3.565653562545776367e-01
nan
3.697332441806793213e-01
nan
2.659362554550170898e-01
2.732580006122589111e-01
3.011266887187957764e-01
2.849814891815185547e-01
4.243682622909545898e-01
2.195211648941040039e-01
-2.244596630334854126e-01
nan
nan
3.046106994152069092e-01
2.979911565780639648e-01
nan
2.714821100234985352e-01
nan
3.379789590835571289e-01
nan
nan
1.995655298233032227e-01
nan
1.773380339145660400e-01
1.929734498262405396e-01
2.252025306224822998e-01
2.780884206295013428e-01
7.579198479652404785e-02
nan
3.557991981506347656e-01
nan
2.603831887245178223e-01
nan
1.800468564033508301e-01
nan
3.117019832134246826e-01
2.074897289276123047e-01
3.050715625286102295e-01
nan
2.409599870443344116e-01
nan
2.836576104164123535e-01
2.091339081525802612e-01
3.036071956157684326e-01
-2.990298569202423096e-01
2.354297786951065063e-01
nan
3.390482962131500244e-01
3.365352153778076172e-01
nan
nan
nan
4.240210056304931641e-01
6.184362992644309998e-02
nan
nan
nan
3.340358436107635498e-01
nan
7.273004204034805298e-02
nan
2.203919887542724609e-01
5.206262469291687012e-01
2.871577143669128418e-01
2.765701711177825928e-01
3.407407104969024658e-01
2.269122600555419922e-01
2.537847161293029785e-01
nan
2.157425731420516968e-01
nan
nan
3.996254503726959229e-01
3.116196691989898682e-01
2.570437192916870117e-01
4.183096885681152344e-01
2.648142278194427490e-01
2.558960318565368652e-01
3.937641680240631104e-01
1.608942449092864990e-01
1.976189464330673218e-01
1.103730872273445129e-01
nan
nan
nan
3.197154402732849121e-01
nan
1.189504750072956085e-02
1.592077314853668213e-01
1.703577041625976562e-01
3.760396838188171387e-01
nan
3.347602784633636475e-01
2.618078589439392090e-01
1.348194479942321777e-01
-5.807851999998092651e-02
nan
2.009827941656112671e-01
1.679191291332244873e-01
2.549351751804351807e-01
1.243504434823989868e-01
1.772727817296981812e-01
3.363326191902160645e-01
4.394942820072174072e-01
nan
nan
1.498413085937500000e-01
nan
1.506221592426300049e-01
3.660607337951660156e-01
4.325771927833557129e-01
4.088025987148284912e-01
3.454467356204986572e-01
nan
2.923595309257507324e-01
2.120780050754547119e-01
3.023407459259033203e-01
1.706436127424240112e-01
nan
nan
2.192831933498382568e-01
2.061712592840194702e-01
3.335138559341430664e-01
1.426474303007125854e-01
nan
3.545784950256347656e-01
3.258531093597412109e-01
4.067476987838745117e-01
nan
nan
4.397646188735961914e-01
1.913035064935684204e-01
nan
nan
2.980274558067321777e-01
nan
nan
