1.826773583889007568e-01
4.398297667503356934e-01
nan
5.361065864562988281e-01
nan
8.795786648988723755e-03
nan
nan
5.273955464363098145e-01
5.211477875709533691e-01
nan
2.205153554677963257e-02
nan
5.001088380813598633e-01
nan
3.404450714588165283e-01
nan
2.358789145946502686e-01
nan
3.795850872993469238e-01
4.472544491291046143e-01
4.931673109531402588e-01
1.449948549270629883e-01
nan
nan
nan
1.586654186248779297e-01
5.798983573913574219e-02
nan
nan
nan
4.700750410556793213e-01
-1.726736426353454590e-01
4.688234031200408936e-01
9.038978070020675659e-02
1.130503490567207336e-01
nan
nan
nan
nan
nan
nan
0.000000000000000000e+00
1.151160970330238342e-01
-1.617594435811042786e-02
-1.007959991693496704e-01
-5.947546958923339844e-01
4.709591269493103027e-01
nan
-3.380719199776649475e-02
2.149368971586227417e-01
nan
4.221430122852325439e-01
nan
nan
4.977209270000457764e-01
6.571017503738403320e-01
-6.073497980833053589e-02
5.116286873817443848e-01
nan
nan
-6.744697690010070801e-02
4.795681536197662354e-01
3.990691006183624268e-01
2.872766554355621338e-01
nan
3.961117267608642578e-01
5.647750496864318848e-01
2.770628631114959717e-01
nan
2.426968663930892944e-01
-9.140706807374954224e-02
nan
5.199189186096191406e-01
5.070941448211669922e-01
nan
nan
6.329795718193054199e-01
nan
nan
4.952801167964935303e-01
nan
4.954707026481628418e-01
nan
nan
nan
4.780817031860351562e-01
6.196432709693908691e-01
nan
2.122258692979812622e-01
nan
4.840011894702911377e-01
3.064535260200500488e-01
nan
nan
nan
nan
nan
nan
5.010712742805480957e-01
6.195263564586639404e-02
-5.353548112907446921e-05
4.948039352893829346e-01
4.647151529788970947e-01
-1.348230838775634766e-01
nan
-2.652092278003692627e-01
nan
nan
4.355519711971282959e-01
nan
nan
nan
2.384500652551651001e-01
nan
nan
2.478474974632263184e-01
6.092850565910339355e-01
1.284906566143035889e-01
3.872126340866088867e-01
1.695891767740249634e-01
nan
-8.820090442895889282e-03
4.424474239349365234e-01
3.709382414817810059e-01
nan
5.777345895767211914e-01
4.909886419773101807e-01
nan
5.028831958770751953e-01
4.991219639778137207e-01
nan
3.103412389755249023e-01
5.987379550933837891e-01
5.625749826431274414e-01
nan
nan
2.862229347229003906e-01
nan
nan
6.188722699880599976e-02
3.607868403196334839e-02
nan
nan
-3.470669314265251160e-02
nan
5.450979620218276978e-02
nan
3.292908370494842529e-01
nan
4.667307436466217041e-01
3.752664327621459961e-01
nan
3.980036675930023193e-01
nan
2.089159637689590454e-01
nan
6.219739094376564026e-02
3.388973474502563477e-01
3.458750247955322266e-01
1.539120972156524658e-01
nan
nan
4.180366173386573792e-02
3.588945269584655762e-01
nan
nan
nan
nan
nan
nan
nan
nan
nan
-1.021751910448074341e-01
6.767030060291290283e-02
3.636806309223175049e-01
nan
3.652784228324890137e-01
nan
nan
4.788626432418823242e-01
4.924806952476501465e-01
nan
7.089690119028091431e-02
5.376843214035034180e-01
2.670139074325561523e-01
5.003792792558670044e-02
nan
4.403687119483947754e-01
nan
5.138065218925476074e-01
nan
4.759573042392730713e-01
3.108009994029998779e-01
nan
9.249272197484970093e-02
nan
5.560070872306823730e-01
nan
nan
nan
4.610497057437896729e-01
nan
4.172513186931610107e-01
nan
nan
4.202540814876556396e-01
nan
4.040356576442718506e-01
nan
3.642674386501312256e-01
3.644236922264099121e-01
nan
nan
2.915898263454437256e-01
3.570019900798797607e-01
nan
nan
nan
4.604156911373138428e-01
3.824736177921295166e-01
1.245434433221817017e-01
-4.083151519298553467e-01
5.117843151092529297e-01
3.904781341552734375e-01
4.453719854354858398e-01
6.538833975791931152e-01
3.410245776176452637e-01
nan
3.688588738441467285e-01
2.619057893753051758e-01
nan
nan
nan
7.043254375457763672e-02
8.328061550855636597e-02
1.493784636259078979e-01
3.360262811183929443e-01
nan
nan
nan
nan
nan
nan
nan
2.876392304897308350e-01
nan
6.584143638610839844e-01
nan
nan
nan
nan
4.759743511676788330e-01
nan
5.245522260665893555e-01
nan
3.392023742198944092e-01
-5.431937426328659058e-02
nan
3.994108140468597412e-01
5.055055022239685059e-01
nan
5.988320112228393555e-01
-1.594763994216918945e-01
nan
5.009040236473083496e-01
nan
5.289243459701538086e-01
nan
4.319935441017150879e-01
nan
nan
nan
6.296069622039794922e-01
4.839228689670562744e-01
4.966583847999572754e-01
nan
nan
nan
nan
nan
2.966367602348327637e-01
nan
nan
6.624213606119155884e-02
8.137675002217292786e-03
nan
3.529291749000549316e-01
5.054312944412231445e-01
nan
4.005700349807739258e-01
5.099964141845703125e-01
-9.951287880539894104e-03
nan
nan
5.502233505249023438e-01
-2.281404286623001099e-02
nan
3.585026860237121582e-01
-2.893774509429931641e-01
4.710781276226043701e-01
nan
4.652596712112426758e-01
4.831737577915191650e-01
nan
nan
nan
nan
nan
-3.146176636219024658e-01
nan
nan
3.976653218269348145e-01
4.194672703742980957e-01
nan
nan
4.589511156082153320e-01
nan
4.037451371550559998e-02
4.875077009201049805e-01
nan
-2.153601199388504028e-01
3.658772110939025879e-01
nan
1.995441466569900513e-01
4.760146439075469971e-01
nan
-1.666433550417423248e-02
nan
3.154554069042205811e-01
nan
nan
nan
nan
nan
nan
nan
nan
nan
nan
nan
-2.236386835575103760e-01
5.241645574569702148e-01
5.556709766387939453e-01
nan
3.984454274177551270e-01
nan
nan
-2.520062625408172607e-01
nan
-7.651967555284500122e-02
nan
nan
nan
4.502427875995635986e-01
nan
4.458450376987457275e-01
nan
nan
8.182607591152191162e-02
4.293199181556701660e-01
nan
nan
1.768129169940948486e-01
nan
nan
nan
nan
4.225899279117584229e-01
1.748389154672622681e-01
4.666973352432250977e-01
5.449032783508300781e-01
-4.282460212707519531e-01
nan
nan
4.889130890369415283e-01
1.318036019802093506e-01
nan
nan
nan
nan
5.250031352043151855e-01
5.860902070999145508e-01
nan
4.935538470745086670e-01
4.882970154285430908e-01
nan
3.987395763397216797e-01
nan
4.441339373588562012e-01
nan
nan
nan
-1.263718307018280029e-01
nan
nan
4.698795080184936523e-01
nan
nan
nan
nan
nan
5.132335796952247620e-02
4.523562788963317871e-01
6.340549588203430176e-01
-1.893627792596817017e-01
3.510923385620117188e-01
5.092527270317077637e-01
1.379643380641937256e-01
nan
nan
4.426410198211669922e-01
5.043576359748840332e-01
5.677210688591003418e-01
nan
3.092139661312103271e-01
nan
nan
4.765613675117492676e-01
nan
3.637669384479522705e-01
nan
nan
nan
5.628491640090942383e-01
4.634045660495758057e-01
-2.152240872383117676e-01
2.131708860397338867e-01
nan
nan
nan
nan
nan
4.612474739551544189e-01
3.736743330955505371e-01
nan
4.933136701583862305e-01
5.127742886543273926e-01
4.929091930389404297e-01
4.288044273853302002e-01
5.275545120239257812e-01
4.426566958427429199e-01
3.042928576469421387e-01
5.363514423370361328e-01
nan
nan
nan
nan
4.992713034152984619e-01
nan
4.189330935478210449e-01
nan
nan
nan
nan
nan
3.462430834770202637e-01
nan
4.545788168907165527e-01
5.512664318084716797e-01
3.944601118564605713e-01
nan
nan
nan
2.618879377841949463e-01
-1.593750119209289551e-01
5.073229968547821045e-02
-1.622759252786636353e-01
5.094186067581176758e-01
3.461286723613739014e-01
3.926405310630798340e-01
nan
4.536389112472534180e-01
nan
nan
5.252756476402282715e-01
4.231612980365753174e-01
-1.563211381435394287e-01
5.970706939697265625e-01
-3.291209340095520020e-01
nan
nan
4.528677165508270264e-01
nan
nan
nan
nan
nan
nan
6.317294836044311523e-01
nan
nan
-2.823529839515686035e-01
-2.901355624198913574e-01
nan
nan
4.784545004367828369e-01
nan
1.974165439605712891e-01
4.466088116168975830e-01
nan
5.494385957717895508e-01
4.947722330689430237e-02
nan
4.292388558387756348e-01
nan
nan
4.009969830513000488e-01
5.143686532974243164e-01
3.960380852222442627e-01
nan
3.574360907077789307e-01
nan
nan
1.696614921092987061e-01
nan
nan
nan
4.799988567829132080e-01
5.152319669723510742e-01
nan
4.254289269447326660e-01
-2.818855345249176025e-01
4.748796820640563965e-01
4.306592643260955811e-01
nan
nan
nan
nan
nan
3.815704584121704102e-01
3.391947448253631592e-01
3.333296775817871094e-01
3.970969319343566895e-01
3.363639712333679199e-01
4.732386171817779541e-01
4.959955811500549316e-01
5.521928668022155762e-01
1.137422174215316772e-01
5.657329559326171875e-01
nan
nan
3.729676604270935059e-01
4.868540465831756592e-01
4.634378850460052490e-01
2.475876659154891968e-01
6.034519076347351074e-01
nan
nan
5.277467370033264160e-01
3.819862008094787598e-01
6.090906858444213867e-01
6.077099442481994629e-01
nan
nan
3.813576996326446533e-01
5.184339880943298340e-01
nan
5.015141367912292480e-01
3.591501116752624512e-01
5.104776024818420410e-01
4.020431041717529297e-01
4.321402013301849365e-01
4.071549773216247559e-01
nan
4.655025601387023926e-01
nan
2.098880559206008911e-01
4.922688007354736328e-01
4.296994805335998535e-01
nan
nan
5.875911116600036621e-01
2.916257381439208984e-01
3.243253827095031738e-01
nan
4.887257516384124756e-01
nan
nan
2.855158448219299316e-01
nan
3.706117570400238037e-01
-1.321947574615478516e-01
3.032274842262268066e-01
3.571574687957763672e-01
4.475933313369750977e-01
nan
nan
4.306398630142211914e-01
3.103756308555603027e-01
nan
2.369839698076248169e-01
5.377674698829650879e-01
1.489039063453674316e-01
4.347968697547912598e-01
4.309409558773040771e-01
nan
nan
nan
4.404410719871520996e-01
nan
nan
4.542441666126251221e-01
nan
nan
-2.181985378265380859e-01
2.874461710453033447e-01
4.054464399814605713e-01
nan
nan
4.868921041488647461e-01
3.090323507785797119e-01
nan
4.119175672531127930e-01
nan
4.911052286624908447e-01
3.991242051124572754e-01
4.672338962554931641e-01
4.064433574676513672e-01
5.137432813644409180e-01
-1.406397204846143723e-02
nan
5.369751453399658203e-01
nan
nan
nan
nan
5.280240178108215332e-01
nan
3.523201048374176025e-01
1.583436727523803711e-01
nan
4.260722994804382324e-01
4.569997787475585938e-01
nan
nan
4.295123815536499023e-01
3.842843174934387207e-01
4.488413333892822266e-01
nan
5.762783288955688477e-01
3.141963183879852295e-01
nan
-9.074413776397705078e-02
nan
nan
5.367265343666076660e-01
4.967777431011199951e-01
4.039674699306488037e-01
1.435603350400924683e-01
4.330439567565917969e-01
nan
nan
6.917198896408081055e-01
6.677386760711669922e-01
4.701714515686035156e-01
nan
nan
5.435098409652709961e-01
5.214877128601074219e-01
5.916024446487426758e-01
4.408031702041625977e-01
nan
nan
3.255808651447296143e-01
nan
3.428507149219512939e-01
nan
2.945627868175506592e-01
nan
nan
3.482207655906677246e-01
4.759775102138519287e-01
nan
4.458329379558563232e-01
nan
nan
2.620304524898529053e-01
6.018142402172088623e-02
nan
2.553594708442687988e-01
nan
nan
4.923698604106903076e-01
2.856160402297973633e-01
nan
4.260131120681762695e-01
nan
-1.772311627864837646e-01
nan
5.694381594657897949e-01
nan
4.380580186843872070e-01
nan
4.086675941944122314e-01
4.235855042934417725e-01
5.507698655128479004e-01
2.696636021137237549e-01
nan
nan
nan
3.456308841705322266e-01
-4.179765656590461731e-02
nan
nan
4.611861407756805420e-01
4.202238023281097412e-01
5.218289494514465332e-01
1.194666996598243713e-01
4.149561524391174316e-01
2.858718335628509521e-01
nan
4.306516051292419434e-01
5.393542647361755371e-01
4.368937909603118896e-01
4.169170260429382324e-01
4.376515746116638184e-01
4.637097418308258057e-01
5.275180339813232422e-01
nan
nan
nan
nan
4.040939509868621826e-01
nan
4.350309967994689941e-01
nan
nan
nan
5.400560498237609863e-01
4.025402963161468506e-01
2.590525448322296143e-01
3.620566427707672119e-01
2.952237725257873535e-01
4.083022773265838623e-01
3.090916574001312256e-01
2.945037484169006348e-01
nan
nan
3.574959337711334229e-01
6.108754873275756836e-01
4.732412397861480713e-01
3.555026054382324219e-01
5.322279930114746094e-01
nan
nan
4.346257150173187256e-01
nan
3.655069470405578613e-01
4.376003742218017578e-01
5.711289048194885254e-01
nan
3.627788722515106201e-01
nan
2.945041954517364502e-01
nan
4.480594098567962646e-01
5.304580926895141602e-01
4.331105947494506836e-01
nan
4.041104912757873535e-01
nan
1.280181705951690674e-01
4.897358417510986328e-01
nan
3.915312886238098145e-01
5.550425648689270020e-01
nan
4.574229717254638672e-01
nan
4.530103206634521484e-01
4.287777245044708252e-01
nan
4.417575299739837646e-01
1.380643695592880249e-01
nan
6.722314655780792236e-02
nan
4.562580287456512451e-01
4.819283187389373779e-01
4.247938096523284912e-01
nan
3.531436622142791748e-01
nan
4.671128094196319580e-01
nan
4.434041082859039307e-01
nan
4.015053808689117432e-01
3.624355494976043701e-01
nan
nan
5.103195905685424805e-01
4.045608639717102051e-01
nan
3.210648000240325928e-01
3.568973839282989502e-01
1.827350556850433350e-01
5.370082855224609375e-01
3.080759346485137939e-01
-6.431446075439453125e-01
4.472127258777618408e-01
3.053994476795196533e-01
nan
5.526399612426757812e-01
nan
4.569733142852783203e-01
3.691460490226745605e-01
4.227433502674102783e-01
4.312085509300231934e-01
4.587185978889465332e-01
4.974792003631591797e-01
nan
2.567880749702453613e-01
4.274370968341827393e-01
nan
4.453911185264587402e-01
4.333250224590301514e-01
4.967496693134307861e-01
nan
4.530178010463714600e-01
4.313602447509765625e-01
nan
4.355199635028839111e-01
nan
3.852938711643218994e-01
2.887081503868103027e-01
5.665210485458374023e-01
5.153093338012695312e-01
2.982962727546691895e-01
3.454284965991973877e-01
nan
4.328077137470245361e-01
3.997536897659301758e-01
3.116694986820220947e-01
2.901073098182678223e-01
4.752150177955627441e-01
4.345568716526031494e-01
4.271905720233917236e-01
3.642429411411285400e-01
nan
4.493393599987030029e-01
nan
3.684987723827362061e-01
5.576488971710205078e-01
3.136840462684631348e-01
-2.154723405838012695e-01
3.322356343269348145e-01
nan
4.823465049266815186e-01
3.352499008178710938e-01
-4.129187762737274170e-01
5.021033883094787598e-01
4.226302802562713623e-01
3.901032805442810059e-01
4.923855662345886230e-01
4.544706046581268311e-01
6.221112608909606934e-01
nan
4.125008583068847656e-01
3.809555470943450928e-01
-9.322088956832885742e-02
5.697990059852600098e-01
4.964994490146636963e-01
nan
4.652098119258880615e-01
nan
4.632952809333801270e-01
5.264500379562377930e-01
4.609704911708831787e-01
3.906095027923583984e-01
5.773103237152099609e-01
4.398646652698516846e-01
nan
4.032650887966156006e-01
nan
4.532902240753173828e-01
5.212408304214477539e-01
3.343404233455657959e-01
3.499672114849090576e-01
3.277145326137542725e-01
nan
nan
4.487363696098327637e-01
3.631296157836914062e-01
3.924966156482696533e-01
4.314408898353576660e-01
nan
nan
3.457996845245361328e-01
nan
4.010241925716400146e-01
nan
2.930621206760406494e-01
2.723208367824554443e-01
nan
nan
nan
4.628217592835426331e-02
nan
3.272884786128997803e-01
nan
nan
3.192691206932067871e-01
4.611715078353881836e-01
3.579538762569427490e-01
3.599212765693664551e-01
4.422378838062286377e-01
nan
5.804067850112915039e-01
nan
4.542335569858551025e-01
4.779119491577148438e-01
4.795207679271697998e-01
5.113049745559692383e-01
4.956973791122436523e-01
4.667316675186157227e-01
-3.182585537433624268e-01
nan
nan
3.915957808494567871e-01
3.740777075290679932e-01
nan
4.071111083030700684e-01
nan
4.801705479621887207e-01
nan
nan
2.965699732303619385e-01
nan
4.872708618640899658e-01
3.842107653617858887e-01
3.967917263507843018e-01
4.260197877883911133e-01
2.769526243209838867e-01
nan
4.600089490413665771e-01
nan
4.573283791542053223e-01
nan
3.284108340740203857e-01
nan
4.747567772865295410e-01
4.654669761657714844e-01
4.700965583324432373e-01
nan
4.731498062610626221e-01
nan
4.570975601673126221e-01
4.193061590194702148e-01
4.810135662555694580e-01
-3.809563815593719482e-01
3.998566269874572754e-01
nan
4.644134044647216797e-01
4.647305309772491455e-01
nan
nan
nan
4.970802664756774902e-01
2.270197272300720215e-01
nan
nan
nan
4.238233864307403564e-01
nan
2.669737935066223145e-01
nan
4.051540195941925049e-01
6.636735200881958008e-01
4.097791910171508789e-01
4.483865797519683838e-01
5.088753104209899902e-01
4.308643639087677002e-01
4.681360423564910889e-01
nan
4.198481142520904541e-01
nan
nan
5.535427331924438477e-01
4.826897978782653809e-01
3.739832639694213867e-01
6.373870372772216797e-01
4.489130675792694092e-01
4.101284742355346680e-01
4.621451795101165771e-01
3.565230667591094971e-01
3.906833827495574951e-01
2.870048582553863525e-01
nan
nan
nan
5.182913541793823242e-01
nan
2.645589113235473633e-01
3.694097399711608887e-01
2.779283225536346436e-01
5.618303418159484863e-01
nan
5.201095342636108398e-01
4.159325957298278809e-01
3.222083747386932373e-01
-2.618557512760162354e-01
nan
3.805384933948516846e-01
2.956914007663726807e-01
4.124822616577148438e-01
4.419112801551818848e-01
3.556639254093170166e-01
4.851807951927185059e-01
6.085427403450012207e-01
nan
nan
2.773133516311645508e-01
nan
3.358179330825805664e-01
4.510831832885742188e-01
3.932058215141296387e-01
5.400192141532897949e-01
4.285051226615905762e-01
nan
4.167981445789337158e-01
3.905017673969268799e-01
4.507321119308471680e-01
2.660707533359527588e-01
nan
nan
3.278771638870239258e-01
3.426495790481567383e-01
5.123502612113952637e-01
3.814535737037658691e-01
nan
4.952763915061950684e-01
5.056270956993103027e-01
5.527070164680480957e-01
nan
nan
5.639232993125915527e-01
3.418314754962921143e-01
nan
nan
4.177958369255065918e-01
nan
nan
