4.199749529361724854e-01
3.518481850624084473e-01
3.704180419445037842e-01
3.295532464981079102e-01
3.807650506496429443e-01
4.239340722560882568e-01
4.579963982105255127e-01
3.604438304901123047e-01
3.330908417701721191e-01
3.307165205478668213e-01
4.276892542839050293e-01
3.923868834972381592e-01
4.275914132595062256e-01
3.830960392951965332e-01
3.965746462345123291e-01
3.205100595951080322e-01
3.515357971191406250e-01
3.226183354854583740e-01
3.671810925006866455e-01
3.588292002677917480e-01
3.507464528083801270e-01
3.438336253166198730e-01
4.115151464939117432e-01
4.092194437980651855e-01
4.183943271636962891e-01
4.125101268291473389e-01
4.253212511539459229e-01
4.160593748092651367e-01
3.873636424541473389e-01
4.372688233852386475e-01
3.751793801784515381e-01
3.711306750774383545e-01
4.426056146621704102e-01
3.407835662364959717e-01
4.429427087306976318e-01
3.613417446613311768e-01
4.093205928802490234e-01
3.506625592708587646e-01
4.394069314002990723e-01
4.218031167984008789e-01
4.542929232120513916e-01
4.192178547382354736e-01
3.845141530036926270e-01
4.070924222469329834e-01
3.909416496753692627e-01
4.045232534408569336e-01
4.340300261974334717e-01
3.879262506961822510e-01
3.871234357357025146e-01
4.061850011348724365e-01
3.710774183273315430e-01
4.541761875152587891e-01
3.165478408336639404e-01
3.662534654140472412e-01
4.456483721733093262e-01
4.197846949100494385e-01
3.733022511005401611e-01
3.638814091682434082e-01
3.611721098423004150e-01
4.728578627109527588e-01
4.013112485408782959e-01
3.928957283496856689e-01
3.363435566425323486e-01
3.160092532634735107e-01
3.971818983554840088e-01
4.019450247287750244e-01
3.721587061882019043e-01
3.715608417987823486e-01
3.999485671520233154e-01
4.003244936466217041e-01
3.714030981063842773e-01
4.214300513267517090e-01
3.902134895324707031e-01
3.722364902496337891e-01
3.772077560424804688e-01
4.338358938694000244e-01
3.861917555332183838e-01
3.764279484748840332e-01
4.424945712089538574e-01
3.896245658397674561e-01
3.729538917541503906e-01
4.567953944206237793e-01
3.401016891002655029e-01
3.834027051925659180e-01
4.190642237663269043e-01
3.968924582004547119e-01
3.470771312713623047e-01
4.023214280605316162e-01
4.053651988506317139e-01
3.592172563076019287e-01
3.693121969699859619e-01
3.498587310314178467e-01
3.371784687042236328e-01
4.621505439281463623e-01
4.087107479572296143e-01
3.966592252254486084e-01
3.776438534259796143e-01
3.900448977947235107e-01
4.251798391342163086e-01
3.458204269409179688e-01
4.169216752052307129e-01
4.333692789077758789e-01
3.189547359943389893e-01
3.844279944896697998e-01
4.547200798988342285e-01
3.860306441783905029e-01
4.714905619621276855e-01
3.918223977088928223e-01
4.215480089187622070e-01
3.853622674942016602e-01
4.035844504833221436e-01
3.626318573951721191e-01
4.257978200912475586e-01
4.226922690868377686e-01
4.528854787349700928e-01
4.564224779605865479e-01
3.625221252441406250e-01
3.545361459255218506e-01
3.968518972396850586e-01
3.335754871368408203e-01
4.410510659217834473e-01
3.837032616138458252e-01
4.007622599601745605e-01
3.780564367771148682e-01
3.480194807052612305e-01
3.586159348487854004e-01
3.736608922481536865e-01
3.629359900951385498e-01
4.300150871276855469e-01
3.849326074123382568e-01
3.593926429748535156e-01
4.161838293075561523e-01
3.590694665908813477e-01
3.770410120487213135e-01
3.383505642414093018e-01
4.101218581199645996e-01
3.962424695491790771e-01
3.367445766925811768e-01
4.461995661258697510e-01
3.972683250904083252e-01
3.915856182575225830e-01
4.388700723648071289e-01
3.555330932140350342e-01
4.039749205112457275e-01
3.853423893451690674e-01
3.897844552993774414e-01
3.733954429626464844e-01
4.177865982055664062e-01
3.812366127967834473e-01
4.094819724559783936e-01
3.890505433082580566e-01
3.522317707538604736e-01
4.567138850688934326e-01
3.427443206310272217e-01
4.147376120090484619e-01
3.409451544284820557e-01
4.285358190536499023e-01
4.221564829349517822e-01
3.938527107238769531e-01
3.916722536087036133e-01
3.397334516048431396e-01
4.385957717895507812e-01
4.439405202865600586e-01
3.912703990936279297e-01
3.260031342506408691e-01
4.087483882904052734e-01
4.090637564659118652e-01
4.504427015781402588e-01
4.258479773998260498e-01
4.038802385330200195e-01
4.322329759597778320e-01
4.243853390216827393e-01
3.916267454624176025e-01
3.666741251945495605e-01
3.918365538120269775e-01
3.784118592739105225e-01
3.724869489669799805e-01
4.108731746673583984e-01
3.518288433551788330e-01
3.941161632537841797e-01
4.174436330795288086e-01
3.711469173431396484e-01
3.741677999496459961e-01
3.812076747417449951e-01
4.131659567356109619e-01
3.492285311222076416e-01
3.414599299430847168e-01
4.040650129318237305e-01
4.147542715072631836e-01
3.290226757526397705e-01
3.952320814132690430e-01
3.657677173614501953e-01
3.643457591533660889e-01
3.688406348228454590e-01
3.440221846103668213e-01
4.149871766567230225e-01
3.846430778503417969e-01
3.822087943553924561e-01
3.718951344490051270e-01
3.765755295753479004e-01
4.039230346679687500e-01
4.249579012393951416e-01
3.709996342658996582e-01
3.807465136051177979e-01
3.503254055976867676e-01
3.550239801406860352e-01
4.286042749881744385e-01
3.392459452152252197e-01
4.475887119770050049e-01
3.374158740043640137e-01
4.107403755187988281e-01
3.258953094482421875e-01
4.179392755031585693e-01
4.290373325347900391e-01
3.851471245288848877e-01
4.025083482265472412e-01
3.775236308574676514e-01
3.900542557239532471e-01
4.291912615299224854e-01
3.974432945251464844e-01
3.460016250610351562e-01
3.512146770954132080e-01
4.325444698333740234e-01
3.884387016296386719e-01
3.707267642021179199e-01
3.858698904514312744e-01
3.498254716396331787e-01
4.343156814575195312e-01
3.264829218387603760e-01
4.331985712051391602e-01
3.405739963054656982e-01
3.763459324836730957e-01
3.944091498851776123e-01
3.857961893081665039e-01
3.875687122344970703e-01
3.958224058151245117e-01
4.387230277061462402e-01
3.801790177822113037e-01
3.513175845146179199e-01
4.295344054698944092e-01
4.014863967895507812e-01
4.359023869037628174e-01
4.411861300468444824e-01
4.524404406547546387e-01
4.165317416191101074e-01
3.832434117794036865e-01
3.733445107936859131e-01
4.100668132305145264e-01
3.825177848339080811e-01
3.775433301925659180e-01
4.033350050449371338e-01
3.888238072395324707e-01
3.816917836666107178e-01
3.752529025077819824e-01
3.945816755294799805e-01
3.628214597702026367e-01
3.778734803199768066e-01
4.745713770389556885e-01
4.000705182552337646e-01
4.410191476345062256e-01
3.939166963100433350e-01
3.947932720184326172e-01
4.086683094501495361e-01
3.940439522266387939e-01
4.456937015056610107e-01
4.528779089450836182e-01
4.020433127880096436e-01
3.936206996440887451e-01
3.564248383045196533e-01
4.483108520507812500e-01
3.739743232727050781e-01
3.904375135898590088e-01
3.675664067268371582e-01
4.061576128005981445e-01
3.859016895294189453e-01
3.422345221042633057e-01
3.629952967166900635e-01
4.765047729015350342e-01
4.154210984706878662e-01
4.518292546272277832e-01
4.090259075164794922e-01
3.945001959800720215e-01
3.801254332065582275e-01
3.809933066368103027e-01
4.153388142585754395e-01
3.836981356143951416e-01
4.545947313308715820e-01
4.436827898025512695e-01
3.471938669681549072e-01
3.931553661823272705e-01
4.032070934772491455e-01
3.447540104389190674e-01
3.717041611671447754e-01
3.967263102531433105e-01
4.391137659549713135e-01
4.234735369682312012e-01
4.012711644172668457e-01
4.129077196121215820e-01
4.188253581523895264e-01
3.335249423980712891e-01
4.190978407859802246e-01
3.634453713893890381e-01
3.764911890029907227e-01
3.526546657085418701e-01
3.490518331527709961e-01
4.000355601310729980e-01
4.256497919559478760e-01
4.275910556316375732e-01
4.131377935409545898e-01
4.221511185169219971e-01
4.080232679843902588e-01
4.213590621948242188e-01
3.676175773143768311e-01
3.436558544635772705e-01
3.369465172290802002e-01
4.354349970817565918e-01
4.325383007526397705e-01
3.142720460891723633e-01
4.310918748378753662e-01
3.923754692077636719e-01
3.187424838542938232e-01
4.291891157627105713e-01
4.363139569759368896e-01
3.612101674079895020e-01
4.090170860290527344e-01
3.944230079650878906e-01
3.705811500549316406e-01
4.173877537250518799e-01
3.733059763908386230e-01
4.158580899238586426e-01
3.024413287639617920e-01
3.726637661457061768e-01
4.022048413753509521e-01
3.461122810840606689e-01
3.912489116191864014e-01
4.210209548473358154e-01
4.068742394447326660e-01
3.449438512325286865e-01
3.990435898303985596e-01
4.376536309719085693e-01
3.895128965377807617e-01
3.891859054565429688e-01
4.294594228267669678e-01
3.626603484153747559e-01
3.908163905143737793e-01
4.024534225463867188e-01
3.867931663990020752e-01
3.728322088718414307e-01
3.948720097541809082e-01
3.831974565982818604e-01
4.612215459346771240e-01
4.353047907352447510e-01
4.271156489849090576e-01
4.416543245315551758e-01
3.740597069263458252e-01
3.504222929477691650e-01
4.082932472229003906e-01
3.975376188755035400e-01
3.511856496334075928e-01
4.060544967651367188e-01
3.553260266780853271e-01
3.889217078685760498e-01
3.631981015205383301e-01
3.607822060585021973e-01
3.632877171039581299e-01
4.457727372646331787e-01
4.135319888591766357e-01
4.220823347568511963e-01
3.997346758842468262e-01
3.336885869503021240e-01
3.701170086860656738e-01
3.631030023097991943e-01
3.890770077705383301e-01
3.950461447238922119e-01
4.211084842681884766e-01
4.088876247406005859e-01
3.618308603763580322e-01
3.471832871437072754e-01
4.059680700302124023e-01
4.130761623382568359e-01
3.740727007389068604e-01
4.049477577209472656e-01
3.784543275833129883e-01
3.776836097240447998e-01
3.569398522377014160e-01
3.579275608062744141e-01
3.587945401668548584e-01
4.247221648693084717e-01
3.468030691146850586e-01
4.249368906021118164e-01
3.826808929443359375e-01
3.979583978652954102e-01
4.138278663158416748e-01
4.162313640117645264e-01
4.452842772006988525e-01
4.018878936767578125e-01
4.068884253501892090e-01
3.268694877624511719e-01
4.449449777603149414e-01
3.958975970745086670e-01
4.607415497303009033e-01
4.374078512191772461e-01
4.148667752742767334e-01
3.803350329399108887e-01
3.535561859607696533e-01
3.549085259437561035e-01
3.565312027931213379e-01
3.611747324466705322e-01
3.525016903877258301e-01
4.029862284660339355e-01
4.313960671424865723e-01
4.350764453411102295e-01
3.668438494205474854e-01
4.023414254188537598e-01
3.745681643486022949e-01
3.589244782924652100e-01
3.725048005580902100e-01
3.987599909305572510e-01
3.524348735809326172e-01
3.531750738620758057e-01
4.549018442630767822e-01
3.698990046977996826e-01
4.108791351318359375e-01
4.344224035739898682e-01
4.188635945320129395e-01
3.789893984794616699e-01
3.329259157180786133e-01
4.073756635189056396e-01
3.379480838775634766e-01
3.961474895477294922e-01
4.159500002861022949e-01
3.926865756511688232e-01
4.190559685230255127e-01
4.067119061946868896e-01
3.962508738040924072e-01
3.578745722770690918e-01
4.539206922054290771e-01
3.878148496150970459e-01
3.844213187694549561e-01
3.548685312271118164e-01
3.458072543144226074e-01
3.516615033149719238e-01
3.721035122871398926e-01
3.572912216186523438e-01
3.782998323440551758e-01
3.580621778964996338e-01
4.056710898876190186e-01
4.095983505249023438e-01
4.052346944808959961e-01
3.522316217422485352e-01
4.497116208076477051e-01
3.657578229904174805e-01
3.839119374752044678e-01
4.058153629302978516e-01
3.849686682224273682e-01
3.882226943969726562e-01
3.831531703472137451e-01
3.781326413154602051e-01
3.993843197822570801e-01
3.565957844257354736e-01
3.649376332759857178e-01
4.136135876178741455e-01
4.025541841983795166e-01
4.171915054321289062e-01
3.901463747024536133e-01
3.940474390983581543e-01
4.464492499828338623e-01
3.501491844654083252e-01
3.938700854778289795e-01
3.706400692462921143e-01
3.810212910175323486e-01
3.667083382606506348e-01
3.939816057682037354e-01
3.536265194416046143e-01
4.313044846057891846e-01
4.124255776405334473e-01
3.607165515422821045e-01
3.682422041893005371e-01
3.888263702392578125e-01
3.448342978954315186e-01
4.248328208923339844e-01
3.554274439811706543e-01
4.283786714076995850e-01
4.049259126186370850e-01
4.642450809478759766e-01
3.602111339569091797e-01
4.038188159465789795e-01
4.584024846553802490e-01
3.467654585838317871e-01
3.688704669475555420e-01
3.603157997131347656e-01
4.044382572174072266e-01
3.931097984313964844e-01
3.659978508949279785e-01
4.052514433860778809e-01
4.274352192878723145e-01
4.595919549465179443e-01
3.450334370136260986e-01
3.920719325542449951e-01
3.473155796527862549e-01
3.529382050037384033e-01
3.509029150009155273e-01
4.031446576118469238e-01
3.841407299041748047e-01
4.205133318901062012e-01
3.571201264858245850e-01
4.287835657596588135e-01
4.203062653541564941e-01
3.392844498157501221e-01
3.548228442668914795e-01
3.628029525279998779e-01
3.957426548004150391e-01
3.779956996440887451e-01
4.141163527965545654e-01
3.670388162136077881e-01
3.113250136375427246e-01
3.673068881034851074e-01
3.822222054004669189e-01
3.664504885673522949e-01
3.618268966674804688e-01
3.699450492858886719e-01
3.727497458457946777e-01
3.324442505836486816e-01
4.038964509963989258e-01
3.629050850868225098e-01
4.358480274677276611e-01
3.430035710334777832e-01
3.276375532150268555e-01
3.660482168197631836e-01
3.850659132003784180e-01
4.557456374168395996e-01
3.758062720298767090e-01
3.351331651210784912e-01
4.152323603630065918e-01
3.559664487838745117e-01
3.720791637897491455e-01
3.363056480884552002e-01
4.003697931766510010e-01
3.635889291763305664e-01
3.740945756435394287e-01
3.617433905601501465e-01
3.505625128746032715e-01
4.211404025554656982e-01
3.458915948867797852e-01
3.841450214385986328e-01
3.269231617450714111e-01
3.530292809009552002e-01
3.266063928604125977e-01
3.610678017139434814e-01
3.761302828788757324e-01
3.625742495059967041e-01
3.604283332824707031e-01
3.962277770042419434e-01
3.979558348655700684e-01
3.939406871795654297e-01
3.568141162395477295e-01
3.165358006954193115e-01
3.738966882228851318e-01
4.579356312751770020e-01
3.632175624370574951e-01
3.510541617870330811e-01
3.720213770866394043e-01
3.736444711685180664e-01
3.454815447330474854e-01
3.896528184413909912e-01
3.697544634342193604e-01
4.625568985939025879e-01
4.504241049289703369e-01
4.013258814811706543e-01
3.495172262191772461e-01
3.843441903591156006e-01
3.962123095989227295e-01
3.946416676044464111e-01
3.725297152996063232e-01
3.325994610786437988e-01
3.621525168418884277e-01
4.027203917503356934e-01
3.524191379547119141e-01
4.466115832328796387e-01
4.187455475330352783e-01
4.026846885681152344e-01
4.198592603206634521e-01
4.080877602100372314e-01
4.596090316772460938e-01
3.868312239646911621e-01
3.426499664783477783e-01
4.305645227432250977e-01
4.301669895648956299e-01
3.749397397041320801e-01
3.568652570247650146e-01
3.590597808361053467e-01
4.086579084396362305e-01
3.288684487342834473e-01
3.473611176013946533e-01
4.004960060119628906e-01
3.809604346752166748e-01
3.709776401519775391e-01
3.610040843486785889e-01
3.490403890609741211e-01
4.074087142944335938e-01
3.589855432510375977e-01
3.347364068031311035e-01
3.808793425559997559e-01
3.495346903800964355e-01
3.797241151332855225e-01
3.887212276458740234e-01
3.906344473361968994e-01
3.228989839553833008e-01
4.189564883708953857e-01
3.916702866554260254e-01
3.939917981624603271e-01
3.690697550773620605e-01
3.237755000591278076e-01
4.245908260345458984e-01
3.538928627967834473e-01
3.741562664508819580e-01
3.875313401222229004e-01
4.126487374305725098e-01
3.192721903324127197e-01
3.724716007709503174e-01
3.824962377548217773e-01
3.434371352195739746e-01
3.823483586311340332e-01
3.652473986148834229e-01
4.150575399398803711e-01
4.182023108005523682e-01
4.021399915218353271e-01
4.410512447357177734e-01
3.309061229228973389e-01
4.114652872085571289e-01
3.484696745872497559e-01
4.133635461330413818e-01
3.811540901660919189e-01
3.927377462387084961e-01
3.263358473777770996e-01
4.445190727710723877e-01
4.280647933483123779e-01
3.804778158664703369e-01
3.379176855087280273e-01
3.982363343238830566e-01
4.117087423801422119e-01
3.971610665321350098e-01
3.396569490432739258e-01
4.328383803367614746e-01
4.159940183162689209e-01
4.137798249721527100e-01
3.774121701717376709e-01
3.488146364688873291e-01
3.339551687240600586e-01
3.649391531944274902e-01
3.363651633262634277e-01
3.577259778976440430e-01
4.151640236377716064e-01
4.044545590877532959e-01
3.684003949165344238e-01
3.975364565849304199e-01
3.372614383697509766e-01
3.974785506725311279e-01
4.586983025074005127e-01
4.075365364551544189e-01
3.532736599445343018e-01
3.762444257736206055e-01
3.921382129192352295e-01
3.739185631275177002e-01
3.903483450412750244e-01
3.680721819400787354e-01
3.221190273761749268e-01
4.146923124790191650e-01
4.324627816677093506e-01
3.644990324974060059e-01
3.540638685226440430e-01
3.832097947597503662e-01
3.838670253753662109e-01
3.406481444835662842e-01
4.094501733779907227e-01
3.827114403247833252e-01
3.777084946632385254e-01
4.093225002288818359e-01
3.712037503719329834e-01
3.640366196632385254e-01
4.132728576660156250e-01
3.289492428302764893e-01
3.951469957828521729e-01
3.652572035789489746e-01
3.447817265987396240e-01
3.492202758789062500e-01
3.840033113956451416e-01
3.613144457340240479e-01
3.631551563739776611e-01
3.826521337032318115e-01
3.815425634384155273e-01
4.070491790771484375e-01
3.847324848175048828e-01
3.863624334335327148e-01
3.709111213684082031e-01
3.367634415626525879e-01
3.734258413314819336e-01
3.845349550247192383e-01
3.361768424510955811e-01
3.964779973030090332e-01
4.139629602432250977e-01
5.051237344741821289e-01
4.071593582630157471e-01
4.286088347434997559e-01
3.819397985935211182e-01
4.386011958122253418e-01
4.021244645118713379e-01
3.661080002784729004e-01
3.865381479263305664e-01
3.244704902172088623e-01
3.374538123607635498e-01
3.078284561634063721e-01
3.974095880985260010e-01
3.441948592662811279e-01
3.332910239696502686e-01
3.661641478538513184e-01
3.159808814525604248e-01
3.517685234546661377e-01
4.048233926296234131e-01
3.629135787487030029e-01
4.282432794570922852e-01
4.019921720027923584e-01
3.512935340404510498e-01
3.753695785999298096e-01
3.903457820415496826e-01
3.957099318504333496e-01
3.833616375923156738e-01
3.998617529869079590e-01
4.075494110584259033e-01
3.666404783725738525e-01
3.752816319465637207e-01
3.508568704128265381e-01
3.828242421150207520e-01
3.963282108306884766e-01
3.170535266399383545e-01
3.786245286464691162e-01
3.648262619972229004e-01
3.480134606361389160e-01
4.662020504474639893e-01
4.201729595661163330e-01
3.440470695495605469e-01
3.857577741146087646e-01
3.354220688343048096e-01
3.964954614639282227e-01
3.590534925460815430e-01
3.826118707656860352e-01
3.361510038375854492e-01
3.576096594333648682e-01
3.842562735080718994e-01
3.503215610980987549e-01
3.182559311389923096e-01
3.996082544326782227e-01
3.697616755962371826e-01
3.663870692253112793e-01
3.628023266792297363e-01
3.117762207984924316e-01
3.635663390159606934e-01
3.428989052772521973e-01
3.657616376876831055e-01
3.570451438426971436e-01
3.904204070568084717e-01
3.264511227607727051e-01
3.745371997356414795e-01
3.836660683155059814e-01
3.638838231563568115e-01
4.458748102188110352e-01
3.316600322723388672e-01
3.547819554805755615e-01
4.115048050880432129e-01
3.755736649036407471e-01
3.915802538394927979e-01
3.321484625339508057e-01
3.624217510223388672e-01
3.884122371673583984e-01
3.348274230957031250e-01
3.879598081111907959e-01
4.227833151817321777e-01
3.507852852344512939e-01
3.207544684410095215e-01
3.848111331462860107e-01
3.493641912937164307e-01
3.692084550857543945e-01
4.034956991672515869e-01
3.459995388984680176e-01
3.267323374748229980e-01
3.614755570888519287e-01
3.669252991676330566e-01
3.618367910385131836e-01
3.774115443229675293e-01
3.618177771568298340e-01
3.417638540267944336e-01
4.024108946323394775e-01
4.078579246997833252e-01
3.694856464862823486e-01
3.644202947616577148e-01
3.714930415153503418e-01
3.981127738952636719e-01
3.777520954608917236e-01
3.218973875045776367e-01
3.880876004695892334e-01
3.233995437622070312e-01
4.338487684726715088e-01
3.804477155208587646e-01
3.595334589481353760e-01
4.155933856964111328e-01
3.971453011035919189e-01
3.725488185882568359e-01
3.830973505973815918e-01
3.794891238212585449e-01
3.381220102310180664e-01
3.946325480937957764e-01
3.477751314640045166e-01
3.976378440856933594e-01
3.469448685646057129e-01
3.360041081905364990e-01
3.707429468631744385e-01
3.744054436683654785e-01
3.930210471153259277e-01
3.265303671360015869e-01
3.973659873008728027e-01
3.743810355663299561e-01
3.586664199829101562e-01
3.839320838451385498e-01
3.944624662399291992e-01
3.753351867198944092e-01
3.876652121543884277e-01
3.295262753963470459e-01
3.387464880943298340e-01
3.745740652084350586e-01
4.104343354701995850e-01
3.684180974960327148e-01
3.417715728282928467e-01
3.664544522762298584e-01
3.188244998455047607e-01
3.536810278892517090e-01
3.310892581939697266e-01
3.610573410987854004e-01
4.153229594230651855e-01
3.612455427646636963e-01
4.046902060508728027e-01
3.400967717170715332e-01
4.251050949096679688e-01
3.704784810543060303e-01
4.018173813819885254e-01
3.141565918922424316e-01
3.516944050788879395e-01
3.234975337982177734e-01
3.554939925670623779e-01
3.554608225822448730e-01
3.482851386070251465e-01
3.888570070266723633e-01
3.386527597904205322e-01
3.718085289001464844e-01
3.887856602668762207e-01
3.397958576679229736e-01
3.545095622539520264e-01
3.570041358470916748e-01
3.779087662696838379e-01
3.615323901176452637e-01
3.972834050655364990e-01
3.277370333671569824e-01
3.690107464790344238e-01
3.914911150932312012e-01
3.655188679695129395e-01
3.516423404216766357e-01
3.751556575298309326e-01
3.509184718132019043e-01
3.850626647472381592e-01
3.686930239200592041e-01
3.708615899085998535e-01
3.783705532550811768e-01
3.626278936862945557e-01
3.770773410797119141e-01
3.713608384132385254e-01
3.649978637695312500e-01
3.572531342506408691e-01
4.037409126758575439e-01
3.429422676563262939e-01
3.351738452911376953e-01
3.804262876510620117e-01
3.337768614292144775e-01
3.606314063072204590e-01
4.341393709182739258e-01
3.770289123058319092e-01
3.625597357749938965e-01
3.954889774322509766e-01
3.459948003292083740e-01
3.457534015178680420e-01
3.558225631713867188e-01
3.728214204311370850e-01
3.318854868412017822e-01
4.427068531513214111e-01
3.894128501415252686e-01
3.489470481872558594e-01
3.329656124114990234e-01
3.839383721351623535e-01
4.023148417472839355e-01
4.030368626117706299e-01
4.193074703216552734e-01
3.246572017669677734e-01
4.090926647186279297e-01
3.387651741504669189e-01
3.956584930419921875e-01
3.440307974815368652e-01
3.346157073974609375e-01
3.659504652023315430e-01
3.378641009330749512e-01
3.471524715423583984e-01
3.730147778987884521e-01
3.892910778522491455e-01
3.884381353855133057e-01
3.883759975433349609e-01
3.513901233673095703e-01
3.778004944324493408e-01
3.861588537693023682e-01
3.751822113990783691e-01
3.627423048019409180e-01
3.618449568748474121e-01
3.580498993396759033e-01
3.974624872207641602e-01
3.868872821331024170e-01
4.096812605857849121e-01
3.346369862556457520e-01
3.935841023921966553e-01
3.241045475006103516e-01
3.676759600639343262e-01
3.687984049320220947e-01
4.178234934806823730e-01
3.541351556777954102e-01
3.656599521636962891e-01
3.623418509960174561e-01
4.053382873535156250e-01
3.450992703437805176e-01
3.351086676120758057e-01
3.825291991233825684e-01
3.569712340831756592e-01
3.829816877841949463e-01
3.598262071609497070e-01
3.521717488765716553e-01
3.432055413722991943e-01
3.733398020267486572e-01
3.351983129978179932e-01
3.873943388462066650e-01
3.392569422721862793e-01
3.812006115913391113e-01
3.515073955059051514e-01
3.746662735939025879e-01
3.759257793426513672e-01
4.249634742736816406e-01
3.638363480567932129e-01
4.093537628650665283e-01
3.797334134578704834e-01
3.531873822212219238e-01
3.637456595897674561e-01
3.586644530296325684e-01
3.585387468338012695e-01
3.838592469692230225e-01
3.598623871803283691e-01
3.760218024253845215e-01
3.864631354808807373e-01
3.379901051521301270e-01
3.323359787464141846e-01
4.075918495655059814e-01
3.418796956539154053e-01
3.738180100917816162e-01
3.155190646648406982e-01
4.003131687641143799e-01
3.580746352672576904e-01
3.573378622531890869e-01
3.696021139621734619e-01
3.874491155147552490e-01
3.481656908988952637e-01
3.567833304405212402e-01
3.617701530456542969e-01
3.462283015251159668e-01
3.735695183277130127e-01
3.756525516510009766e-01
3.398710489273071289e-01
3.621046543121337891e-01
3.433567881584167480e-01
3.696798980236053467e-01
3.749260902404785156e-01
3.554676771163940430e-01
3.588989675045013428e-01
3.887419998645782471e-01
3.414162099361419678e-01
3.841171860694885254e-01
3.521676659584045410e-01
3.542508482933044434e-01
3.234157860279083252e-01
4.188440144062042236e-01
3.799430429935455322e-01
3.599711358547210693e-01
3.881012499332427979e-01
3.711408972740173340e-01
3.737295269966125488e-01
3.831547498703002930e-01
2.919591069221496582e-01
3.662005066871643066e-01
3.833287060260772705e-01
3.555921316146850586e-01
3.249692022800445557e-01
3.779031038284301758e-01
3.817984461784362793e-01
3.344300985336303711e-01
4.029238224029541016e-01
3.210487961769104004e-01
3.208795785903930664e-01
4.028686583042144775e-01
3.491945862770080566e-01
3.571588993072509766e-01
3.633350133895874023e-01
3.522318005561828613e-01
3.687448203563690186e-01
3.653309345245361328e-01
3.602465987205505371e-01
3.399599492549896240e-01
3.620735704898834229e-01
3.238775432109832764e-01
3.337318003177642822e-01
3.415420651435852051e-01
3.229477703571319580e-01
3.812676668167114258e-01
3.268435299396514893e-01
3.420717716217041016e-01
3.338581323623657227e-01
3.487114310264587402e-01
3.928570151329040527e-01
3.444673418998718262e-01
3.383585214614868164e-01
3.471676409244537354e-01
3.714811503887176514e-01
3.787343800067901611e-01
3.777456581592559814e-01
3.550943434238433838e-01
3.598121106624603271e-01
3.585565090179443359e-01
3.502469956874847412e-01
3.557572960853576660e-01
3.200331628322601318e-01
3.835613727569580078e-01
3.312051892280578613e-01
3.255139887332916260e-01
3.484778404235839844e-01
4.053160548210144043e-01
