3.547218441963195801e-01
3.229452073574066162e-01
2.749251425266265869e-01
2.345268130302429199e-01
3.358200192451477051e-01
3.654018640518188477e-01
3.502249419689178467e-01
2.120676189661026001e-01
3.413993120193481445e-01
2.580414414405822754e-01
2.277727127075195312e-01
3.143966794013977051e-01
3.474548757076263428e-01
2.423398047685623169e-01
2.846591770648956299e-01
2.701775133609771729e-01
2.579760253429412842e-01
3.288389146327972412e-01
2.531955540180206299e-01
3.107601702213287354e-01
2.911067306995391846e-01
2.841755151748657227e-01
3.626337349414825439e-01
2.628344297409057617e-01
2.794637978076934814e-01
3.008660972118377686e-01
3.159505128860473633e-01
3.136948645114898682e-01
2.858498096466064453e-01
3.645755648612976074e-01
2.706210911273956299e-01
2.883400619029998779e-01
3.552617430686950684e-01
2.637457251548767090e-01
3.169216513633728027e-01
3.658555746078491211e-01
2.252794653177261353e-01
1.812033206224441528e-01
2.653483450412750244e-01
4.127967357635498047e-01
3.267647027969360352e-01
1.720510870218276978e-01
3.636268377304077148e-01
3.101583719253540039e-01
2.934471666812896729e-01
2.875049412250518799e-01
3.421932458877563477e-01
2.133538275957107544e-01
3.210422992706298828e-01
3.599390983581542969e-01
3.281971514225006104e-01
3.323044776916503906e-01
2.880683541297912598e-01
3.474499583244323730e-01
2.456713616847991943e-01
2.434920668601989746e-01
3.463973402976989746e-01
2.977885603904724121e-01
2.905490100383758545e-01
3.227368891239166260e-01
2.914982140064239502e-01
3.824768364429473877e-01
2.721314132213592529e-01
3.326663672924041748e-01
3.491469025611877441e-01
3.238549530506134033e-01
2.506602406501770020e-01
3.590032160282135010e-01
3.531764149665832520e-01
3.198611438274383545e-01
2.348709404468536377e-01
3.484359383583068848e-01
2.664709389209747314e-01
2.464536577463150024e-01
2.624368965625762939e-01
3.238109648227691650e-01
2.706696391105651855e-01
2.826322317123413086e-01
3.308838307857513428e-01
3.132456541061401367e-01
3.110139667987823486e-01
3.779334127902984619e-01
3.632200360298156738e-01
2.902810275554656982e-01
4.214886724948883057e-01
2.263296693563461304e-01
2.501636743545532227e-01
2.972432971000671387e-01
3.941797912120819092e-01
2.692242860794067383e-01
3.569307625293731689e-01
3.526769876480102539e-01
2.480706870555877686e-01
3.204052448272705078e-01
2.716201841831207275e-01
3.178120553493499756e-01
2.982542514801025391e-01
2.736612260341644287e-01
3.848771154880523682e-01
2.548629939556121826e-01
4.437489509582519531e-01
3.601378202438354492e-01
2.845709919929504395e-01
3.739810287952423096e-01
3.528745174407958984e-01
2.455781102180480957e-01
2.710914611816406250e-01
3.754219412803649902e-01
3.815984129905700684e-01
2.332778424024581909e-01
2.983404695987701416e-01
3.122522830963134766e-01
3.792937994003295898e-01
3.324791789054870605e-01
2.945001125335693359e-01
2.949701547622680664e-01
3.035773932933807373e-01
2.697132229804992676e-01
3.732213079929351807e-01
3.497067689895629883e-01
3.625828921794891357e-01
2.766318917274475098e-01
2.841759622097015381e-01
3.286118209362030029e-01
1.972167938947677612e-01
2.348839938640594482e-01
3.865081369876861572e-01
2.449303418397903442e-01
3.447426557540893555e-01
3.351330459117889404e-01
2.797674238681793213e-01
3.877745270729064941e-01
3.376604318618774414e-01
3.400160372257232666e-01
2.877529263496398926e-01
2.839963138103485107e-01
3.633339107036590576e-01
1.972646266222000122e-01
2.404901832342147827e-01
2.826919853687286377e-01
3.200151622295379639e-01
3.130489885807037354e-01
2.349959611892700195e-01
3.119616508483886719e-01
2.715710103511810303e-01
2.378897517919540405e-01
3.170458972454071045e-01
2.373484224081039429e-01
1.818426996469497681e-01
3.201372623443603516e-01
2.854810655117034912e-01
2.675385773181915283e-01
3.029530942440032959e-01
2.210830450057983398e-01
2.992384433746337891e-01
2.648781836032867432e-01
3.028900027275085449e-01
3.366754055023193359e-01
2.978782355785369873e-01
2.369583696126937866e-01
2.379709631204605103e-01
3.443460464477539062e-01
2.946953177452087402e-01
2.705241739749908447e-01
3.380061984062194824e-01
3.184704780578613281e-01
3.141148388385772705e-01
2.235849499702453613e-01
2.709418237209320068e-01
3.596473336219787598e-01
3.130721449851989746e-01
2.800661027431488037e-01
3.397692441940307617e-01
2.337138503789901733e-01
3.516772985458374023e-01
2.226167470216751099e-01
3.409281373023986816e-01
2.938052415847778320e-01
2.971323132514953613e-01
2.807281315326690674e-01
3.174860179424285889e-01
2.755479812622070312e-01
3.046648204326629639e-01
2.701630294322967529e-01
3.032970726490020752e-01
3.159555196762084961e-01
2.172887623310089111e-01
3.253404200077056885e-01
4.027651846408843994e-01
2.697354853153228760e-01
2.481845617294311523e-01
2.503396868705749512e-01
2.585247457027435303e-01
2.841252386569976807e-01
2.711937725543975830e-01
3.532345890998840332e-01
3.307090699672698975e-01
2.953215837478637695e-01
2.420427352190017700e-01
3.485257923603057861e-01
2.668365538120269775e-01
3.175983130931854248e-01
3.014124333858489990e-01
3.217971920967102051e-01
2.548424899578094482e-01
2.716609239578247070e-01
2.710751295089721680e-01
2.609540522098541260e-01
2.998653650283813477e-01
3.314242660999298096e-01
3.749541938304901123e-01
2.805053591728210449e-01
2.137270718812942505e-01
3.371466994285583496e-01
2.369093447923660278e-01
1.774934679269790649e-01
2.923045456409454346e-01
3.531352281570434570e-01
3.315032124519348145e-01
2.796937525272369385e-01
3.302346765995025635e-01
2.926883697509765625e-01
3.831874728202819824e-01
3.166696131229400635e-01
2.565298378467559814e-01
1.843986213207244873e-01
2.691630423069000244e-01
2.802686691284179688e-01
2.716285586357116699e-01
3.166246116161346436e-01
1.945361644029617310e-01
1.718763858079910278e-01
2.685530781745910645e-01
3.194354474544525146e-01
3.211269080638885498e-01
2.746033072471618652e-01
3.266536891460418701e-01
3.140236437320709229e-01
2.825615406036376953e-01
3.034834563732147217e-01
3.375582695007324219e-01
3.394861221313476562e-01
3.085252046585083008e-01
3.086965978145599365e-01
2.578612864017486572e-01
2.421244531869888306e-01
2.955586612224578857e-01
3.408678770065307617e-01
2.992236614227294922e-01
3.071250617504119873e-01
3.239048421382904053e-01
2.666497528553009033e-01
3.253001272678375244e-01
2.848491072654724121e-01
3.339701592922210693e-01
2.618070840835571289e-01
3.582615256309509277e-01
2.041900008916854858e-01
3.692684173583984375e-01
3.795639872550964355e-01
1.964421719312667847e-01
3.392987251281738281e-01
2.435301393270492554e-01
2.368456721305847168e-01
2.958474457263946533e-01
2.581243515014648438e-01
3.295277357101440430e-01
3.099254071712493896e-01
2.651921510696411133e-01
2.427310347557067871e-01
3.333120048046112061e-01
3.108188807964324951e-01
2.337239831686019897e-01
3.018617928028106689e-01
2.980777919292449951e-01
3.012467622756958008e-01
2.693195343017578125e-01
3.118966221809387207e-01
3.183046281337738037e-01
2.555633485317230225e-01
2.722848057746887207e-01
2.962489724159240723e-01
3.157509863376617432e-01
3.057904243469238281e-01
2.674612104892730713e-01
3.316010832786560059e-01
3.800042867660522461e-01
2.173553109169006348e-01
2.398700267076492310e-01
2.523441314697265625e-01
2.538366019725799561e-01
3.381180465221405029e-01
1.992707550525665283e-01
2.463150620460510254e-01
3.672366142272949219e-01
3.224099576473236084e-01
2.520380616188049316e-01
3.925170302391052246e-01
2.262564003467559814e-01
2.515200972557067871e-01
3.044114410877227783e-01
2.189679741859436035e-01
3.397285640239715576e-01
3.381753265857696533e-01
3.208028674125671387e-01
2.767948806285858154e-01
2.733184993267059326e-01
3.652957081794738770e-01
3.186137378215789795e-01
3.344736993312835693e-01
3.179988861083984375e-01
2.515526413917541504e-01
2.102624773979187012e-01
2.330885976552963257e-01
2.477760463953018188e-01
2.728461325168609619e-01
2.862739264965057373e-01
3.525397181510925293e-01
2.111244946718215942e-01
3.345116674900054932e-01
2.717202901840209961e-01
3.108818829059600830e-01
3.722600936889648438e-01
2.712259292602539062e-01
3.682320415973663330e-01
3.513925969600677490e-01
3.188831210136413574e-01
2.352166026830673218e-01
3.578514158725738525e-01
2.905358374118804932e-01
2.459826469421386719e-01
2.083111256361007690e-01
2.573900818824768066e-01
2.562141120433807373e-01
2.259704321622848511e-01
2.660284936428070068e-01
2.529550790786743164e-01
3.149912059307098389e-01
3.638713657855987549e-01
2.942421138286590576e-01
3.322235345840454102e-01
2.746655344963073730e-01
3.615454137325286865e-01
2.724573016166687012e-01
3.704468905925750732e-01
2.945080399513244629e-01
1.713775843381881714e-01
3.229470252990722656e-01
2.766555845737457275e-01
3.084743022918701172e-01
3.740987479686737061e-01
2.995090782642364502e-01
3.659856915473937988e-01
3.197990357875823975e-01
3.083481788635253906e-01
3.859967291355133057e-01
2.699660360813140869e-01
2.850458323955535889e-01
2.347203940153121948e-01
2.969655692577362061e-01
2.964506745338439941e-01
2.091824263334274292e-01
2.888567447662353516e-01
2.916447818279266357e-01
2.645129561424255371e-01
3.086861670017242432e-01
3.508309423923492432e-01
2.701649665832519531e-01
2.791493833065032959e-01
2.936398088932037354e-01
3.857507109642028809e-01
2.961632013320922852e-01
2.871245741844177246e-01
2.640437781810760498e-01
3.219414353370666504e-01
3.766406178474426270e-01
2.355723679065704346e-01
2.539703249931335449e-01
3.576017916202545166e-01
2.760654985904693604e-01
2.567677497863769531e-01
2.825519740581512451e-01
2.781991660594940186e-01
3.338724374771118164e-01
2.501623630523681641e-01
2.044565975666046143e-01
3.166957795619964600e-01
3.353955149650573730e-01
3.023347556591033936e-01
3.432889580726623535e-01
2.484914660453796387e-01
2.553633153438568115e-01
2.033698111772537231e-01
1.910412162542343140e-01
3.518084585666656494e-01
3.081231117248535156e-01
2.859662473201751709e-01
2.246010154485702515e-01
2.958250343799591064e-01
3.060817718505859375e-01
3.230724632740020752e-01
2.457272261381149292e-01
2.561959028244018555e-01
2.550852894783020020e-01
2.595510780811309814e-01
2.977306842803955078e-01
3.269201219081878662e-01
2.179280072450637817e-01
2.784426510334014893e-01
3.313579559326171875e-01
3.329484462738037109e-01
3.467068374156951904e-01
3.125837445259094238e-01
2.164198607206344604e-01
3.123295307159423828e-01
3.363818824291229248e-01
2.124590873718261719e-01
2.745065689086914062e-01
2.470264434814453125e-01
2.506296932697296143e-01
3.148456513881683350e-01
2.857922315597534180e-01
3.216089606285095215e-01
2.559289038181304932e-01
2.901746630668640137e-01
2.462274134159088135e-01
2.572376728057861328e-01
2.745651304721832275e-01
2.271135896444320679e-01
3.198921382427215576e-01
1.718604117631912231e-01
2.937055528163909912e-01
3.498620688915252686e-01
2.725129425525665283e-01
3.059087097644805908e-01
2.483389675617218018e-01
3.104112744331359863e-01
2.196471542119979858e-01
2.305983752012252808e-01
2.989764511585235596e-01
2.409646511077880859e-01
2.710369825363159180e-01
2.842355072498321533e-01
3.437562584877014160e-01
2.892895638942718506e-01
2.604745030403137207e-01
3.221130073070526123e-01
3.549894988536834717e-01
2.888487577438354492e-01
2.355597913265228271e-01
3.353879749774932861e-01
1.864693760871887207e-01
2.917777299880981445e-01
2.969730794429779053e-01
3.391099572181701660e-01
2.618467807769775391e-01
2.334133982658386230e-01
2.159927934408187866e-01
3.219926059246063232e-01
3.492534160614013672e-01
3.586179614067077637e-01
2.148000299930572510e-01
3.712957203388214111e-01
1.606214344501495361e-01
3.300709128379821777e-01
2.498131692409515381e-01
2.586874365806579590e-01
2.935632467269897461e-01
3.215961754322052002e-01
2.507182359695434570e-01
3.194190263748168945e-01
3.302865326404571533e-01
2.510395050048828125e-01
2.444742769002914429e-01
2.771928012371063232e-01
2.856588959693908691e-01
3.135169148445129395e-01
3.016695678234100342e-01
3.318745791912078857e-01
3.245862424373626709e-01
2.599278688430786133e-01
3.398116230964660645e-01
2.181874364614486694e-01
2.546615600585937500e-01
1.932784169912338257e-01
3.423384726047515869e-01
2.345175147056579590e-01
3.105576038360595703e-01
2.794279456138610840e-01
2.391568273305892944e-01
2.829555273056030273e-01
2.761204838752746582e-01
3.310940861701965332e-01
3.070390224456787109e-01
2.286569178104400635e-01
3.501671254634857178e-01
3.194414377212524414e-01
2.156201452016830444e-01
3.841827213764190674e-01
2.503247857093811035e-01
2.263593077659606934e-01
3.268763124942779541e-01
2.339477390050888062e-01
2.354620546102523804e-01
2.740552723407745361e-01
2.852145731449127197e-01
2.438528537750244141e-01
2.815725505352020264e-01
2.428732365369796753e-01
3.356745839118957520e-01
3.080169558525085449e-01
3.355818390846252441e-01
2.842727899551391602e-01
2.864216268062591553e-01
2.027492374181747437e-01
2.833778858184814453e-01
2.764178514480590820e-01
2.638424038887023926e-01
3.389455080032348633e-01
2.631424665451049805e-01
3.458377122879028320e-01
2.722653150558471680e-01
2.839177846908569336e-01
2.643457353115081787e-01
3.335746228694915771e-01
2.531709074974060059e-01
2.182711362838745117e-01
3.224525451660156250e-01
1.933114230632781982e-01
2.899100780487060547e-01
2.870882451534271240e-01
2.780412733554840088e-01
2.757984697818756104e-01
2.933261096477508545e-01
2.696603834629058838e-01
2.466443777084350586e-01
2.397964745759963989e-01
2.436676472425460815e-01
3.208878934383392334e-01
3.807494044303894043e-01
2.609882950782775879e-01
2.202847301959991455e-01
2.329931557178497314e-01
2.568810880184173584e-01
2.079223096370697021e-01
2.815731465816497803e-01
3.340162634849548340e-01
3.036750257015228271e-01
4.061963558197021484e-01
3.108817338943481445e-01
3.509513735771179199e-01
2.433536499738693237e-01
3.186545073986053467e-01
3.352245688438415527e-01
2.704359889030456543e-01
2.338012903928756714e-01
2.264386713504791260e-01
2.419106513261795044e-01
2.390176802873611450e-01
3.280277848243713379e-01
2.325124889612197876e-01
2.689608931541442871e-01
2.659154534339904785e-01
2.322431355714797974e-01
2.615621089935302734e-01
3.163377344608306885e-01
2.279900014400482178e-01
3.113994300365447998e-01
1.924965530633926392e-01
2.016270458698272705e-01
2.356177866458892822e-01
3.328197002410888672e-01
2.964943349361419678e-01
3.508769273757934570e-01
2.176361232995986938e-01
2.109802365303039551e-01
2.997550666332244873e-01
2.214841246604919434e-01
2.835245728492736816e-01
3.672365248203277588e-01
1.944188475608825684e-01
2.965801656246185303e-01
2.344605177640914917e-01
3.004932999610900879e-01
2.881253957748413086e-01
2.894936203956604004e-01
2.414842993021011353e-01
2.882290184497833252e-01
2.141743600368499756e-01
2.890718877315521240e-01
2.451554387807846069e-01
3.325584828853607178e-01
2.798928916454315186e-01
2.394388169050216675e-01
2.221769541501998901e-01
2.777569293975830078e-01
2.611288428306579590e-01
2.016256153583526611e-01
2.852272093296051025e-01
3.231874704360961914e-01
2.857004404067993164e-01
2.754516601562500000e-01
2.903529405593872070e-01
2.899123132228851318e-01
2.190530896186828613e-01
2.454453259706497192e-01
3.130268752574920654e-01
2.397856265306472778e-01
1.680550128221511841e-01
3.439259827136993408e-01
2.775483429431915283e-01
2.668853998184204102e-01
3.303095102310180664e-01
2.643840312957763672e-01
2.406658381223678589e-01
2.439270764589309692e-01
2.968857586383819580e-01
2.289373427629470825e-01
2.427611798048019409e-01
1.746683120727539062e-01
3.048124909400939941e-01
2.874009311199188232e-01
3.493857085704803467e-01
2.521842122077941895e-01
3.165565431118011475e-01
2.082838863134384155e-01
1.612545996904373169e-01
2.756842672824859619e-01
2.516751587390899658e-01
2.184590101242065430e-01
2.227125465869903564e-01
3.150471746921539307e-01
2.926819920539855957e-01
2.877015471458435059e-01
2.384900152683258057e-01
2.737723886966705322e-01
2.101416736841201782e-01
3.884741663932800293e-01
2.518789470195770264e-01
2.103960961103439331e-01
2.797583341598510742e-01
2.498059719800949097e-01
2.328779101371765137e-01
2.969157099723815918e-01
3.523673415184020996e-01
3.070956468582153320e-01
2.883022129535675049e-01
2.592869400978088379e-01
3.356961607933044434e-01
2.922545075416564941e-01
2.505808472633361816e-01
2.176716923713684082e-01
2.921599447727203369e-01
2.115026563405990601e-01
3.061505854129791260e-01
3.202863633632659912e-01
2.778750956058502197e-01
2.810541391372680664e-01
3.056825697422027588e-01
2.363463789224624634e-01
3.307657837867736816e-01
2.945666313171386719e-01
1.904152780771255493e-01
2.191662192344665527e-01
2.988993525505065918e-01
2.409070432186126709e-01
2.459573298692703247e-01
2.178081870079040527e-01
2.997312843799591064e-01
2.671204209327697754e-01
2.603767216205596924e-01
2.088020294904708862e-01
2.990326583385467529e-01
3.047539293766021729e-01
3.327119052410125732e-01
2.259408533573150635e-01
2.293778508901596069e-01
2.810028791427612305e-01
2.375932186841964722e-01
2.640869915485382080e-01
3.077657818794250488e-01
2.144435942173004150e-01
2.233619242906570435e-01
2.398237437009811401e-01
3.073453307151794434e-01
2.455459088087081909e-01
2.837232053279876709e-01
2.569105327129364014e-01
2.318089455366134644e-01
2.360003441572189331e-01
2.612511813640594482e-01
3.428028225898742676e-01
2.506185472011566162e-01
2.701081931591033936e-01
2.120306044816970825e-01
2.964085340499877930e-01
1.947119086980819702e-01
2.785240709781646729e-01
3.164112865924835205e-01
2.114368975162506104e-01
3.034269213676452637e-01
3.453198075294494629e-01
3.219535350799560547e-01
2.440320253372192383e-01
2.273620367050170898e-01
3.393000066280364990e-01
2.670867741107940674e-01
2.903029918670654297e-01
2.995597124099731445e-01
1.836887001991271973e-01
2.372158616781234741e-01
2.558764219284057617e-01
2.596513032913208008e-01
2.990690171718597412e-01
3.018915951251983643e-01
2.632057666778564453e-01
2.041606605052947998e-01
2.233316749334335327e-01
2.833396196365356445e-01
2.585388720035552979e-01
2.731702327728271484e-01
3.027634322643280029e-01
2.770962119102478027e-01
1.760491430759429932e-01
2.429149001836776733e-01
2.823046445846557617e-01
3.296272158622741699e-01
1.952731311321258545e-01
2.698112726211547852e-01
2.569400668144226074e-01
2.555994093418121338e-01
2.676088809967041016e-01
1.818437129259109497e-01
1.778773069381713867e-01
1.956212967634201050e-01
2.637297511100769043e-01
2.171302437782287598e-01
2.765882611274719238e-01
3.517324924468994141e-01
2.121630758047103882e-01
2.957284450531005859e-01
2.757866382598876953e-01
2.559655010700225830e-01
2.475961595773696899e-01
2.713516354560852051e-01
2.745960056781768799e-01
2.214717119932174683e-01
2.095292359590530396e-01
2.592058479785919189e-01
2.831600308418273926e-01
2.189157158136367798e-01
2.797378897666931152e-01
3.116854429244995117e-01
1.833491027355194092e-01
3.183991611003875732e-01
2.191354185342788696e-01
2.319549769163131714e-01
2.252353280782699585e-01
2.164456546306610107e-01
2.412580996751785278e-01
2.343703508377075195e-01
2.755083739757537842e-01
2.774493694305419922e-01
1.957865059375762939e-01
2.945756316184997559e-01
2.566450834274291992e-01
1.952763050794601440e-01
1.885062158107757568e-01
2.254981696605682373e-01
2.608806192874908447e-01
3.296674489974975586e-01
2.535166740417480469e-01
2.680313587188720703e-01
3.760708272457122803e-01
2.342955619096755981e-01
3.623294830322265625e-01
2.443147003650665283e-01
2.591245770454406738e-01
2.594367265701293945e-01
2.135116457939147949e-01
1.820120513439178467e-01
2.602408528327941895e-01
2.747877836227416992e-01
2.221938073635101318e-01
2.725811302661895752e-01
1.844960004091262817e-01
2.744589149951934814e-01
2.353086322546005249e-01
3.064205050468444824e-01
2.729665040969848633e-01
1.633516997098922729e-01
2.297791838645935059e-01
3.128763437271118164e-01
2.319977134466171265e-01
3.273019194602966309e-01
2.361629456281661987e-01
1.400253325700759888e-01
2.021023482084274292e-01
2.730698585510253906e-01
2.802209556102752686e-01
2.569900751113891602e-01
2.111562192440032959e-01
2.144227027893066406e-01
2.901990115642547607e-01
3.052954971790313721e-01
2.145688235759735107e-01
3.334434330463409424e-01
1.957362741231918335e-01
2.503446638584136963e-01
2.496305704116821289e-01
2.395589202642440796e-01
2.619832158088684082e-01
2.161477357149124146e-01
2.512227594852447510e-01
2.768792808055877686e-01
2.818523347377777100e-01
2.050640285015106201e-01
1.794908344745635986e-01
2.390015870332717896e-01
2.336639463901519775e-01
1.909817606210708618e-01
2.265706956386566162e-01
2.870685756206512451e-01
2.680981159210205078e-01
2.450524121522903442e-01
2.301079928874969482e-01
2.503642141819000244e-01
2.770841121673583984e-01
2.851277589797973633e-01
2.456932067871093750e-01
3.206008374691009521e-01
2.726538777351379395e-01
2.446440607309341431e-01
2.373990714550018311e-01
2.474645227193832397e-01
2.271053642034530640e-01
2.020828723907470703e-01
2.147266417741775513e-01
1.978560537099838257e-01
3.210653066635131836e-01
2.405091375112533569e-01
3.506581187248229980e-01
2.531783580780029297e-01
3.168034255504608154e-01
2.364590466022491455e-01
2.675262689590454102e-01
1.896497607231140137e-01
2.296143919229507446e-01
2.038547098636627197e-01
1.995927989482879639e-01
1.930328458547592163e-01
2.701798677444458008e-01
2.153687924146652222e-01
1.850934028625488281e-01
2.660771906375885010e-01
2.188125699758529663e-01
2.854710519313812256e-01
1.727474778890609741e-01
2.719396352767944336e-01
3.132031261920928955e-01
2.247262895107269287e-01
2.241440415382385254e-01
2.695720791816711426e-01
2.238712608814239502e-01
3.028253018856048584e-01
2.445069551467895508e-01
2.917962074279785156e-01
2.992818355560302734e-01
2.327586561441421509e-01
3.353287875652313232e-01
2.630805671215057373e-01
2.986330091953277588e-01
3.326196670532226562e-01
2.880124747753143311e-01
2.803080976009368896e-01
1.436909139156341553e-01
2.150720208883285522e-01
1.658558696508407593e-01
2.720897793769836426e-01
2.213659733533859253e-01
2.478451579809188843e-01
2.665237188339233398e-01
3.305257558822631836e-01
1.812678575515747070e-01
1.845393627882003784e-01
2.117361277341842651e-01
2.264430075883865356e-01
3.446474969387054443e-01
3.015661835670471191e-01
2.399729192256927490e-01
2.531981766223907471e-01
2.616427242755889893e-01
2.151685953140258789e-01
2.247528880834579468e-01
2.702579200267791748e-01
1.353904902935028076e-01
3.059194087982177734e-01
2.332011908292770386e-01
2.614208459854125977e-01
1.572434008121490479e-01
2.966880798339843750e-01
2.419672757387161255e-01
2.677236497402191162e-01
2.268887907266616821e-01
2.448571324348449707e-01
3.032203316688537598e-01
2.716074585914611816e-01
2.620077729225158691e-01
2.708680629730224609e-01
2.499874532222747803e-01
2.816817462444305420e-01
1.482840329408645630e-01
2.997850179672241211e-01
2.451433986425399780e-01
3.105074763298034668e-01
2.342046350240707397e-01
3.521471321582794189e-01
1.951510310173034668e-01
2.886681854724884033e-01
1.878650635480880737e-01
3.167401254177093506e-01
2.204222828149795532e-01
2.429535835981369019e-01
2.024215906858444214e-01
2.287678420543670654e-01
2.001746445894241333e-01
2.944114804267883301e-01
2.508412897586822510e-01
2.282538115978240967e-01
3.020412325859069824e-01
1.911949813365936279e-01
2.151928842067718506e-01
2.364088296890258789e-01
2.650536000728607178e-01
2.126000523567199707e-01
3.183891177177429199e-01
2.502754330635070801e-01
2.295303195714950562e-01
2.377366572618484497e-01
2.865214049816131592e-01
2.206054925918579102e-01
2.572329640388488770e-01
2.236669659614562988e-01
2.686542868614196777e-01
2.873527109622955322e-01
2.401584684848785400e-01
2.204792499542236328e-01
2.462116777896881104e-01
2.795645594596862793e-01
2.093647867441177368e-01
2.053927481174468994e-01
1.690465956926345825e-01
1.760548055171966553e-01
2.310434728860855103e-01
2.008939683437347412e-01
2.477248609066009521e-01
2.698807120323181152e-01
2.023896872997283936e-01
2.020171433687210083e-01
2.389796078205108643e-01
3.068302869796752930e-01
2.130814492702484131e-01
2.465865164995193481e-01
2.504936754703521729e-01
2.276151180267333984e-01
2.250023186206817627e-01
3.744541108608245850e-01
2.593263387680053711e-01
3.284851908683776855e-01
1.539672017097473145e-01
2.403318434953689575e-01
2.739051878452301025e-01
2.324343472719192505e-01
2.626586854457855225e-01
2.073193639516830444e-01
2.202430367469787598e-01
2.738372385501861572e-01
2.050344496965408325e-01
2.308552712202072144e-01
2.726414203643798828e-01
2.936787009239196777e-01
2.674738466739654541e-01
2.142986953258514404e-01
3.230901360511779785e-01
2.569572329521179199e-01
2.793548703193664551e-01
3.237065672874450684e-01
2.970075011253356934e-01
2.075734138488769531e-01
1.875401735305786133e-01
2.969419360160827637e-01
2.153061330318450928e-01
2.536246776580810547e-01
2.817427814006805420e-01
1.932944059371948242e-01
1.491709202527999878e-01
3.183610141277313232e-01
1.856490969657897949e-01
3.294011354446411133e-01
2.708010673522949219e-01
2.257601618766784668e-01
2.355236709117889404e-01
2.503943443298339844e-01
1.926521360874176025e-01
1.947965770959854126e-01
2.473540753126144409e-01
1.856646537780761719e-01
2.079097777605056763e-01
1.799620240926742554e-01
1.738282591104507446e-01
2.653882205486297607e-01
3.085010945796966553e-01
2.149768471717834473e-01
2.089730203151702881e-01
2.239439785480499268e-01
1.909401267766952515e-01
2.750718593597412109e-01
3.246020376682281494e-01
2.444396913051605225e-01
3.038625419139862061e-01
1.832484155893325806e-01
2.177226245403289795e-01
2.007875293493270874e-01
2.350205481052398682e-01
2.213685512542724609e-01
2.610256671905517578e-01
2.262028008699417114e-01
2.490746378898620605e-01
2.663871943950653076e-01
2.388550341129302979e-01
2.560202181339263916e-01
1.832548677921295166e-01
2.404959350824356079e-01
2.276467829942703247e-01
2.541758120059967041e-01
1.997614502906799316e-01
2.186094075441360474e-01
2.138205915689468384e-01
2.612504065036773682e-01
2.292727530002593994e-01
1.684709638357162476e-01
1.992385536432266235e-01
2.139659672975540161e-01
2.256290018558502197e-01
1.794751137495040894e-01
