1.197060448325450821e+01
1.079670090006045058e+01
1.077381601750911244e+01
1.052271138079518131e+01
1.058160023435391928e+01
1.169191714645140578e+01
1.113856885611655478e+01
1.065671736794776692e+01
1.069281284626513440e+01
1.064776747167307214e+01
1.053033281888017036e+01
1.136319435750661100e+01
1.145663181470810343e+01
1.085468248038818473e+01
1.097157890491689258e+01
1.075286015199147727e+01
1.081989543769614315e+01
1.054842405716503606e+01
1.072918942904181883e+01
1.063755235973155067e+01
1.057552123557975676e+01
1.050143568102170555e+01
1.173770265561155846e+01
1.077554154770044015e+01
1.067659101835718261e+01
1.149231818306321884e+01
1.142148588652209540e+01
1.109531608897943045e+01
1.086102544996406749e+01
1.173615645720099820e+01
1.101719605458197115e+01
1.074624199673446867e+01
1.169720333672436219e+01
1.070973452419584326e+01
1.150386383287421133e+01
1.114211260633205036e+01
1.063478745534559344e+01
1.051650434142284496e+01
1.080108739015861197e+01
1.167668956042896333e+01
1.065135786040550592e+01
1.056114611881824494e+01
1.065890381952918986e+01
1.065663115059302335e+01
1.116146128618535016e+01
1.116189649375582427e+01
1.112441334190326536e+01
1.051883244012036833e+01
1.085557298134982318e+01
1.152929362126896429e+01
1.105146413726894039e+01
1.094642209362643825e+01
1.070845678128119616e+01
1.081675878136822888e+01
1.137482462443938758e+01
1.059028634699981808e+01
1.074553301952488127e+01
1.066778786046846150e+01
1.050000265851989845e+01
1.141107466084158695e+01
1.078959070352527227e+01
1.084068493979371617e+01
1.052996777412022844e+01
1.065008831101728681e+01
1.121199798037868511e+01
1.110360427179464793e+01
1.061161733006212415e+01
1.100822224959453877e+01
1.160498484554234722e+01
1.093771743724169099e+01
1.052167305040530110e+01
1.134866638454274579e+01
1.068290229664691005e+01
1.055800347522111338e+01
1.058127248838511392e+01
1.133296594496665399e+01
1.086044499405830877e+01
1.055107452856581318e+01
1.140304398551998055e+01
1.098100853044093483e+01
1.087365193513328343e+01
1.168065582126864577e+01
1.080460035099660310e+01
1.064339147438485611e+01
1.134354319354187801e+01
1.077277220612507236e+01
1.052274793716488688e+01
1.061994721416670906e+01
1.135081263788036487e+01
1.082956204351249063e+01
1.068402384595979449e+01
1.067796992257433430e+01
1.086655504396915184e+01
1.120453651065013467e+01
1.089149005008582627e+01
1.117574919387552512e+01
1.095138728519148508e+01
1.072054746524803015e+01
1.129514326729275275e+01
1.052900735803796550e+01
1.136903060554886125e+01
1.134795339877728004e+01
1.066157013769101347e+01
1.076940436565690895e+01
1.087793591234180646e+01
1.062658401543984255e+01
1.132305195161677425e+01
1.091838930833329968e+01
1.093409420866090542e+01
1.055493976653472465e+01
1.085219103348489078e+01
1.087114134412170507e+01
1.135972740242844736e+01
1.062472745320935275e+01
1.139955774251342291e+01
1.112902391099672705e+01
1.082510534365313148e+01
1.068589505150659313e+01
1.148632985428667652e+01
1.077061397148031929e+01
1.145887304837967413e+01
1.078595998715763216e+01
1.100963854900201433e+01
1.071435921559718096e+01
1.066885013632926515e+01
1.086016022527923575e+01
1.098097771958058289e+01
1.063625063207294374e+01
1.136669448647630354e+01
1.076651866288246318e+01
1.054049794388679651e+01
1.111616334033981524e+01
1.062997450046517045e+01
1.074307140653892745e+01
1.065948136783627298e+01
1.106165790045540831e+01
1.099891129753953400e+01
1.070871889971119550e+01
1.120102358206296600e+01
1.108994785064938249e+01
1.055753845758602516e+01
1.104708852895602789e+01
1.069585197201859650e+01
1.050920609511966575e+01
1.114508312839243231e+01
1.068179518534521932e+01
1.125258575585190002e+01
1.110062793435887052e+01
1.054331269839339846e+01
1.114164692502733089e+01
1.054750364331146884e+01
1.069548115945787714e+01
1.125856885353342562e+01
1.059847257591977865e+01
1.131727910508128510e+01
1.077729665237430368e+01
1.124565325426291551e+01
1.115061188069238973e+01
1.098686623956702846e+01
1.058341599727572913e+01
1.069536222566955352e+01
1.137530038590122672e+01
1.107910109869066950e+01
1.090624880821333598e+01
1.080485665228626502e+01
1.129278434657664043e+01
1.132329869687064061e+01
1.106122546784662397e+01
1.058419830525889083e+01
1.139194928880509572e+01
1.132507659566546820e+01
1.080955474468670907e+01
1.112715551084246890e+01
1.076599482038282929e+01
1.122047329542495220e+01
1.065661842855061892e+01
1.120863238078616853e+01
1.056313165724358250e+01
1.051389280720898078e+01
1.082960570646257992e+01
1.100901230411065868e+01
1.062809466958171534e+01
1.101852016166779435e+01
1.088340575008946587e+01
1.122977333485427209e+01
1.074505242100213920e+01
1.068726848583707145e+01
1.134403414339226401e+01
1.133376637831793055e+01
1.080802328271999180e+01
1.111747532933332216e+01
1.063443651029061598e+01
1.099563778497243405e+01
1.069757911418858143e+01
1.059544968120173003e+01
1.108160591142865847e+01
1.087533728454111603e+01
1.122465928023429527e+01
1.069767557991398021e+01
1.111345187799970802e+01
1.055716004161360466e+01
1.097271980070801156e+01
1.079450327684395639e+01
1.098072981356198241e+01
1.066838536637231627e+01
1.063721251189614314e+01
1.121872555135460914e+01
1.053029878622593252e+01
1.113468857231503684e+01
1.091789156020698570e+01
1.098801913311870670e+01
1.072714776269082826e+01
1.060789013336665754e+01
1.103877076670052482e+01
1.089866705599013486e+01
1.055363546240419481e+01
1.051936017000847201e+01
1.098711595179939771e+01
1.100745281317871438e+01
1.077345215700246150e+01
1.069521739273494632e+01
1.091938772775145949e+01
1.133034306467364871e+01
1.126674179219063454e+01
1.053473450888678364e+01
1.063905337052683642e+01
1.067121576417282114e+01
1.105367829861866547e+01
1.077521355710170248e+01
1.091973879251684743e+01
1.069957095863401264e+01
1.058513421859192327e+01
1.071245036208926216e+01
1.063841113649474757e+01
1.112452983036157406e+01
1.090349610665358426e+01
1.122510239503028906e+01
1.118990131435196389e+01
1.072910210854267099e+01
1.109886486857089594e+01
1.086179377963094517e+01
1.125713487688305392e+01
1.107784566553681671e+01
1.108538707788477495e+01
1.051571509848522368e+01
1.093899720018559307e+01
1.063687535657302341e+01
1.114388336324317486e+01
1.064334483842275603e+01
1.088374439566061902e+01
1.114246927541591248e+01
1.070102696635233741e+01
1.105031912254395721e+01
1.071841194735553415e+01
1.078440395477405822e+01
1.068123055191587234e+01
1.113134082008982340e+01
1.055892139845179045e+01
1.075130683948168375e+01
1.122932361963653669e+01
1.082200042897225956e+01
1.076203297819641769e+01
1.110439597404524470e+01
1.052257859756822533e+01
1.115642278676700094e+01
1.099743114437123914e+01
1.070477800584069961e+01
1.092612088478307442e+01
1.061694210992114762e+01
1.059308845252869347e+01
1.067658291801432746e+01
1.093329132104994450e+01
1.066369619693231208e+01
1.117506425418594773e+01
1.084987910805872424e+01
1.091577966686226198e+01
1.064366244680836360e+01
1.111535890372030089e+01
1.108529647838767929e+01
1.108657208400959071e+01
1.116038221285475274e+01
1.120305682791738988e+01
1.104215145735376069e+01
1.115985586752818648e+01
1.081675584842903781e+01
1.095509365168835636e+01
1.129825471557336058e+01
1.100580041020460165e+01
1.051194648202317872e+01
1.083459976725648843e+01
1.078439868844730398e+01
1.084043597901504796e+01
1.052612284557179656e+01
1.061414994916628629e+01
1.116846546985357413e+01
1.124879905429662230e+01
1.060265582373046556e+01
1.111168865903820091e+01
1.070149889668311260e+01
1.068771480666275053e+01
1.098952640369680545e+01
1.051009044807416259e+01
1.106394534371279903e+01
1.110310904000459509e+01
1.066876629450140790e+01
1.104079720145056420e+01
1.108804344356557259e+01
1.121891535945386487e+01
1.103584788957574325e+01
1.109482213260766770e+01
1.091463480377325013e+01
1.081288179268007887e+01
1.064251913611672684e+01
1.070827483578508144e+01
1.051387317106852848e+01
1.056169348716107592e+01
1.104761570578159002e+01
1.052583830460385350e+01
1.088801590709215361e+01
1.107721712209557019e+01
1.079489105495331103e+01
1.107825544480533075e+01
1.104158614364423840e+01
1.076622222586821565e+01
1.094358052549820215e+01
1.125777632576584253e+01
1.067327891178059573e+01
1.087806412061423700e+01
1.118285975392778830e+01
1.087609778456667797e+01
1.064693568883436647e+01
1.085187104347211395e+01
1.076814983321297348e+01
1.056708091871764132e+01
1.081448274039209601e+01
1.092769731707647018e+01
1.097200102333485994e+01
1.094156600506979693e+01
1.077444476641721494e+01
1.100610332658255075e+01
1.094948868464512159e+01
1.087946938068099101e+01
1.100308753034306619e+01
1.071811267498370768e+01
1.092342208792502056e+01
1.100880628682393159e+01
1.063333275556199098e+01
1.093532441153397805e+01
1.080338815956558562e+01
1.076753379782342002e+01
1.102005517472603913e+01
1.093924650689113243e+01
1.106641121617337475e+01
1.081574965985251424e+01
1.110857471032426069e+01
1.119171926123832961e+01
1.108118545606041927e+01
1.084208995393954389e+01
1.061591869309607539e+01
1.111258798382652202e+01
1.080126776731639815e+01
1.066495992112319691e+01
1.106427888093548617e+01
1.092248043060645202e+01
1.063421032764320984e+01
1.097547454771924791e+01
1.091868319944618548e+01
1.104244866498028443e+01
1.076726763667082842e+01
1.054924479193381970e+01
1.125983953667985915e+01
1.085178447044678940e+01
1.061434631301214182e+01
1.092341979368192817e+01
1.093739986849970691e+01
1.074927999112281540e+01
1.076570462311717868e+01
1.090716277641637433e+01
1.100710921203770987e+01
1.076761810293220023e+01
1.078260759803015745e+01
1.093336083884472743e+01
1.097530831604890267e+01
1.087856046449144642e+01
1.079533292602006256e+01
1.072719823061158806e+01
1.082107990348029780e+01
1.095493934585237028e+01
1.080457622073252466e+01
1.080430365675140081e+01
1.064177524451119972e+01
1.110405807506104736e+01
1.087336711697826530e+01
1.050555849992658786e+01
1.102819638410361414e+01
1.067499503685186824e+01
1.094981553040407718e+01
1.054145542387331247e+01
1.088024211377134165e+01
1.100948803147708333e+01
1.082044057687889449e+01
1.109669813538501160e+01
1.095933085648722383e+01
1.088041270750524525e+01
1.071398406115297419e+01
1.093041265486412961e+01
1.103333707695287380e+01
1.060448625058181804e+01
1.068113036294306717e+01
1.090703652490345910e+01
1.076699363798291564e+01
1.090041470600256801e+01
1.089131387238900928e+01
1.060355602891487514e+01
1.073531525304870726e+01
1.059024187990366528e+01
1.092165115487848404e+01
1.071518020475831889e+01
1.078475244363579755e+01
1.076714271470981110e+01
1.088092999052054566e+01
1.089065380579418907e+01
1.074796472257006918e+01
1.090921575512837194e+01
1.103865347777950134e+01
1.053259754897053035e+01
1.061696224393181254e+01
1.112517476478693723e+01
1.054633716514653052e+01
1.091640187873814760e+01
1.072990407920934786e+01
1.088868330578264754e+01
1.108984516521698538e+01
1.103247409825348768e+01
1.076968774383547611e+01
1.056454061726909721e+01
1.063451386152989819e+01
1.086275953915046699e+01
1.073879904292893883e+01
1.060598667503319525e+01
1.073331528145768665e+01
1.088602670637128078e+01
1.060574517523275873e+01
1.089513337495495726e+01
1.057977684793599948e+01
1.089162666208573249e+01
1.112632374852427652e+01
1.092951923050611107e+01
1.097380187006389107e+01
1.059696051520403515e+01
1.083438484455491846e+01
1.055021390504697898e+01
1.070510177776201566e+01
1.089195567120323638e+01
1.094688531250785068e+01
1.085094941783118294e+01
1.102729662939497501e+01
1.052051041445413304e+01
1.079866736112200520e+01
1.102216392775528675e+01
1.075544385443204654e+01
1.070209254505491359e+01
1.110510319739846175e+01
1.087436059577784775e+01
1.120169298695139481e+01
1.086813436640091091e+01
1.097032106593364276e+01
1.082056173372941288e+01
1.096016085097186554e+01
1.090015901731540460e+01
1.074243612553002869e+01
1.090545009560736389e+01
1.094080033759326120e+01
1.056841306885831067e+01
1.102198356075493457e+01
1.091730017868050950e+01
1.079669168527271239e+01
1.060899414598734047e+01
1.092215765391728510e+01
1.063318507770046040e+01
1.072110590700005162e+01
1.072248187284068877e+01
1.057245553226869106e+01
1.058144227486656774e+01
1.076637266549186833e+01
1.104534434891739814e+01
1.071308757926658828e+01
1.074961674511734877e+01
1.069937244098946216e+01
1.062391127596867868e+01
1.092019359718737093e+01
1.092408538039621391e+01
1.087048701823500529e+01
1.091383183463704043e+01
1.081319535773307017e+01
1.083041362762508264e+01
1.060507239897653697e+01
1.055310116010328514e+01
1.087495952715139147e+01
1.050527417750007508e+01
1.082069545164895885e+01
1.102725929983731668e+01
1.050902940536309593e+01
1.087658019482918981e+01
1.067974538961923159e+01
1.068613152303442426e+01
1.084176150839459751e+01
1.088889201998031631e+01
1.087635439807661264e+01
1.095205148603865730e+01
1.061984260900406696e+01
1.104429250018633901e+01
1.074225394845235293e+01
1.101635099741059776e+01
1.087975529998045943e+01
1.088458818356045832e+01
1.073399952311385519e+01
1.092735717668906759e+01
1.106145704258882922e+01
1.078615829586234831e+01
1.096436653993073485e+01
1.089698712339192710e+01
1.080871400531639104e+01
1.094568020482985915e+01
1.082650328025262354e+01
1.064670869368589123e+01
1.066814040577662226e+01
1.078630093818714286e+01
1.069506733625946104e+01
1.079471520911503113e+01
1.060986557961454224e+01
1.082280139894605142e+01
1.069009532096028536e+01
1.066275504419568954e+01
1.059536993217496992e+01
1.070906856263068541e+01
1.078653158397811396e+01
1.067295910478226695e+01
1.092980945595874331e+01
1.078953033555240459e+01
1.071265665945964685e+01
1.064856310478291412e+01
1.051688672536211122e+01
1.067685419728657514e+01
1.075624587170929480e+01
1.081483050529221401e+01
1.058950998941539723e+01
1.095650970677180602e+01
1.113865505445439119e+01
1.059714697414419149e+01
1.090796151815823833e+01
1.052011572438238041e+01
1.091652077527952081e+01
1.050094639430638566e+01
1.074737900517483702e+01
1.059142775631562294e+01
1.062862570265385997e+01
1.079577845210903853e+01
1.082012735097730705e+01
1.088348456743662140e+01
1.066872093069942018e+01
1.093983453955924112e+01
1.082869166599323130e+01
1.061556769533024358e+01
1.063714598881104934e+01
1.092477815690493337e+01
1.065603281137290992e+01
1.089727311392415565e+01
1.052740573650056177e+01
1.057176692402435769e+01
1.079950537752130835e+01
1.106124718322496925e+01
1.086043173257769645e+01
1.073743047290238373e+01
1.060311815147199432e+01
1.052831081805870461e+01
1.089937326483805968e+01
1.070009179598918969e+01
1.079204927935835734e+01
1.103225451400960466e+01
1.050879105812278169e+01
1.088526838131991781e+01
1.078749164039349040e+01
1.087138710895910165e+01
1.106677640154853037e+01
1.073074747744123592e+01
1.070182766921912965e+01
1.077978197166256358e+01
1.077494883327983999e+01
1.077017450452228609e+01
1.069837078534322572e+01
1.093658230125686615e+01
1.083876174100945100e+01
1.072535958120551847e+01
1.075893020971727410e+01
1.069984489201629785e+01
1.076625407510035792e+01
1.073163681676900438e+01
1.075387265344007481e+01
1.087542868321867395e+01
1.068888700994536123e+01
1.085592599111268619e+01
1.085843879852533078e+01
1.051326204351504501e+01
1.076604097025621520e+01
1.078456296776357348e+01
1.091696110826266874e+01
1.067958184535036281e+01
1.073072960055653979e+01
1.093989197374450306e+01
1.086412483618162028e+01
1.084349503367212719e+01
1.057112541652010940e+01
1.084364484918308591e+01
1.055865047624441644e+01
1.079538222328007890e+01
1.081172714620839592e+01
1.062089520249101326e+01
1.070765565031232391e+01
1.065876458719360720e+01
1.081293111036385213e+01
1.081434218008597448e+01
1.086956601293412916e+01
1.060201350766247508e+01
1.076940763645979615e+01
1.076255718801394856e+01
1.051491658293090303e+01
1.075975926431054219e+01
1.065747280409236275e+01
1.068773191308198989e+01
1.070147849949019303e+01
1.097040549285449806e+01
1.079454134996937853e+01
1.059270867564548801e+01
1.066947500378750568e+01
1.074894297580500080e+01
1.094198314022817442e+01
1.072474617252387397e+01
1.065003234255191344e+01
1.066711364737785850e+01
1.095170195784922207e+01
1.067518876077438250e+01
1.053901420594964300e+01
1.067269764074166538e+01
1.095440632024170569e+01
1.074846957045079421e+01
1.079427888631300725e+01
1.087860625226435829e+01
1.076610908729804628e+01
1.064688654071311547e+01
1.078460613342748076e+01
1.058515088325616915e+01
1.082690554945506811e+01
1.079200995215175674e+01
1.078889387984895265e+01
1.072862332813522457e+01
1.068665157143812117e+01
1.086798755328310229e+01
1.072276479808323657e+01
1.050814686641951567e+01
1.069193148177464359e+01
1.087481158236495382e+01
1.067644383856465318e+01
1.063520494836688179e+01
1.095849433485700963e+01
1.075464260925886073e+01
1.069289867392940607e+01
1.050900359072902646e+01
1.080780377577475448e+01
1.056080784891994284e+01
1.086355816633350457e+01
1.058892226605091835e+01
1.063669188145239275e+01
1.070980331539629304e+01
1.089275166405491646e+01
1.054294187836155139e+01
1.081079150030537583e+01
1.088396722118766924e+01
1.067988475579520191e+01
1.085518120688984745e+01
1.093826911394131507e+01
1.061599320478489972e+01
1.054477453283442046e+01
1.072048035514619180e+01
1.086836708076161706e+01
1.066946676962407281e+01
1.076699692699213884e+01
1.053585786456067375e+01
1.076114047791183381e+01
1.084001362255252410e+01
1.075689158272650481e+01
1.063848483541698720e+01
1.063198688306966311e+01
1.070270826615785786e+01
1.077306312622273943e+01
1.069108227556791846e+01
1.055025905347651438e+01
1.067069604733908506e+01
1.073561704866328448e+01
1.074113717051006844e+01
1.079415428922281173e+01
1.061066613426168281e+01
1.074496707934180684e+01
1.064629777659229681e+01
1.086901940524013632e+01
1.071849654026558518e+01
1.070608047779244920e+01
1.074909837807133250e+01
1.073590568023276148e+01
1.061658883852084401e+01
1.079129315939453271e+01
1.059960075880023567e+01
1.078238438189746340e+01
1.076711312266578879e+01
1.087321519478301468e+01
1.056099463466931887e+01
1.061236927666003105e+01
1.067300266682245358e+01
1.063503413674594533e+01
1.074864229741079491e+01
1.074428143126281299e+01
1.070153458946574254e+01
1.059884411850151764e+01
1.066155755951175443e+01
1.059989563654928979e+01
1.084237114946072111e+01
1.067173622503170449e+01
1.066748466302904319e+01
1.081855295583058663e+01
1.079618252046337012e+01
1.055894795035789180e+01
1.073951908971308633e+01
1.050933112420592863e+01
1.058017652641365203e+01
1.052102645273673431e+01
1.068828553396272696e+01
1.050702919581387640e+01
1.054578650429992237e+01
1.064820294427452652e+01
1.064607768929900544e+01
1.063373227818915367e+01
1.057672075450091143e+01
1.074516080380027283e+01
1.065189122401514510e+01
1.067097102767087868e+01
1.074956653396879958e+01
1.064717123349114125e+01
1.055394534330520706e+01
1.077815018184950269e+01
1.063021341483962878e+01
1.067858718979069188e+01
1.059049050780636669e+01
1.097908603865242938e+01
1.050235009814747400e+01
1.084523448548464408e+01
1.077548457039205942e+01
1.079207515057857059e+01
1.076605085887680069e+01
1.071217556101643709e+01
1.058363344644102000e+01
1.062748438707692777e+01
1.072881729780076832e+01
1.066420907346132552e+01
1.061128166713078969e+01
1.051331120132259578e+01
1.070521554650641605e+01
1.059962816025249666e+01
1.055917446061770981e+01
1.065960212025115261e+01
1.058158175270097523e+01
1.071853454041220921e+01
1.070536971879339205e+01
1.063348038322408584e+01
1.069425665264583714e+01
1.069994725266573354e+01
1.090238819560559946e+01
1.052851780898083689e+01
1.062396766587483476e+01
1.067014556379938384e+01
1.050531823964058376e+01
1.062213200086405784e+01
1.075689831552195486e+01
1.081332939194055598e+01
1.065839589821556466e+01
1.079305814916509476e+01
1.057199887167846697e+01
1.080087550333328039e+01
1.055411004544797393e+01
1.088111970338728973e+01
1.060044296585985002e+01
1.055434267029911766e+01
1.062974146993311386e+01
1.071445450025646196e+01
1.068765821909058111e+01
1.079487152004251449e+01
1.071865954968943768e+01
1.052451244722782775e+01
1.080620702037885472e+01
1.079750797084100356e+01
1.063207364652653020e+01
1.078011929604693897e+01
1.067157100189104568e+01
1.062086604084067964e+01
1.061208588301555622e+01
1.074277011169534468e+01
1.052215110632407225e+01
1.060258539154128776e+01
1.052488593339947087e+01
1.059561564242462772e+01
1.059289533164917962e+01
1.057738629060630231e+01
1.057133706394359152e+01
1.054309244744484175e+01
1.068297148063187052e+01
1.066174479696949007e+01
1.058221639907674394e+01
1.058167583292704883e+01
1.058274121212534702e+01
1.062897534704617186e+01
1.052438213032754710e+01
1.059093307537802531e+01
1.056154571289777877e+01
1.057813549521728191e+01
1.066423407634205134e+01
1.060333714537967786e+01
1.082140018144534466e+01
1.078952304919505778e+01
1.061969181017027353e+01
1.051481470577382993e+01
1.057360364413871601e+01
1.053704162266748412e+01
1.068928184996939557e+01
1.062818523250184377e+01
1.065954596051359182e+01
1.068847342050577076e+01
1.059304754425724049e+01
1.053423263995160220e+01
1.050821650108267313e+01
1.065534150312584494e+01
1.052704203207192535e+01
1.057142994975326467e+01
1.061459709323608713e+01
1.075835239536170818e+01
1.082081266320475876e+01
1.079371843314444135e+01
1.064699783878820227e+01
1.052050461278630067e+01
1.064775448731005625e+01
1.058635570903089373e+01
1.060113740251304471e+01
1.054515840968963047e+01
1.054315853445864981e+01
1.065183119970227210e+01
1.060885688950891392e+01
1.066274668163068995e+01
1.050149831843473258e+01
1.066275365044603873e+01
1.056745773487148909e+01
1.073229995625637834e+01
1.066538265558439491e+01
1.064096706659590552e+01
1.056837496510272878e+01
1.069089551453893883e+01
1.064557918477875731e+01
1.068034809470443314e+01
1.064632093718902439e+01
1.072799892413203970e+01
1.065196124189652060e+01
1.066538819691018247e+01
1.076638803594970462e+01
1.053527131576975862e+01
1.061795230441074089e+01
1.061526772471811064e+01
1.055314780326538582e+01
1.059555707511687217e+01
1.050336721708456444e+01
1.064437985253523600e+01
1.060104101935378651e+01
1.063875741273635001e+01
1.051060713896751331e+01
1.065426694313956268e+01
1.051470496517913134e+01
1.054614214331139088e+01
1.057010531037812662e+01
1.050509988795514182e+01
1.051155182489959472e+01
1.051253385664800177e+01
1.067931494828919625e+01
1.056945443093116133e+01
1.070317583425019414e+01
1.058042087420352750e+01
1.082567942511822423e+01
1.055788283145751727e+01
1.064756977877991950e+01
1.051127535136858171e+01
1.055452689232721042e+01
1.073946185694840949e+01
1.067528355917236560e+01
1.054176122485390010e+01
1.059295262222483736e+01
1.054277104778694962e+01
1.058402291001708484e+01
1.068746471284617172e+01
1.064844644548418806e+01
1.067649920562341670e+01
1.067493134647996023e+01
1.054246228018305231e+01
1.050921006485026155e+01
1.074514466339553032e+01
1.067412424484594347e+01
1.062365819326447713e+01
1.062015481154782570e+01
1.077102475360805300e+01
1.056751674557544263e+01
1.066185095548429551e+01
1.062584416353039352e+01
1.070962818908527758e+01
1.051554494989908761e+01
1.075670526731558496e+01
1.066551562789292440e+01
1.073497666233172865e+01
1.055596578242807126e+01
1.065873082717685705e+01
1.063170852465658811e+01
1.058468903542528849e+01
1.063106732257297082e+01
1.063155280559034388e+01
1.072690495405755051e+01
1.072571177871337511e+01
1.052386239034965953e+01
1.067980703786692054e+01
1.052260554237568613e+01
1.062843418320049338e+01
1.071947857271453231e+01
1.050694739932206723e+01
1.063502225169871984e+01
1.067074120531133374e+01
1.062032542841960314e+01
1.061781166775734597e+01
1.058422335594051233e+01
1.061677325725182364e+01
1.051658240630992935e+01
1.063626396496398208e+01
1.060409398148519244e+01
1.063872500709733870e+01
1.054769987137291487e+01
1.055009288410591139e+01
1.057654571216212069e+01
1.065595778400855131e+01
1.053512922939398777e+01
1.055079686164939368e+01
1.061675156499470596e+01
1.062966777619690539e+01
1.052456417985920822e+01
1.058416657232104718e+01
1.058514921681851995e+01
1.064069733940338125e+01
1.052039823513840844e+01
1.050432375127863693e+01
1.064310720873661431e+01
1.073854510546824059e+01
1.052451244722782775e+01
1.054852197456253116e+01
1.053540961837777523e+01
1.073072840873806300e+01
1.059599776286063388e+01
1.057488696010005924e+01
1.060152111660255869e+01
1.058164223518584635e+01
1.052592043959257140e+01
1.059876014537370104e+01
1.057393722665803182e+01
1.063433980186377603e+01
1.056720424478546327e+01
1.050435988143221344e+01
1.050378545759875770e+01
1.067931360668366203e+01
1.067232287356910803e+01
1.073474882038553169e+01
1.067549339630117800e+01
1.057265624230503853e+01
1.055893732979025046e+01
1.065213980782820080e+01
1.058927895712890610e+01
1.057983589533763613e+01
1.058242103422430880e+01
1.060632962811300040e+01
1.057659160387047237e+01
1.053085431923217996e+01
1.058000118536505418e+01
1.063563094194600467e+01
1.053844860839845232e+01
1.061668183254319153e+01
1.050347583747271862e+01
1.054230045711904573e+01
1.053990283756198565e+01
1.058986125296802072e+01
1.056961853760283354e+01
1.061021964136698514e+01
1.060422637204937502e+01
1.058699669744692962e+01
1.053909203384546878e+01
1.058902137629535822e+01
1.062813844401778240e+01
1.058474908674531179e+01
1.050601262908940647e+01
1.050551646397031291e+01
1.050535228459665582e+01
1.052621637872724847e+01
1.062758867924011774e+01
1.050760134029914816e+01
1.058218955452695553e+01
1.058634407615040374e+01
1.065434084214090582e+01
1.053486736958388192e+01
1.053078255562212462e+01
1.050058210421213190e+01
1.061806200029016622e+01
1.075375172994154838e+01
1.064662625206893942e+01
1.052276525226606729e+01
1.055477716597264859e+01
1.054467027911270272e+01
1.051547648051082717e+01
1.053757372780209600e+01
1.075226739456903857e+01
1.064123369727464308e+01
1.066107791941987948e+01
1.056850831362370080e+01
1.056733621699220649e+01
1.056309308726236118e+01
1.054147200896634473e+01
1.062297443785920059e+01
1.054047208664841051e+01
1.052005377965514654e+01
1.057448067373910483e+01
1.055554317904720207e+01
1.055153931332999662e+01
1.051236245688699356e+01
1.051588127125439520e+01
1.051172946498792982e+01
1.057840807472504174e+01
1.050468291197586268e+01
1.057063461721516262e+01
1.052393338783283738e+01
