1.118056452836523640e+01
1.094399427240741041e+01
1.074909495067987919e+01
1.088871064311195624e+01
1.135370712845675456e+01
1.055528620639194770e+01
1.157293399546416701e+01
1.114907767953927831e+01
1.124692592897944365e+01
1.078951055801233139e+01
1.070228473356652366e+01
1.052294028841033757e+01
1.059505404728700206e+01
1.067279162250241242e+01
1.154910720515251654e+01
1.086889803605598281e+01
1.051145310455613213e+01
1.156751674557544263e+01
1.160267823157728451e+01
1.111991385366716933e+01
1.078563137186763576e+01
1.137296796150777745e+01
1.053473638044643756e+01
1.138407809258628589e+01
1.066462004926412455e+01
1.109279976759683706e+01
1.107618061477169746e+01
1.061064256336907441e+01
1.125457026777469061e+01
1.142057400091032804e+01
1.133371583695694440e+01
1.126875258662302848e+01
1.131146291419756267e+01
1.050065093797549665e+01
1.113444684010301344e+01
1.106256144570897604e+01
1.113944495224321685e+01
1.072902314612690766e+01
1.121990566332977757e+01
1.132487637607680320e+01
1.087349582301181350e+01
1.100326128136086723e+01
1.103155395913863934e+01
1.060067135229161828e+01
1.145605567412734693e+01
1.050153266414871389e+01
1.068408090903816721e+01
1.071785248390958145e+01
1.079780423628909070e+01
1.086472753638232902e+01
1.125687945126960621e+01
1.122466310212204910e+01
1.054639547242597963e+01
1.127515861535544595e+01
1.101073387299854822e+01
1.105650931412607108e+01
1.074868003654145454e+01
1.117605279017024067e+01
1.092283819463701988e+01
1.074816741909847906e+01
1.073314227464951109e+01
1.092718283672771129e+01
1.081930879467520157e+01
1.110345828765322729e+01
1.110384561888349175e+01
1.068635862583325036e+01
1.073504392958249198e+01
1.121412942870432694e+01
1.103669182424349415e+01
1.074088576117568472e+01
1.061750086926842052e+01
1.051133856083741236e+01
1.131216335905906156e+01
1.057153141339549229e+01
1.094584291907389861e+01
1.101804992608511213e+01
1.102300566478842114e+01
1.092877808770430192e+01
1.063442907194536602e+01
1.091990689447267648e+01
1.068480747564629674e+01
1.108675535799405587e+01
1.121799653734736246e+01
1.109281944252296981e+01
1.101087520581605439e+01
1.065110023863048383e+01
1.064200337031127219e+01
1.051790347592654307e+01
1.114011131404616961e+01
1.053115069060923403e+01
1.050387789873429867e+01
1.109173911001285795e+01
1.059855014149134611e+01
1.114475478657862340e+01
1.102055748946310132e+01
1.064058001443988921e+01
1.050077845406059041e+01
1.125739369679543422e+01
1.109863555210258390e+01
1.050754156951982132e+01
1.054561678922584811e+01
1.113693718350466533e+01
1.056914850879263312e+01
1.126819631037490410e+01
1.115796784613930370e+01
1.111806975850744017e+01
1.088070138183914715e+01
1.052429586969628161e+01
1.083458569260505477e+01
1.102434736258417125e+01
1.112771247983674705e+01
1.113695916659789908e+01
1.094888618342939601e+01
1.097056675070145282e+01
1.089186686330203990e+01
1.098653835687891878e+01
1.059812821146496553e+01
1.099842254867072100e+01
1.063635135933634501e+01
1.120921493019475434e+01
1.083011415143220546e+01
1.051494792494110264e+01
1.059977964296347608e+01
1.092703497191963002e+01
1.113419838356826830e+01
1.111240341759417127e+01
1.077253738127493143e+01
1.064404239745707947e+01
1.056213123709134827e+01
1.073934035832727396e+01
1.077958605430015915e+01
1.076131712538873053e+01
1.089002494477227501e+01
1.098110362844085941e+01
1.106084053572768866e+01
1.058851898454660656e+01
1.105170382026818565e+01
1.093419418557308198e+01
1.098112706489023260e+01
1.085694319796364837e+01
1.091020865958074992e+01
1.087145262276731295e+01
1.075371555936323453e+01
1.064048319747860383e+01
1.064377748611157770e+01
1.092646351325596399e+01
1.053497587351920473e+01
1.083408527702901125e+01
1.067074804701874058e+01
1.100070401960637589e+01
1.056463322091138224e+01
1.050272499733737774e+01
1.078758784308079832e+01
1.064683160387714977e+01
1.066430074365421277e+01
1.083191452760573625e+01
1.068805154758446996e+01
1.064212908075032260e+01
1.088347450644405612e+01
1.059959753498630519e+01
1.096173628443205672e+01
1.060473960198319610e+01
1.055935487643876414e+01
1.080381442309605156e+01
1.084802448626681759e+01
1.066930891797869485e+01
1.056675071885315020e+01
1.083057275877646219e+01
1.089214145121824018e+01
1.074849931641311329e+01
1.106917545515204715e+01
1.077284035730608913e+01
1.100775898800398345e+01
1.089216610630839277e+01
1.100893191874778410e+01
1.068791872395134668e+01
1.083039941665072270e+01
1.095371290673052300e+01
1.094035485152221199e+01
1.083639382954162045e+01
1.051940476483587439e+01
1.073020488429141928e+01
1.082040761636765325e+01
1.089346263363492007e+01
1.093352673957647347e+01
1.074948207485239138e+01
1.075813313889127265e+01
1.063365329726696906e+01
1.093971964839718325e+01
1.067934312104812022e+01
1.082855277638536862e+01
1.053768155776819171e+01
1.094648156406513628e+01
1.069089943342737214e+01
1.088522496072281243e+01
1.080425033087588815e+01
1.070984958698294065e+01
1.052671996612005145e+01
1.079148386718094343e+01
1.076074581682299502e+01
1.056951317097073151e+01
1.052072502169711044e+01
1.081817990204560864e+01
1.086718398042122224e+01
1.093600767553862241e+01
1.058627593444949078e+01
1.052800109698463160e+01
1.085271602721525319e+01
1.078926899116928873e+01
1.073532350806202729e+01
1.071005837309443898e+01
1.059082946615983190e+01
1.081874763470014145e+01
1.053188037406677502e+01
1.074937362352449277e+01
1.082396066853512018e+01
1.065709595629037310e+01
1.053494033211216241e+01
1.053961608233081115e+01
1.065122477490317365e+01
1.073690204548019445e+01
1.089215624444029196e+01
1.075041705700639305e+01
1.078310545372177920e+01
1.056639242879854024e+01
1.093936594637157000e+01
1.052598728218758062e+01
1.068948503297095343e+01
1.096074441360847018e+01
1.075124886572517013e+01
1.051502235315139622e+01
1.070382552750604965e+01
1.069871348071255213e+01
1.075132502573219107e+01
1.079574253952399943e+01
1.052186780605314276e+01
1.053931987819853866e+01
1.054578832883283646e+01
1.085565343919878423e+01
1.080770096847072637e+01
1.054619500834842682e+01
1.076930841114473303e+01
1.081364657281979191e+01
1.074089856794655695e+01
1.082014675233233625e+01
1.056974459850461123e+01
1.081098869811761354e+01
1.063896357380527391e+01
1.086204488999526419e+01
1.099522377654655969e+01
1.074936106425266580e+01
1.063975344238212983e+01
1.060275664993768530e+01
1.086337555169338920e+01
1.071394813828376691e+01
1.073105841749519129e+01
1.057360535547208791e+01
1.062282930663787361e+01
1.063169954238182235e+01
1.059927503268289684e+01
1.055679374792831737e+01
1.059670096082694002e+01
1.066196965466962965e+01
1.060992067484903423e+01
1.057401759029217025e+01
1.072065481984540725e+01
1.070579909068818303e+01
1.060033999185274567e+01
1.069953638466715162e+01
1.061938543500128240e+01
1.087391428293521578e+01
1.054921039932467508e+01
1.050123558489740461e+01
1.080378017623779741e+01
1.080109752569322268e+01
1.056766597216346959e+01
1.070170536432562081e+01
1.073955529430200428e+01
1.058972440940345017e+01
1.072617330381994982e+01
1.056423296155312208e+01
1.061183521521724771e+01
1.070592403392415726e+01
1.069560393735039128e+01
1.073288737881052413e+01
1.063989596577327568e+01
1.073575137456263739e+01
1.062282625072240982e+01
1.080927633675614175e+01
1.062946919205606378e+01
1.073964520877266082e+01
1.050528018623702486e+01
1.065322960996405932e+01
1.055485758045283617e+01
1.059561401566161187e+01
1.065735569167050656e+01
1.062095658903932005e+01
1.058991729692109907e+01
1.062511520869810155e+01
1.055454298568584193e+01
1.061548689462209261e+01
1.053951983814530813e+01
1.063518564259475241e+01
1.076717449651133407e+01
1.064691689756240223e+01
1.056002282347330379e+01
1.057373026459751486e+01
1.071678308317435224e+01
1.061595129353297118e+01
1.060472207928570221e+01
1.069733463840999477e+01
1.064870708539712929e+01
1.064863510105671551e+01
1.056568193211806594e+01
1.068225649161668223e+01
1.053907906349801316e+01
1.059096431775175873e+01
1.064224598803411226e+01
1.057178239105588879e+01
1.050201120113523423e+01
1.057416460015519633e+01
1.051879555266275901e+01
1.057228219512884770e+01
1.063245938441179206e+01
1.050156498704553876e+01
1.058697678458768188e+01
1.054045915745188111e+01
1.058234724250036152e+01
1.058107235771318777e+01
1.053459973539155747e+01
1.066810736680854710e+01
1.054819368289887116e+01
1.076006237216887484e+01
1.052325748182952658e+01
1.053300548993414232e+01
1.063143448166593963e+01
1.061394881796762135e+01
1.054628249496154879e+01
1.051652971405034265e+01
1.057587207603974377e+01
1.053237179484879782e+01
1.060153395472668336e+01
1.073914869525883553e+01
1.058652185902580456e+01
1.054431160152710589e+01
1.058967823558110588e+01
1.059484876179610779e+01
1.052751041168465029e+01
1.050161548675628076e+01
1.057593506106011105e+01
1.050960883781744926e+01
1.054443973467310691e+01
1.054006925375399462e+01
1.054317872570715942e+01
1.061535012070602413e+01
1.051194253722666971e+01
1.050035933196723548e+01
1.055180750912804832e+01
1.055999280557888298e+01
1.051790931244656235e+01
1.050120525925874659e+01
1.052059936365708559e+01
1.050504177589330368e+01
1.051353725559833663e+01
