3.714191340081743622e+10
2.179648864821832657e+10
3.975292131455007172e+10
5.888003138691401672e+10
6.813170038531701660e+10
2.325493658800930786e+10
1.630913598897118835e+11
1.080115389134210052e+11
6.779501148581478882e+10
1.399580880790161896e+10
1.551058048951289177e+10
5.485350798380125999e+09
2.417298848431197357e+10
2.280431166117680740e+10
1.741578100468750000e+11
2.769697911702675247e+10
2.936691420972872925e+10
1.359717229727478485e+11
2.425141116175348816e+11
5.288161969264245605e+10
2.094968429169205856e+10
1.385745823962940979e+11
6.173766955860819817e+09
9.937502703779139709e+10
1.970085579789194489e+10
4.665514420700712585e+10
3.501793583462224579e+10
1.602600970137787628e+10
7.062337672415501404e+10
1.695871748639765625e+11
5.439362707631417084e+10
7.530625571591633606e+10
1.082249782036759338e+11
1.019644076902204704e+10
9.822560067117448425e+10
4.633455525539684296e+10
7.094248092239334106e+10
2.637318646077975464e+10
6.052246644871252441e+10
9.566791222354682922e+10
3.658925261403017426e+10
4.201907275924200439e+10
6.534828346833557129e+10
2.425625776618883514e+10
1.110303292055957489e+11
1.766203530685219955e+10
3.477708239001987457e+10
5.448974475573857307e+09
4.623292008390570068e+10
4.653021934240401459e+10
5.915412762872538757e+10
7.670704333360192871e+10
8.003505692679462433e+09
6.531356584906418610e+10
3.694903592575781250e+10
9.176921761546028137e+10
2.178959742781259918e+10
1.286238764744441223e+11
2.445671769333858490e+10
4.638942925047373199e+10
2.002545241399443054e+10
3.448832026835445404e+10
2.867222243018947983e+10
5.633412103334132385e+10
3.384119170797437668e+10
3.053791903997700500e+10
1.761319589136056900e+10
7.043906884450357056e+10
7.417366666245848083e+10
2.087744522411494446e+10
2.171484362555344009e+10
2.288753984969704819e+10
8.918124147661904907e+10
2.033774882126254654e+10
2.414550771401004410e+10
3.376844383786593246e+10
3.788833459833293152e+10
5.350208001119228363e+10
1.445778927602213287e+10
6.040164614126432800e+10
2.517041350796144867e+10
4.824185466557499695e+10
1.097318735070393219e+11
6.805813127173892975e+10
4.980437934449708557e+10
2.928802344170542145e+10
8.354120768536172867e+09
8.630313524601524353e+09
4.275624580169136810e+10
4.905996498276403427e+09
1.655958519104680061e+10
6.082343855327697754e+10
5.409678593242257118e+09
6.247671595090598297e+10
7.662505580774839783e+10
1.341436602306855202e+10
1.340450161558303833e+10
1.437267020325968933e+11
5.616613318435617828e+10
6.730935190618441582e+09
1.357843423833790779e+10
4.463410042036821747e+10
6.630111091924921036e+09
1.154470122849250946e+11
1.106183196146776886e+11
6.128584681803939819e+10
3.538129833807393646e+10
1.895044278426179504e+10
5.280190291867319489e+10
7.336066455440238953e+10
4.875313935025928497e+10
9.006271212554917908e+10
2.535330695848668289e+10
3.245274591932273865e+10
2.405321503357846451e+10
3.909833987749155426e+10
1.039425222292743492e+10
5.000470263674220276e+10
2.675355601406858826e+10
1.075426973205343781e+11
2.959543889410838699e+10
1.286848995541390419e+10
2.131314862814268494e+10
3.843385398346259308e+10
6.253669834556073761e+10
8.789708954774942017e+10
2.847907947593769455e+10
1.293029714319326973e+10
1.237606844793062592e+10
1.389609701713276291e+10
2.288361997396880722e+10
2.965086144152747345e+10
3.448195924411336517e+10
3.494733925018876648e+10
6.316577023896645355e+10
2.936826847392951965e+10
7.888156480170005798e+10
3.482063915341596222e+10
4.295858471056400299e+10
5.168285320516743469e+10
6.386536912634957886e+10
5.329336295026975250e+10
2.067619862256816864e+10
1.675203948533677673e+10
1.708183051750779533e+10
2.709100325753368759e+10
1.836703440925272751e+10
3.739421760747537994e+10
7.202747144390550613e+09
4.156718096656627655e+10
1.568794930904397964e+10
4.209979449555161953e+09
4.095946530003489685e+10
2.075507785249099350e+10
2.755647700674113846e+10
3.394665640935835648e+10
2.809088896369251251e+10
1.891909210192370605e+10
3.695650128280739594e+10
1.063417577333722115e+10
5.677947840299610138e+10
2.237641835524225235e+10
8.418889741203028679e+09
3.173575005753525543e+10
3.434698906900074768e+10
2.691448040872801971e+10
1.472630128109393120e+10
2.184469231529289627e+10
2.865774487261804581e+10
2.217956313281809235e+10
7.507971467840951538e+10
1.860776995527738190e+10
6.066457264274078369e+10
4.278846190624085236e+10
5.813525514229865265e+10
2.058807771559886169e+10
4.362277482061859894e+10
6.256664243921349335e+10
4.787471074624003601e+10
3.641531451392766571e+10
1.270711094082782364e+10
3.332673868220452499e+10
4.605690944659606934e+10
3.311867375303924942e+10
5.043943732266217804e+10
2.730265682060351562e+10
1.917897839707276154e+10
1.539486987338223839e+10
5.821624804538253021e+10
9.901126830213193893e+09
3.937275190407986450e+10
6.277293104134182930e+09
5.624944679926196289e+10
2.561767856182844925e+10
3.908469104818723297e+10
2.469172447011544418e+10
2.790337761555655289e+10
1.073393244599010086e+10
2.529052915821694946e+10
1.573051754590080452e+10
2.070354942357387924e+10
1.495927497781917763e+10
2.136980729002210999e+10
5.242595109649829102e+10
4.299793977715344238e+10
1.646693669277021790e+10
9.498112099668575287e+09
3.151975549817443848e+10
3.191675894545228195e+10
2.281172416674140167e+10
2.544142424144360733e+10
1.955272596217555237e+10
4.950355008218129730e+10
1.744345308609280396e+10
2.511492627674278259e+10
1.697373181810838509e+10
1.979269691463354492e+10
2.483833773756053162e+10
1.507435951412703705e+10
1.961680559852282333e+10
1.398711389423611641e+10
1.345386675528434563e+10
2.189574304432733154e+10
2.261168485163335037e+10
7.530311382305725098e+09
3.450847125428324890e+10
1.159648275029147911e+10
2.140033116871011734e+10
7.192473668792320251e+10
3.269350759601836014e+10
1.604449603743581772e+10
1.402673020782368279e+10
1.316208478848411179e+10
2.005445240078116226e+10
2.995234938116527557e+10
9.351627171407018661e+09
1.372822062862886238e+10
7.151808771271986961e+09
4.214956070816329956e+10
3.101143302961700821e+10
1.305222372383888435e+10
3.285630555113125229e+10
4.402609196239580536e+10
1.707331780819418526e+10
4.534639617885630798e+10
1.010480752747653389e+10
3.148309302267144394e+10
2.031351289695311356e+10
5.954079178932003784e+10
5.656232292460803986e+10
2.476339996592586517e+10
2.021739040979437637e+10
1.769223532146725845e+10
5.228672234946787262e+10
3.512128308025165558e+10
1.616633181001588631e+10
1.743104688657955933e+10
1.536454213639903259e+10
2.251145887482247162e+10
2.147673742587796402e+10
9.482065734226112366e+09
1.042403566646772385e+10
1.417903302590799141e+10
2.030102683937280655e+10
1.310699597910640335e+10
2.129579219802728653e+10
1.234610158857413483e+10
2.464151276395988464e+10
1.902411683188982773e+10
2.025774191705490494e+10
5.226169817604592133e+10
1.133970272016914368e+10
1.459552954088568306e+10
4.006059539044377136e+10
2.729780095026889420e+10
1.312952273405406380e+10
2.719375766329273605e+10
2.632464192676653290e+10
7.017213712482641220e+09
3.511866098264788818e+10
1.514862419598663902e+10
1.911494373409338379e+10
2.471722147623612595e+10
1.799641837425395584e+10
2.769977698969232178e+10
2.604210687853885651e+10
2.337576491429600143e+10
1.752084586181674194e+10
4.039894019749563599e+10
1.904476506086442184e+10
3.212743042987469101e+10
8.823687134102617264e+09
2.301459445038049698e+10
8.850447242400091171e+09
1.711731452657399178e+10
2.418450999248371506e+10
1.809516874036329651e+10
1.772591201006324387e+10
2.508373061142417908e+10
1.226921121040512466e+10
2.278864314612068939e+10
6.322571998235086441e+09
1.084609869309766960e+10
4.935853215949475098e+10
1.760851658354516602e+10
1.709834301199831963e+10
1.957876258839886093e+10
2.493041277986357117e+10
2.430904719020574188e+10
1.853635953723455048e+10
3.050440808360466003e+10
2.491388524085692215e+10
2.825086077546831131e+10
2.131291461997874069e+10
3.099448113551054001e+10
1.680564882274309731e+10
1.341330561930012321e+10
1.726776075809125137e+10
1.922709235394863892e+10
7.272102701627843857e+09
1.614433684134248161e+10
1.288440911898332787e+10
1.607701318896632576e+10
1.809449324989071274e+10
1.377284883324338722e+10
2.113075099168228531e+10
1.801171858350492096e+10
1.756788602900170135e+10
2.931652842698769760e+10
1.388048228795674133e+10
3.416539940015234756e+10
1.896234800776303101e+10
3.868847706961794281e+10
1.292470476448844528e+10
1.826708118531875610e+10
2.992565750382439423e+10
2.852238844347910690e+10
1.051600020589575005e+10
1.099581288053356361e+10
1.667456379006340408e+10
2.266890816199861526e+10
1.932830844953847885e+10
2.042448431711256027e+10
2.381272629444655991e+10
1.899631477202543259e+10
2.494585567875632095e+10
1.491194843751633263e+10
9.274650523411901474e+09
1.950709522752132034e+10
2.719746025864957047e+10
1.215027600605630684e+10
2.039069505281753540e+10
1.877449021380790329e+10
1.358213206273130798e+10
3.450187922293333435e+10
1.844897054370899582e+10
2.329367676792839050e+10
2.195525215198017502e+10
1.747166789093875504e+10
2.433179797905154037e+10
2.274794538105787659e+10
2.548867588226471329e+10
2.382062350736526871e+10
1.268625606686548996e+10
