4.345199465751647949e-01
4.657417535781860352e-01
3.520524799823760986e-01
4.404557347297668457e-01
4.349335432052612305e-01
3.959803879261016846e-01
4.123076796531677246e-01
4.800947010517120361e-01
4.170829951763153076e-01
3.981458544731140137e-01
4.140528440475463867e-01
4.445801377296447754e-01
4.026772677898406982e-01
4.132919907569885254e-01
4.279439449310302734e-01
3.905667960643768311e-01
3.592015504837036133e-01
4.520680904388427734e-01
3.717266023159027100e-01
4.219266474246978760e-01
4.124374389648437500e-01
3.633207082748413086e-01
4.566291868686676025e-01
4.546036720275878906e-01
4.359320104122161865e-01
3.902116119861602783e-01
4.386967420578002930e-01
3.666276037693023682e-01
4.243103861808776855e-01
4.269957542419433594e-01
4.539664387702941895e-01
4.212816953659057617e-01
4.596724808216094971e-01
4.359675049781799316e-01
3.821807205677032471e-01
4.384471774101257324e-01
3.814699947834014893e-01
3.903758227825164795e-01
4.647302627563476562e-01
3.847784698009490967e-01
4.067538380622863770e-01
4.026031792163848877e-01
3.617962598800659180e-01
3.913493454456329346e-01
4.145068824291229248e-01
3.970904946327209473e-01
3.424545526504516602e-01
4.760195612907409668e-01
3.838090002536773682e-01
3.370910584926605225e-01
4.371151924133300781e-01
4.075606763362884521e-01
4.028311967849731445e-01
4.379781484603881836e-01
4.009999334812164307e-01
3.403936326503753662e-01
3.947269618511199951e-01
3.997033834457397461e-01
4.056476354598999023e-01
3.535989522933959961e-01
4.113047719001770020e-01
4.032862484455108643e-01
4.384498596191406250e-01
4.558155536651611328e-01
4.059585034847259521e-01
3.980157077312469482e-01
4.310439229011535645e-01
3.966181576251983643e-01
4.241224825382232666e-01
4.034532308578491211e-01
3.827797472476959229e-01
4.233894348144531250e-01
4.174640476703643799e-01
3.808043003082275391e-01
4.513584673404693604e-01
4.401617348194122314e-01
4.019663333892822266e-01
4.310017228126525879e-01
4.718175530433654785e-01
4.123657047748565674e-01
4.026143848896026611e-01
4.459311962127685547e-01
4.278252124786376953e-01
4.156982004642486572e-01
3.575492799282073975e-01
3.539180159568786621e-01
4.320033192634582520e-01
4.403914511203765869e-01
4.410716295242309570e-01
4.504278898239135742e-01
3.831025362014770508e-01
4.632331728935241699e-01
4.236936569213867188e-01
4.490210711956024170e-01
3.420062065124511719e-01
4.203717410564422607e-01
3.917448222637176514e-01
3.545253574848175049e-01
4.352045953273773193e-01
4.430081844329833984e-01
4.500178396701812744e-01
4.228812754154205322e-01
4.464987516403198242e-01
3.297491669654846191e-01
3.937512040138244629e-01
3.710766434669494629e-01
4.072198569774627686e-01
3.838926851749420166e-01
4.104027152061462402e-01
4.077568352222442627e-01
4.445106089115142822e-01
4.229415655136108398e-01
4.465906023979187012e-01
4.037502408027648926e-01
4.000961482524871826e-01
4.481435716152191162e-01
4.454362690448760986e-01
3.848555684089660645e-01
3.843299150466918945e-01
3.964434266090393066e-01
3.936142921447753906e-01
3.989301621913909912e-01
3.744238018989562988e-01
4.136131107807159424e-01
4.253477454185485840e-01
3.229395449161529541e-01
3.863857984542846680e-01
4.170377850532531738e-01
4.162805974483489990e-01
4.466542601585388184e-01
4.009545743465423584e-01
4.085967838764190674e-01
4.157028496265411377e-01
4.317897856235504150e-01
3.640906214714050293e-01
3.988399505615234375e-01
3.172491788864135742e-01
4.128367602825164795e-01
4.054924547672271729e-01
3.760380744934082031e-01
3.811231255531311035e-01
4.198633432388305664e-01
4.196503460407257080e-01
4.056007564067840576e-01
4.122057259082794189e-01
4.369052648544311523e-01
3.945190310478210449e-01
3.876346945762634277e-01
4.527272582054138184e-01
4.353725016117095947e-01
4.035433232784271240e-01
4.736006855964660645e-01
4.008466303348541260e-01
4.224234521389007568e-01
3.845899105072021484e-01
3.983592689037322998e-01
3.781445622444152832e-01
4.972896873950958252e-01
3.975951075553894043e-01
4.982315897941589355e-01
3.724162578582763672e-01
3.650929927825927734e-01
4.094806611537933350e-01
3.712842762470245361e-01
4.176940917968750000e-01
4.030431509017944336e-01
4.069471359252929688e-01
3.941178321838378906e-01
4.046650826930999756e-01
3.915417194366455078e-01
3.224380016326904297e-01
4.493517577648162842e-01
4.196804463863372803e-01
3.491664528846740723e-01
3.733438551425933838e-01
4.157027304172515869e-01
3.868101537227630615e-01
3.844822049140930176e-01
4.000949561595916748e-01
3.628068864345550537e-01
4.555387198925018311e-01
4.092086255550384521e-01
3.903911709785461426e-01
3.657255172729492188e-01
3.800584673881530762e-01
3.905177116394042969e-01
4.558264911174774170e-01
4.435070455074310303e-01
3.649805784225463867e-01
4.451371133327484131e-01
3.720612227916717529e-01
4.339858591556549072e-01
3.767242133617401123e-01
4.053584039211273193e-01
3.689798712730407715e-01
3.710834980010986328e-01
3.931692838668823242e-01
4.599119722843170166e-01
4.276680946350097656e-01
4.158686101436614990e-01
4.403380751609802246e-01
3.922111690044403076e-01
4.293746054172515869e-01
3.600897789001464844e-01
3.647619485855102539e-01
4.623972177505493164e-01
4.621764719486236572e-01
4.323236048221588135e-01
3.912675976753234863e-01
3.981995880603790283e-01
3.969678580760955811e-01
3.828348517417907715e-01
3.278461098670959473e-01
3.654152154922485352e-01
4.245564043521881104e-01
4.208684861660003662e-01
4.095824062824249268e-01
3.838183879852294922e-01
3.884992599487304688e-01
4.115686714649200439e-01
4.300679564476013184e-01
4.191471338272094727e-01
4.193618893623352051e-01
3.980837464332580566e-01
4.246778488159179688e-01
3.834132552146911621e-01
4.035198688507080078e-01
3.797386288642883301e-01
3.819310665130615234e-01
4.133655428886413574e-01
4.021090269088745117e-01
4.216703772544860840e-01
4.088472425937652588e-01
3.993551433086395264e-01
3.799545764923095703e-01
4.383246004581451416e-01
3.885941207408905029e-01
4.277567565441131592e-01
4.231777489185333252e-01
4.148841500282287598e-01
4.007594585418701172e-01
3.959604203701019287e-01
3.671435117721557617e-01
4.155070185661315918e-01
3.902209699153900146e-01
4.161825478076934814e-01
4.350669682025909424e-01
3.827151358127593994e-01
3.678072094917297363e-01
3.974904716014862061e-01
3.762867450714111328e-01
3.689040243625640869e-01
4.098754227161407471e-01
3.804937005043029785e-01
3.895744681358337402e-01
4.213524162769317627e-01
4.080909788608551025e-01
3.953807353973388672e-01
4.337967932224273682e-01
3.705662786960601807e-01
4.147573411464691162e-01
4.612402915954589844e-01
4.236951470375061035e-01
4.252904057502746582e-01
4.109757244586944580e-01
3.990744352340698242e-01
4.021368324756622314e-01
4.414939284324645996e-01
4.206005930900573730e-01
3.938646912574768066e-01
3.464519381523132324e-01
3.946600854396820068e-01
4.789128601551055908e-01
3.865660429000854492e-01
3.876292407512664795e-01
4.105167984962463379e-01
3.500884771347045898e-01
3.770304620265960693e-01
4.271502792835235596e-01
4.169437587261199951e-01
4.358004331588745117e-01
3.866564035415649414e-01
3.868896067142486572e-01
3.690394163131713867e-01
4.312969148159027100e-01
3.956784904003143311e-01
3.918486237525939941e-01
3.954700231552124023e-01
3.677610456943511963e-01
3.624010682106018066e-01
3.748830854892730713e-01
3.986006975173950195e-01
4.479098320007324219e-01
4.535078108310699463e-01
3.828870356082916260e-01
3.599469661712646484e-01
4.065515697002410889e-01
4.099618792533874512e-01
3.679463863372802734e-01
3.998268544673919678e-01
3.840323388576507568e-01
4.522870481014251709e-01
4.161881208419799805e-01
3.719512522220611572e-01
3.938058912754058838e-01
3.930300176143646240e-01
3.909749388694763184e-01
4.164925217628479004e-01
3.706578910350799561e-01
3.664112389087677002e-01
3.978326916694641113e-01
4.002411365509033203e-01
3.943607807159423828e-01
3.590738773345947266e-01
3.724685013294219971e-01
4.259598851203918457e-01
3.911124765872955322e-01
4.193161725997924805e-01
3.761720657348632812e-01
4.316546618938446045e-01
3.954392671585083008e-01
4.165792763233184814e-01
3.853808045387268066e-01
4.090538024902343750e-01
3.888630568981170654e-01
3.779077827930450439e-01
4.052653610706329346e-01
3.702317774295806885e-01
3.639793395996093750e-01
3.904429972171783447e-01
4.236512780189514160e-01
3.899839520454406738e-01
3.764566779136657715e-01
4.167222380638122559e-01
3.902258574962615967e-01
3.234955668449401855e-01
3.740127682685852051e-01
3.867598474025726318e-01
4.425186514854431152e-01
3.873003423213958740e-01
3.552066385746002197e-01
3.648162782192230225e-01
3.907012045383453369e-01
3.744732439517974854e-01
3.743014931678771973e-01
3.746435940265655518e-01
3.775992095470428467e-01
4.216753542423248291e-01
3.561549782752990723e-01
4.177854955196380615e-01
4.330340623855590820e-01
3.539425134658813477e-01
3.591302931308746338e-01
4.100948572158813477e-01
3.262948989868164062e-01
3.826760649681091309e-01
3.613906800746917725e-01
3.670840859413146973e-01
3.598701953887939453e-01
3.915320932865142822e-01
3.450439274311065674e-01
3.613033592700958252e-01
3.401648998260498047e-01
3.720866143703460693e-01
