2.985437686887931079e+06
6.695687461545755386e+09
1.685284110928832293e+09
5.765646947318195343e+09
6.242624908640827052e+06
3.822243105598805904e+09
0.000000000000000000e+00
0.000000000000000000e+00
2.203678484677214146e+09
1.941623825147796392e+09
0.000000000000000000e+00
2.630106735155240059e+09
0.000000000000000000e+00
1.248369186593672514e+09
2.238015305919189472e+06
2.070514069885541677e+09
3.264365006849581599e+08
8.159239926828287125e+09
9.987315655430086851e+08
5.002502089942132950e+09
1.421407308064607143e+09
3.875462984038516521e+09
2.158936952062776566e+09
9.378423101878580093e+09
1.851101810065317154e+09
1.323391576320942724e+06
9.550492509054697584e+05
2.256495972372388363e+09
0.000000000000000000e+00
0.000000000000000000e+00
0.000000000000000000e+00
0.000000000000000000e+00
0.000000000000000000e+00
1.879858234828114033e+09
0.000000000000000000e+00
1.127441411657919548e+07
6.523945816999211907e+06
1.502346848390460253e+09
2.976888115111129731e+07
5.332789732460044861e+09
3.693792183014095783e+09
9.427006736874959946e+09
7.671529744762382507e+09
1.660692523068521500e+09
0.000000000000000000e+00
1.381992832722998857e+09
2.470202860181096077e+09
1.055702258119768262e+09
0.000000000000000000e+00
4.771780080687569618e+09
4.394896253033376299e+06
0.000000000000000000e+00
6.818138951689279079e+08
0.000000000000000000e+00
1.265898462452153444e+09
1.752473219812132359e+09
2.179706301495304585e+09
0.000000000000000000e+00
3.127719614975745678e+09
2.542115251485775948e+09
1.964737088145660639e+09
2.848514627640130997e+09
3.591413630828223228e+09
0.000000000000000000e+00
1.679565086875015020e+09
2.076127717031313658e+09
2.215118659860957623e+09
2.927214217940736294e+09
0.000000000000000000e+00
2.900544891321218491e+09
1.808285493469480038e+09
0.000000000000000000e+00
0.000000000000000000e+00
2.002853084575384140e+09
3.722045756428662300e+09
0.000000000000000000e+00
2.515731742353229046e+09
6.707666544081751823e+09
2.019963992807904959e+09
0.000000000000000000e+00
1.445547185086362362e+09
0.000000000000000000e+00
0.000000000000000000e+00
5.373113813230412453e+07
4.142694115429064751e+09
3.658684228537657738e+09
6.383858832940750122e+08
1.799049155624555588e+09
0.000000000000000000e+00
1.721747826674397707e+09
1.668764080786761761e+09
0.000000000000000000e+00
1.073770443928429365e+09
0.000000000000000000e+00
2.028387104070494890e+09
1.651063972102025509e+09
2.289030426828616142e+09
4.373883721712090820e+07
0.000000000000000000e+00
2.167087588621741772e+09
1.359830695818328142e+09
1.067453394777322006e+10
3.367987359612913132e+09
1.763169325291216850e+09
0.000000000000000000e+00
2.926121675936679363e+09
5.859202097450319290e+09
2.230347118437986374e+09
0.000000000000000000e+00
0.000000000000000000e+00
1.990257124885433540e+07
1.064154580619952455e+07
0.000000000000000000e+00
1.582548515156669617e+09
2.485694383513256550e+09
0.000000000000000000e+00
1.892079551302811623e+09
6.250278818048398018e+09
2.917966228589542389e+09
1.628873506599167362e+07
0.000000000000000000e+00
1.712005868433924913e+09
3.211670874896484852e+09
0.000000000000000000e+00
0.000000000000000000e+00
2.187094718635437012e+09
5.749097654626120567e+09
1.363640280887808800e+09
1.575748409513508797e+09
2.839615042176625729e+09
1.937381876926491499e+09
4.539342083609205246e+09
2.278604111317270756e+09
0.000000000000000000e+00
3.123032143329706192e+09
4.677372776750619888e+09
9.398441435288872719e+08
0.000000000000000000e+00
2.372483128109673023e+09
4.301106614301375389e+09
0.000000000000000000e+00
0.000000000000000000e+00
4.988581433657457352e+09
1.157978979871809244e+09
3.974384376613978863e+09
3.539171091534011841e+09
1.466540624728784800e+09
4.967603964703470230e+09
2.489233929339063644e+09
0.000000000000000000e+00
2.241768208087855816e+09
3.206639292334967136e+09
3.163819625509029388e+09
2.133848349629589081e+09
1.861434975618385077e+09
0.000000000000000000e+00
3.529469757994203091e+09
8.248430995048799515e+09
3.593022825729688168e+09
4.651785763244720459e+09
0.000000000000000000e+00
3.921691568298779964e+09
1.603755676164225101e+09
1.387146302795674086e+09
0.000000000000000000e+00
4.550380106828864098e+09
2.987077079636250973e+09
0.000000000000000000e+00
3.232621543921207905e+09
5.263739681424305439e+08
3.799030790180284500e+09
2.571365895003407955e+09
4.434360893940580077e+06
3.313853385814202785e+09
2.081482320365080357e+09
6.102652575493424416e+09
1.849354743257824898e+09
4.633740425348006248e+09
2.626280368594063282e+09
1.365827974983189821e+09
6.963641102282028198e+08
1.519633480881423712e+09
0.000000000000000000e+00
1.890455702853505135e+09
0.000000000000000000e+00
4.762379722489089012e+09
1.473830346521870375e+09
2.158116941686237335e+09
0.000000000000000000e+00
3.156692599971085072e+09
1.797063120325361967e+09
7.478320819207253456e+08
0.000000000000000000e+00
1.301696036621331453e+09
2.390215411197576523e+09
7.669744272654372454e+08
3.739807719146229744e+09
3.915908769425168037e+09
3.152100138818465233e+09
2.790901534524476051e+09
1.919583197003584385e+09
1.978040067700681686e+09
2.638865384820466995e+09
1.354512472987881675e+07
3.219876414376821995e+09
4.437940864077458382e+09
1.325187283767046452e+09
2.428034536768305302e+09
1.385490237065416574e+09
3.180970648997546673e+09
2.286613947530759335e+09
2.557614036395359039e+09
2.887371227986977577e+09
1.221853020232347488e+09
2.601164441853543758e+09
1.976424904435830593e+09
1.148631346306060314e+09
3.539124461501022339e+09
4.124023765846882820e+09
3.344800299896658897e+09
2.253361588058897495e+09
1.922417931979053497e+09
0.000000000000000000e+00
1.556855640353529692e+09
2.307081085088032722e+09
2.816841071089817524e+09
1.205484134684451342e+09
8.929980010937505960e+08
2.343672308798689365e+09
2.996070369814099073e+08
1.671635825946237803e+09
1.478602046981407642e+09
1.414258858703468561e+09
1.099448493708759069e+09
2.501953247677462101e+09
1.729496977754390955e+09
2.290941301255405426e+09
2.994123583161945343e+09
1.424031612474761724e+09
0.000000000000000000e+00
5.525875845705402374e+09
4.751077828718747139e+09
2.792869504172415733e+09
1.626693076683995008e+09
0.000000000000000000e+00
1.640723651194702864e+09
1.288288138305284977e+09
1.857637428153332949e+09
2.716039733762504578e+09
8.877405471095595509e+06
3.024886446097774982e+09
5.572583140725494385e+09
2.666885743719975471e+09
3.855938887755693913e+09
3.369762823797508240e+09
1.327625193757418156e+09
1.731495790764170170e+09
1.370228942443890333e+09
1.155822132717468977e+09
1.320298792074992657e+09
1.215366496415790081e+09
2.579934594180147648e+09
3.901437647201494217e+09
0.000000000000000000e+00
2.004459033728426695e+09
1.631837848909701586e+09
1.941986268655972004e+09
4.823571082258199692e+09
1.707331780819418430e+09
1.730841932452048779e+09
2.383082576997778378e+06
1.293501138143019676e+09
2.819248276905491829e+09
4.239108312249414921e+09
2.282024150456849098e+09
1.650647080946616650e+09
7.842852178575519323e+08
9.413746783236680031e+08
1.984304766256543398e+09
5.480787501928231239e+09
4.656098462485981941e+09
2.166916280649263859e+09
2.657835647289225578e+09
2.129120984101365328e+09
0.000000000000000000e+00
0.000000000000000000e+00
1.630372904740287781e+09
3.911877910803195953e+09
2.559929001611722469e+09
3.126346274497207642e+09
2.645421557634960651e+09
1.385289451859684944e+09
5.259707229485436440e+09
2.085911522690947771e+09
1.421906802435501575e+09
2.046601315299643993e+09
7.562210427141027451e+08
1.109998567247557878e+09
1.412244763712232351e+09
1.516263528289706945e+09
2.348128268977360249e+09
1.069316184633388281e+09
2.640708751677423954e+09
1.356710846463621616e+09
4.714029498504959106e+09
2.907048913345727444e+09
1.784354153884406805e+09
1.189909247556670189e+09
2.207223549489524364e+09
6.293441599515093565e+08
2.581697110574007511e+09
1.862297649634307384e+09
1.842160448169551611e+09
1.977853301273142576e+09
1.795777119440389872e+09
3.086922988471680164e+09
1.108218210441059589e+09
1.108600344348992348e+09
2.860028452792487621e+09
5.533720205221648216e+08
2.663374302808844090e+09
1.763688219105048656e+09
2.231508164891296864e+09
1.161437289924623251e+09
2.218394696770597935e+09
1.096509401342206240e+09
1.785996673877884388e+09
6.789915303686331511e+08
3.204647163678028107e+09
7.011268276087895632e+08
0.000000000000000000e+00
0.000000000000000000e+00
0.000000000000000000e+00
1.843378464919049263e+09
1.494873406315504789e+09
3.226536708107732773e+09
1.956208828338641405e+09
2.393046142343776226e+09
4.925285952881263733e+09
1.275889391385549545e+09
1.126257379347905636e+09
1.324099390440800667e+09
2.376978206525675774e+09
1.505351965298894405e+09
2.332423391849799633e+09
2.944078040508667469e+09
1.087426322200085640e+09
3.451514033740104675e+09
2.378570731523268700e+09
0.000000000000000000e+00
9.385468974568626881e+08
9.143731535900266171e+08
1.836792174501720905e+09
1.779924155267448902e+09
2.833666325086557865e+09
1.678138365867762566e+09
2.424651228234136105e+09
2.777573144490856647e+09
1.805650774661456823e+09
5.519836237062147141e+09
2.159098146802276611e+09
1.520334409937187195e+09
1.213041491985189676e+09
2.095212263246176004e+09
