-9.029468894004821777e-02
-2.162419855594635010e-01
1.193244084715843201e-01
1.056060791015625000e-01
-1.253759395331144333e-02
2.040469460189342499e-02
5.823439359664916992e-02
-1.390899997204542160e-02
1.637008339166641235e-01
6.687714159488677979e-02
3.671204298734664917e-02
-1.872606426477432251e-01
-6.284415721893310547e-02
1.708476841449737549e-01
1.171480715274810791e-01
4.566883295774459839e-02
1.736251413822174072e-01
7.264412194490432739e-02
1.681625843048095703e-01
3.112593293190002441e-02
6.415697187185287476e-02
2.460222840309143066e-01
-1.900219917297363281e-01
3.031817078590393066e-02
-5.942311882972717285e-02
9.457329660654067993e-02
-1.440382301807403564e-01
9.318146854639053345e-02
5.264086276292800903e-02
6.633538007736206055e-02
-9.305562078952789307e-02
-1.969586685299873352e-02
4.538910929113626480e-03
-1.202057451009750366e-01
1.847492158412933350e-01
-1.015355531126260757e-02
1.967607587575912476e-01
2.468797862529754639e-01
-5.478766560554504395e-02
2.362484484910964966e-01
9.546599467284977436e-04
-2.348581328988075256e-02
9.234914183616638184e-02
3.454185277223587036e-02
1.883220113813877106e-02
2.603659639135003090e-03
9.284513443708419800e-02
-2.449699044227600098e-01
1.343135833740234375e-01
1.405409276485443115e-01
-5.052978917956352234e-02
1.633996069431304932e-01
-5.366411805152893066e-02
2.261780574917793274e-02
1.134724318981170654e-01
1.842411458492279053e-01
7.195942103862762451e-03
1.235509216785430908e-01
-1.872458495199680328e-02
8.841671794652938843e-02
-2.036377601325511932e-02
1.928092166781425476e-02
-2.596441656351089478e-02
-6.202324759215116501e-03
1.183936297893524170e-01
2.509709261357784271e-02
1.428741868585348129e-02
1.630221754312515259e-01
-3.004768304526805878e-02
-1.078589353710412979e-02
1.111522018909454346e-01
-1.776860468089580536e-02
1.962502487003803253e-02
3.957948461174964905e-02
-6.382472347468137741e-04
-2.581607364118099213e-02
7.518560439348220825e-02
-1.169940549880266190e-02
-3.157375007867813110e-02
5.151320993900299072e-02
1.497870031744241714e-02
8.583918213844299316e-02
1.079106181859970093e-01
8.357493579387664795e-02
1.085768938064575195e-01
2.060906263068318367e-03
-8.253829926252365112e-02
-1.511098146438598633e-01
-4.410048574209213257e-02
-2.762514352798461914e-01
7.431467622518539429e-02
-5.701972171664237976e-03
-1.347992867231369019e-01
1.231445372104644775e-02
1.869003772735595703e-01
-9.890400804579257965e-03
-6.219077855348587036e-03
1.994298100471496582e-01
-3.836054727435112000e-02
-2.269841581583023071e-01
4.449510574340820312e-02
-7.503541558980941772e-02
-1.586183011531829834e-01
2.605211436748504639e-01
9.038948267698287964e-02
1.824809014797210693e-01
-1.009645499289035797e-02
3.731045871973037720e-02
4.379891976714134216e-02
1.209555193781852722e-01
-6.655520200729370117e-02
1.163356453180313110e-01
3.007597476243972778e-02
7.348780333995819092e-02
5.354839563369750977e-02
-1.679201424121856689e-02
-1.709046661853790283e-01
6.636395305395126343e-02
1.730116084218025208e-02
1.836530566215515137e-01
3.720967844128608704e-02
-6.961060315370559692e-02
-4.935814067721366882e-02
2.350832708179950714e-02
-2.750698290765285492e-02
2.542800903320312500e-01
-7.813506573438644409e-02
2.097079530358314514e-02
-2.653551287949085236e-02
-1.200236082077026367e-01
8.068917691707611084e-02
-4.861714318394660950e-02
3.315538540482521057e-02
-3.411437198519706726e-02
1.727881431579589844e-01
-1.016535982489585876e-01
2.593321502208709717e-01
7.085969299077987671e-02
1.087985932826995850e-01
4.294500499963760376e-02
7.641579210758209229e-02
1.177650410681962967e-02
-6.732330471277236938e-02
6.596918404102325439e-02
-1.145675629377365112e-01
7.037799805402755737e-02
-2.429279498755931854e-02
-1.687933504581451416e-02
-1.700468659400939941e-01
-3.639926016330718994e-02
-3.204728290438652039e-02
-2.403857409954071045e-01
-2.321382984519004822e-02
1.638504303991794586e-02
4.372800141572952271e-02
-3.948672860860824585e-02
3.553247451782226562e-02
-1.556730568408966064e-01
1.883492805063724518e-02
-2.105075865983963013e-01
1.036508157849311829e-01
7.149058580398559570e-02
6.607863120734691620e-03
1.877991408109664917e-01
4.666618071496486664e-03
2.264492446556687355e-03
-1.540502440184354782e-02
1.690028980374336243e-02
-3.701189532876014709e-03
1.754436343908309937e-01
1.924884766340255737e-01
-4.511341825127601624e-02
5.649056285619735718e-02
9.665057808160781860e-02
2.109220772981643677e-01
-6.227462366223335266e-02
1.523114144802093506e-01
6.655631214380264282e-02
1.278217583894729614e-01
1.187111139297485352e-01
3.078638948500156403e-02
7.430690526962280273e-02
8.859871327877044678e-02
1.701143234968185425e-01
1.293946206569671631e-01
4.145269840955734253e-02
3.619373217225074768e-02
-4.728833737317472696e-04
1.498404741287231445e-01
-1.193328648805618286e-01
1.498597562313079834e-01
-1.559564769268035889e-01
1.125705242156982422e-01
4.614821821451187134e-02
1.446876078844070435e-01
1.185889095067977905e-01
-4.293391481041908264e-02
-2.239265143871307373e-01
1.021302565932273865e-01
-3.517565503716468811e-02
-1.734254695475101471e-02
6.010064855217933655e-02
-7.513929903507232666e-02
1.167642101645469666e-01
1.640679240226745605e-01
-1.497072279453277588e-01
-9.363483637571334839e-02
8.273014798760414124e-03
1.172474846243858337e-01
3.187230601906776428e-02
1.099937111139297485e-01
6.861392408609390259e-02
1.905002295970916748e-01
8.250898122787475586e-02
9.396568872034549713e-03
2.565062418580055237e-02
-2.508227340877056122e-02
-1.044241636991500854e-01
-1.333709806203842163e-01
-5.182277783751487732e-02
-2.451859042048454285e-02
3.851890191435813904e-02
-1.645261421799659729e-02
1.162853464484214783e-01
-1.240862011909484863e-01
1.213812679052352905e-01
-6.604241579771041870e-02
6.357633322477340698e-02
8.309885114431381226e-02
4.370567202568054199e-02
2.600298263132572174e-02
3.296242281794548035e-02
1.089208875782787800e-03
1.121367663145065308e-01
6.557480990886688232e-02
-7.655730843544006348e-02
-6.168357655405998230e-02
-1.321860551834106445e-01
1.810517013072967529e-01
4.393468052148818970e-02
-1.332621574401855469e-01
3.920883685350418091e-02
1.137122958898544312e-01
1.237358152866363525e-02
1.024647951126098633e-01
-3.695668652653694153e-02
1.230388954281806946e-01
8.777146786451339722e-02
1.647509038448333740e-01
8.409891277551651001e-02
1.000193804502487183e-01
-4.398073256015777588e-02
-3.428378328680992126e-02
1.000461503863334656e-01
-3.221210092306137085e-02
-2.212192863225936890e-02
2.667631767690181732e-02
2.127905748784542084e-02
1.109323799610137939e-01
2.077267020940780640e-01
-4.283785074949264526e-02
-1.132262796163558960e-01
-8.386982977390289307e-02
5.335237830877304077e-02
-6.620349735021591187e-02
1.083811745047569275e-01
-2.079764381051063538e-02
-1.140628904104232788e-01
8.985037566162645817e-04
-1.789091713726520538e-02
2.310105711221694946e-01
-3.239254280924797058e-02
-1.726499944925308228e-01
4.524695128202438354e-02
2.782440930604934692e-02
-1.107577327638864517e-02
1.698484271764755249e-01
8.438287675380706787e-02
-1.371673196554183960e-01
-4.316586628556251526e-02
-1.372728794813156128e-01
2.313520293682813644e-03
3.211706131696701050e-02
1.261067092418670654e-01
-1.212264969944953918e-02
1.300264988094568253e-02
3.757178038358688354e-02
-2.457287907600402832e-02
1.380049884319305420e-01
1.069110333919525146e-01
1.274074912071228027e-01
-6.891328096389770508e-02
-1.000957041978836060e-01
-1.790197193622589111e-01
4.591739550232887268e-02
9.797975420951843262e-02
1.484366059303283691e-01
5.211404711008071899e-02
9.557826071977615356e-02
-8.580368943512439728e-03
1.468340121209621429e-02
-2.064792215824127197e-01
-1.190392300486564636e-01
4.513829201459884644e-02
-5.954202264547348022e-03
-3.010533004999160767e-02
9.589671343564987183e-02
1.001309305429458618e-01
3.491048142313957214e-02
1.313276886940002441e-01
5.430900678038597107e-02
1.605427712202072144e-01
9.725265204906463623e-02
9.121352434158325195e-02
1.411379426717758179e-01
-8.680362254381179810e-02
1.007602214813232422e-01
2.337971515953540802e-02
4.138949513435363770e-02
-1.027401387691497803e-01
-3.078103438019752502e-02
-3.050586208701133728e-02
3.952550888061523438e-02
6.625609099864959717e-02
4.091307986527681351e-03
5.732109397649765015e-02
-6.600200384855270386e-02
1.194749176502227783e-01
-3.528309240937232971e-02
-7.745032664388418198e-03
-2.462081983685493469e-02
5.081889033317565918e-02
1.051619648933410645e-01
-5.625402927398681641e-02
1.463084481656551361e-02
6.780876219272613525e-02
1.059298738837242126e-01
-7.875862531363964081e-03
-2.093405574560165405e-01
9.608402848243713379e-02
1.120283752679824829e-01
8.688966929912567139e-02
-7.298836950212717056e-03
1.166386827826499939e-01
1.007640082389116287e-02
3.749732300639152527e-02
3.739478066563606262e-02
-7.994194328784942627e-02
3.183299675583839417e-02
1.546244323253631592e-02
-3.501871973276138306e-02
1.055180504918098450e-01
9.746684879064559937e-02
-8.661458268761634827e-03
8.535591512918472290e-02
3.235776443034410477e-03
-3.779493039473891258e-03
-5.505175329744815826e-03
9.404050558805465698e-02
-6.454282999038696289e-02
9.572696685791015625e-02
7.979238778352737427e-02
1.392596662044525146e-01
6.061332300305366516e-02
