1.975199207628906828e-01
1.044735118673114860e+00
1.994372595720307895e-01
7.595254015468853037e-01
1.463076422411122290e-01
3.316102912935164349e-01
3.163477315132975226e-02
1.393383254639438216e-03
3.601386585971754761e-01
3.279206828395594409e-01
1.531331570944346465e-01
3.864107277635651094e-01
3.218049777185822552e-02
1.394814841999549027e-01
1.403961252593538545e-02
3.676343065092653739e-01
1.486333440103616670e-02
3.521104690515165503e-01
1.691169792545631767e-01
3.836629875530219169e-01
3.037737199800592536e-01
2.221875751417759226e-01
5.033899257267094862e-01
5.526012786825198475e-01
2.734300549945489767e-01
9.145660739262244376e-02
1.240342381277372563e-01
2.180369753322663195e-01
9.945807078715199201e-02
2.496818009757739015e-02
3.014421576615834361e-02
3.308323976288304186e-02
2.385276842606422545e-02
3.427184854376410517e-01
2.231364650126967109e-02
5.910488568384267977e-02
6.541165986514663189e-02
3.631791476358580129e-01
1.093608933468716710e-01
1.643511900834766226e-01
4.566579620213415125e-01
9.389574647507108462e-01
4.345841837880637937e-01
2.283478912631712321e-01
1.174829254957196999e-02
2.340155143811290805e-01
1.544003348231484385e-01
4.258027856398213795e-01
1.657757789844866532e-03
3.685849437662805927e-01
9.323408217953789434e-02
1.956514784213277819e-02
3.848790172334807247e-01
1.774883140432032547e-01
1.136366123122144606e-01
2.352044520265321459e-01
3.134037451107954952e-01
3.439230020242990595e-03
2.576934722076170137e-01
5.241569189560371100e-01
3.417324919611911538e-01
3.870814960301559582e-01
4.996811841888384453e-01
1.038581574997827772e-01
1.719223090592005010e-01
1.926721103738260610e-01
3.572816043356243365e-01
3.951079732676404110e-01
3.215893722298908235e-03
3.097765455048213656e-01
2.005463590662553697e-01
1.294055787318358630e-02
8.675192866681259718e-02
2.183374208143539774e-01
8.009035101725716643e-01
1.952342348008651030e-01
3.004901685364512187e-01
8.345335898750192438e-01
5.910666202161400928e-01
5.067017469705539096e-02
4.046977272184676955e-01
1.087013463657465623e-01
2.013752629627986804e-02
1.407615578945589918e-01
2.118729003816005596e-01
3.486469376080720828e-01
2.019840110869182970e-01
3.695588547900749421e-01
1.463617015826137180e-01
6.075678262937908025e-01
2.168998305676829164e-01
9.863306837179034933e-03
3.702837378648971556e-01
5.484058528795401899e-02
3.013265400405661931e-01
2.087857950402035312e-01
3.987812921712244330e-01
2.593300973538941595e-02
4.653313290542867436e-02
4.647269281110676942e-01
2.078365329895759117e-01
1.832619469101569587e+00
6.266978854544847932e-01
2.132989909993625866e-01
2.419824654083117203e-03
1.820372269743736893e-01
5.856159744993386651e-01
4.322125469403138576e-01
5.283210743440712627e-03
1.657736022227342815e-02
8.466132054036203114e-02
8.386054150583266767e-03
9.878680955943318354e-02
2.700117921534223586e-01
2.520151048045546904e-01
4.523456109487145049e-02
5.293132941048159790e-01
7.614728127259094981e-01
2.875343838646071681e-01
1.197983852293782112e-02
1.547088959226757682e-02
2.477777260112979940e-01
3.842513838865949105e-01
8.066987979504453010e-02
4.513593565310407979e-02
6.283663608361760022e-02
6.829458217802060194e-01
2.135232712959399815e-01
3.197087548733296702e-01
7.763284027183258162e-01
2.958764523213966990e-01
5.167283947723544379e-01
2.576720470686934550e-01
1.119027140672782944e-01
2.230507823829270542e-01
4.624893071400469902e-01
2.439518565999576338e-01
1.381168911295826973e-01
1.312045907137535383e-01
3.061070930943444179e-01
7.166323109463373919e-02
2.584060686300674800e-02
6.854294166131746913e-01
1.714119896972677026e-01
3.637778929818824558e-01
7.179260238192475274e-01
3.136184619049692257e-01
6.643420530289559922e-01
4.140125595601825692e-01
1.679489317489603556e-03
1.711199303211978218e-01
5.530676965111069876e-01
3.070767721811571982e-01
3.380001829770729049e-01
1.147176415038944630e-01
1.516401764753255443e-01
2.777663993118181796e-01
1.123818776806885467e+00
4.727882736599556268e-01
1.239098636163813882e+00
8.982649452446074198e-03
3.450158778732592690e-01
1.470854643389062355e-01
2.724354390440701379e-01
1.071057435198811969e-01
4.577495924863332344e-01
3.988889388620580068e-01
1.563972280836682660e-01
2.738672306316974336e-01
1.645293090958531435e-01
3.547617269803088336e-01
8.913573032201200785e-01
3.671387668555113962e-03
3.247615238626128109e-01
1.753247788948886221e-01
8.174413121677986949e-01
4.550243062562884244e-01
2.543482396547903646e-01
1.977373133437191899e-01
1.875878441225427851e-01
3.079857444110047915e-01
1.268838696507029185e-01
2.991805259932636338e-02
2.592379224940591920e-01
2.211960092654104149e-02
3.238177966884749348e-01
1.858534722739210998e-01
2.747508162638932494e-01
1.095544823117101767e-02
4.711762805964173628e-01
1.307693658832684569e-01
4.483248751533510656e-01
1.043945737884141925e-02
1.587196867929330235e-01
2.179702797526089642e-01
3.054964962677250706e-01
3.740374979760926477e-01
9.231332561274413484e-01
4.466606556168393749e-01
3.174450758544368756e-01
1.846396087686635601e-01
4.177353342828887262e-01
4.309225821764612885e-01
2.675265455978801526e-02
2.178487271162327654e-01
8.270150430102574113e-01
5.163011007563016452e-01
3.042910457264961233e-01
5.277422420984189122e-01
3.932910935787204409e-01
2.742565912596350852e-01
5.978383560349365133e-01
1.949180109148303808e-01
2.089094015632688150e-01
2.794883326757351405e-01
2.247645959283909034e-01
2.256268702694975148e-01
3.796099957477667708e-01
6.118288701640820504e-01
7.100836393167604399e-01
3.985307637177789575e-01
2.072999877721093676e-01
7.939421564103793516e-02
1.223349740509586253e-01
6.559997779681689956e-01
1.695962838477385604e-01
5.776208209297204466e-01
2.671354707745209334e-01
1.053771474503904931e-01
2.656199576660307482e-01
5.108193305973338649e-01
3.143000493056193334e-01
2.016856793277073956e-01
3.615199046316914799e-01
1.989246398337152499e-01
5.272675665615668139e-01
3.078335734027787263e-01
3.902921536857811291e-01
1.698424156742608382e-01
1.360966680135685947e-01
7.610616832411564170e-01
4.251457130280844599e-01
2.399875734687692552e-01
2.980754251786618680e-01
5.619295613274716446e-03
2.418915512650499922e-01
3.934202752269146952e-01
2.035940040607818191e-01
1.178695730319001128e-01
0.000000000000000000e+00
6.193684771313148207e-01
6.587913188047253010e-01
4.107275886318642044e-01
3.780405085643808727e-01
2.779162256242900808e-01
2.028926841321698760e-01
2.496271538824605951e-01
1.682808486962937833e-01
2.662040733642070389e-01
4.123355990429534712e-01
2.272487387678624737e-01
3.238167051741636104e-01
6.175800316770831966e-01
2.695370938485574380e-02
2.558922930461798861e-01
2.576694072793230261e-01
2.902142361553002869e-01
6.485215130023004315e-01
2.051640764615806078e-01
2.199398839453151067e-01
4.939345383999276667e-02
3.325410272097644171e-01
7.392474101050591218e-01
3.986650894631272313e-01
2.542896107910981307e-01
3.289820466937158905e-01
2.592447590879860542e-01
2.466335443897064161e-01
5.713985649206126949e-01
6.229693628027341834e-01
7.910491858968995427e-01
3.225814174573039539e-01
2.882008259494832081e-01
3.181757443321026058e-01
1.047966554658871438e-02
5.842495029334743989e-02
2.218813718727437601e-01
3.859207395669388974e-01
1.551832505393022921e-01
3.158240292803578542e-01
1.512621028279641788e-01
2.680493260309133041e-01
3.972922710738689966e-01
4.112453399460831438e-01
2.322638604800746076e-01
1.687637645249764062e-01
2.095869501619056774e-01
5.076779964606270568e-01
1.550545780815187347e-01
3.216565506756551285e-01
2.804050622595674058e-01
4.044615695867993521e-01
3.817346722588258467e-01
1.535656779948372797e-01
5.707185059427075657e-01
3.573930214467947453e-01
1.920337010687893642e-01
7.872010238337967536e-02
2.615386667548169619e-01
2.155407259068831405e-01
2.283431190026087299e-01
1.099581833555432625e-01
2.395316640351340121e-01
2.133495856399092727e-01
1.065175351517058944e-01
4.534431627436641965e-01
4.922213149527874809e-01
9.379365927274287140e-02
3.641987941430211984e-01
4.857130606299492337e-01
5.555070072594813224e-01
2.472655641473699151e-01
2.258517500339816408e-01
1.043457867166499853e-01
4.317612512088294108e-01
1.259729313583564936e-01
5.511063445134019023e-01
3.176088525000769769e-01
2.976117628657625191e-01
1.542497418030059630e-01
1.366495237213862478e-02
4.446883398693456807e-02
3.284414755249646933e-02
4.534510425562007785e-01
2.221575027775999356e-01
7.411543159650905155e-01
1.035329812520019016e-01
2.382682056511990776e-01
8.699911016025750898e-01
2.138153451764881197e-01
1.587367945490036347e-01
1.498481890847152553e-01
1.412117224797398429e-01
1.432913647012761804e-01
3.111113961712518861e-01
3.192365493386426500e-01
2.195878061898658140e-01
4.307649964014976796e-01
2.025396365392082287e-01
2.592082626385298558e-03
1.515432747369981348e-01
3.832777260383278817e-01
2.441937227684266853e-01
2.535732216679307260e-01
4.013460618560635851e-01
1.563535435882106583e-01
2.278944705013780381e-01
2.675800602029982378e-01
2.022744417069332057e-01
5.423067229044613580e-01
1.983247498847937884e-01
1.679503335481717929e-01
6.762209612687876403e-02
2.371264642907953135e-01
