3.567131679952760592e+00
5.575952170062001834e+00
6.868910540301150780e-01
5.937407735459108160e-01
3.119833185710068069e+00
6.276572187776794376e-01
1.852007676409802350e+00
5.429583702391497235e-01
1.684529081783288973e+00
2.393379096545615425e+00
2.316061411278417470e+00
3.155927074106879004e+00
7.939917330971362208e-01
1.039267788603483789e+00
1.047793032181872031e+00
1.871973723058754091e+00
4.654561558901683105e-01
1.916666666666666519e+00
5.734425745497491178e-01
2.042626217891939877e+00
1.745017714791851082e+00
6.170652494833185342e-01
2.571671095364629789e+00
1.723796870386772984e+00
1.445231768526719751e+00
1.559713610865072431e+00
3.486787717744316950e+00
1.393379096545615647e+00
1.819973427812223266e+00
5.461322704458222432e-01
4.157108060230291890e+00
1.555617065249483177e+00
8.798346619427220849e-01
2.185119574844995416e+00
4.529819899616179812e-01
1.724055211101269469e+00
9.400280484204309728e-01
1.024579273693533965e+00
1.847578978447003140e+00
1.274468556244464201e+00
1.035097431355181508e+00
1.453203424859758064e+00
6.836802480070859334e-01
8.318571006790670408e-01
1.746826099793327369e+00
8.683200472394448921e-01
7.261219368172423527e-01
7.596287274874519824e+00
5.873191614998523047e-01
6.578830823737821243e-01
3.246641570711544134e+00
1.156665190434012391e+00
2.226011219368172256e+00
2.156812813699438891e+00
1.881273988780631790e+00
4.133820490109241796e-01
1.428734868615293863e+00
3.600531443755535799e-01
2.338131089459698941e+00
5.078240330676113690e-01
1.732691172128727253e+00
1.637105107764983858e+00
1.200324771183938655e+00
1.253542958370239102e+00
3.297423974018304893e+00
6.871493947446117856e-01
1.616290227339828744e+00
1.339053734868615342e+00
5.237304399173309255e-01
1.335326247416592782e+00
9.266681428993208680e-01
5.147254207263064485e-01
1.322741364038972467e+00
9.332742840271626150e-01
2.777088869205786903e+00
2.407329495128432306e+00
1.941430469441984163e+00
5.963979923235902536e-01
1.940766164747564249e+00
4.032698553291999000e-01
9.574106879244168589e-01
1.786241511662237880e+00
5.826321228225568305e-01
7.318792441688810602e-01
1.061595807499261968e+00
7.122453498671390548e-01
3.900907883082374017e+00
2.458148804251549802e+00
2.696855624446413024e+00
3.934455270150575945e+00
9.223501623855919762e-01
1.035577206967818187e+00
3.362599645704162921e+00
1.280152051963389548e+00
4.339754945379391549e-01
1.802221730144670797e+00
1.177959846471803962e+00
4.264467080011809519e-01
1.277900797165633318e+00
3.397254207263064707e+00
1.497342781222320562e+00
1.818091231178033729e+00
2.753100088573959603e+00
6.542294065544729254e-01
5.480144670800118911e-01
1.139762326542663073e+00
1.093593150280484316e+00
8.707189253026277331e-01
4.815101860053144223e-01
5.345069382934750646e-01
1.883820490109241241e+00
5.981694715087098047e-01
3.061521995866548718e+00
1.975125479775612591e+00
3.068681724239739950e+00
1.804288455860643570e+00
2.613817537643932543e+00
9.973427812223205624e-01
6.800265721877768454e-01
6.245940360200766817e-01
1.241216415707115495e+00
1.288271331561854138e+00
9.074771183938588059e-01
1.240072335400059123e+00
1.173309713610865002e+00
6.189105403011514461e-01
1.125184529081783236e+00
2.905225863596102798e+00
1.816172128727487456e+00
2.109720992028343733e+00
1.699771183938588504e+00
9.728742249778564721e-01
1.338610865072335399e+00
1.905041334514319562e+00
8.309344552701506403e-01
7.084071449660466202e-01
4.832816651904340288e-01
1.509706229701800906e+00
1.199439031591378768e+00
7.139061116031886201e-01
5.089681133746678521e-01
4.440507824033067541e-01
1.388728963684676687e+00
1.368467670504871725e+00
1.436485090050191982e+00
1.643010038382049176e+00
9.244537939179214847e-01
8.687998228520814603e-01
3.286462946560377851e+00
1.570268674343076487e+00
1.165707115441393604e+00
5.023841157366400800e+00
6.380646589902568833e-01
1.172829937998228544e+00
8.428550339533509295e-01
9.998523767345733892e-01
7.101417183348095463e-01
1.423863300856214931e+00
1.043917921464422749e+00
2.803291998819013919e+00
6.547829937998228544e-01
7.920726306465898370e-01
2.399099498080897508e+00
1.002620312961322702e+00
1.036795098907587809e+00
8.594995571302037618e-01
1.235865072335400106e+00
2.530410392677886033e+00
1.611271036315323313e+00
1.392013581340419082e+00
7.255683495718925347e-01
2.865662828461765788e+00
7.962429878948923401e-01
8.291629760850310893e-01
7.854295837023915761e-01
1.243209329790374795e+00
6.140758783584292502e-01
5.917109536462946684e-01
8.214496604664894841e-01
8.579864186595808073e-01
1.693017419545320257e+00
6.958222615884263051e-01
5.505240625922644959e-01
1.367102155299675159e+00
6.946781812813699331e-01
1.049749040448774595e+00
1.679030115146147084e+00
1.802627694124594226e+00
6.019707705934455033e-01
4.473058754059639597e+00
7.473796870386772984e-01
2.930100383820489984e+00
7.301446708001180230e-01
9.234942426926483483e-01
9.781886625332152363e-01
1.502325066430469702e+00
8.403454384410983247e-01
1.829015352819604256e+00
1.358392382639503904e+00
1.867618836728668574e+00
7.325435488633008640e-01
1.121641570711544134e+00
2.007196634189548412e+00
4.945379391792146806e-01
1.007713315618541605e+00
1.194456746383230072e+00
2.395741068792441641e+00
1.339976380277531742e+00
8.866622379687038036e-01
1.307240921169176229e+00
1.010702686743430778e+00
9.971951579568939517e-01
5.966563330380868502e-01
9.722468260997932932e-01
1.246087983466194204e+00
3.725900501919102936e+00
1.324734278122232212e+00
5.466489518748155474e-01
1.202539120165338149e+00
1.153454384410983247e+00
2.519375553587245520e+00
4.789341600236197038e+00
1.583739297313256467e+00
1.685045763212282388e+00
2.742655742545025088e+00
1.527236492471213625e+00
1.430653971065839913e+00
1.238965160909359264e+00
5.622601121936817714e-01
7.739149689991142722e-01
1.030963979923235962e+00
2.704642751697667435e+00
2.700398582816652127e+00
1.942094774136403856e+00
1.061226749335695274e+00
1.978262474165928486e+00
1.280299675228816048e+00
2.896516090935931320e+00
5.846988485385297141e-01
1.162127251254797766e+00
1.321302037201062873e+00
7.533953351048124913e-01
6.289489223501623094e-01
1.674010924121641430e+00
5.169397697077059428e-01
1.879723944493652210e+00
1.044656037791555914e+00
1.157329495128432306e+00
4.835031000885740005e-01
8.516017124298790320e-01
1.226933864777088878e+00
1.139873043991733059e+00
1.141755240625922596e+00
4.900723354000590670e-01
7.425819309123118384e-01
2.707705934455270302e+00
1.121604664895187398e+00
1.439474461175081155e+00
9.079937998228521101e-01
9.095807499261883144e-01
3.246493947446117190e+00
2.466415707115441336e+00
2.302516976675524241e+00
1.006975199291408218e+00
1.484905521110126969e+00
1.255498966637141889e+00
2.161647475642161087e+00
6.937555358724534216e-01
1.775391201653380602e+00
1.021442279303218292e+00
5.242102155299676047e-01
2.064622084440507876e+00
1.159100974313551857e+00
6.445231768526719085e-01
1.155152051963389326e+00
1.459551225273103103e+00
9.041555949217596755e-01
1.114297313256569222e+00
2.787422497785651210e+00
6.333038086802480482e-01
1.211728668438145862e+00
1.078720106288751035e+00
1.026719811042220210e+00
1.559455270150575723e+00
9.395851786241511405e-01
7.560156480661353040e-01
1.337097726601712555e+00
1.207853557720696802e+00
7.508488337762031506e-01
1.123671390611160392e+00
7.766090935931502237e-01
1.886625332152347179e+00
9.599202834366695747e-01
2.474719515795689162e+00
1.394449365219958548e+00
9.014245645113669880e-01
1.234351933864777040e+00
1.166334514319456783e+00
7.821449660466489595e-01
1.401978151756716917e+00
8.823811632713315367e-01
4.011440803070564165e+00
2.343556244464127580e+00
4.858281665190434251e-01
1.287053439622084516e+00
1.061817242397401717e+00
9.304694419840566777e-01
1.080417773841157336e+00
8.413788012990847109e-01
1.115146147032772372e+00
7.794139356362562721e-01
8.213758488337762342e-01
7.098464718039563248e-01
8.253616770002952796e-01
6.114186595807499236e-01
1.030705639208739255e+00
1.613669914378506043e+00
1.458407144966046731e+00
9.660466489518747535e-01
3.609757897844700469e+00
1.141829052258636068e+00
1.311854148213758453e+00
1.252214348981399494e+00
1.281000885739592476e+00
1.200103336285798461e+00
8.565839976380278387e-01
9.572261588426336232e-01
1.120128432240921068e+00
6.775538824918807546e-01
1.284654561558901786e+00
5.188957779746087295e-01
8.876586950103335649e-01
5.473132565692353513e-01
1.555137289636846720e+00
9.393637437260112799e-01
6.920209625036906065e-01
6.523472099202834995e-01
1.805764688514909899e+00
1.626402421021553080e+00
1.220918216710953574e+00
6.376956008266903009e-01
1.049195453203424888e+00
1.922866843814585280e+00
7.116548568054325008e-01
8.347357543548863390e-01
6.962651313847062484e-01
1.367877177443165060e+00
1.809455270150575723e+00
8.187186300560967966e-01
5.669840566873338705e-01
1.508746678476527769e+00
8.326690286389135665e-01
9.117581930912311838e-01
1.292552406259226405e+00
5.479037496309417943e-01
8.276129317980513989e-01
6.668511957484499764e-01
8.380941836433422054e-01
1.046206082078535493e+00
6.037791555949216793e-01
6.759669323885444392e-01
5.252435783879539910e-01
7.042736935341009641e-01
1.369722468260997861e+00
