5.097112308831963645e-01
2.592995565632589816e-01
6.784723703299153641e-01
1.790151915256776860e-01
6.104480016688639266e-01
5.061121177931804382e-01
7.068625371548862280e-01
5.986505879604041569e-01
2.668466629507963983e-01
6.899932849609689001e-01
5.282294433618508478e-01
3.530071683307147712e-01
8.731159086087492138e-01
6.925439899411041100e-01
1.023995055670672283e+00
4.635570694299313566e-01
9.653464981407893220e-01
1.979995480295642096e-01
3.837613948202729386e-01
2.522012935429120972e-01
6.324713228429255096e-01
8.261545259935820784e-01
3.151718669034007103e-01
2.811739430882780333e-01
3.552209518781310749e-01
5.889173139996008999e-01
5.732008879388115208e-01
6.412948118669694608e-01
7.119839730205714812e-01
8.258456000904967897e-01
8.005255669225139759e-01
5.651071312834423654e-01
7.806216342807819064e-01
4.136167184061532165e-01
5.273445087675404652e-01
4.714455489655158260e-01
7.209239884338138893e-01
4.122525900980544833e-01
3.182514476865021535e-01
4.600501092791544622e-01
3.597911823061414882e-01
3.847513331414600390e-01
6.275798179009515199e-01
4.546332997144111321e-01
5.488882577715197275e-01
4.939679500346880747e-01
7.557551034740919160e-01
4.061991692868265336e-01
7.450439452532695572e-01
7.068625371548862280e-01
4.314492650143026964e-01
6.321933219427458006e-01
6.375497487941801378e-01
4.221553799228173753e-01
4.974531413964433657e-01
6.381355232072001282e-01
5.195227033764117097e-01
9.087298375404038175e-01
5.309625219475981872e-01
6.592132302122395426e-01
3.668001922685042437e-01
2.501832598006534791e-01
2.268842541767894794e-01
3.522013160217163374e-01
5.557177203292273937e-01
4.650240571675445800e-01
4.597653186771948342e-01
2.991807798795038664e-01
8.727835729440900359e-01
4.211493403407704506e-01
6.290905527817682863e-01
1.029585156973436222e+00
8.232302086593630275e-01
5.789578021446279976e-01
3.188667105947435854e-01
3.973751751557981216e-01
4.425044866200726901e-01
2.176171061382552452e-01
1.924840956129472147e-01
9.562150778453512023e-01
5.355074058178912466e-01
8.088371327941364930e-01
9.005991855074721997e-01
3.305198359931471597e-01
4.757291752850458799e-01
5.843417654023945751e-01
4.771390061209674904e-01
3.290925666704203056e-01
4.548239330598224939e-01
3.085854035719495236e-01
6.873558120143941075e-01
9.479369530136332322e-01
5.267701793295966883e-01
6.950494767837258614e-01
6.457091798680869577e-01
4.277810966836139706e-01
5.733782271129999053e-01
9.191184925776376691e-01
6.983697609071963797e-01
3.975716965420947879e-01
3.477640924578302428e-01
2.361086269411232230e-01
3.110581115971726707e-01
7.496978931284299374e-01
8.282689166400720726e-01
4.621361036813180778e-01
5.045874074832648049e-01
5.054655749068039938e-01
7.821602725857544902e-01
8.563386148090319505e-01
5.945310108696402196e-01
7.574866587885071834e-01
4.906152021569682997e-01
4.006155409888760843e-01
6.927084283805260423e-01
7.062926009423224905e-01
4.104971219271036365e-01
3.912712933299682394e-01
3.270518364368426578e-01
7.649793058450500283e-01
5.532050858270132210e-01
6.969769344538043754e-01
4.677183200616730208e-01
6.109084037757295249e-01
3.928977290855353299e-01
7.011515440804030330e-01
3.885081096259288547e-01
7.336535259184067126e-01
5.062045184649341945e-01
2.884280756509014498e-01
6.209734768783592429e-01
3.805899277185080809e-01
2.974189383720160507e-01
4.095212826448413335e-01
6.756062978914134654e-01
4.733297187188858501e-01
6.157975984677961367e-01
6.291763679125961239e-01
4.282640468570659831e-01
4.772799342171991643e-01
9.980542664186881074e-01
8.182671927411415691e-01
3.455414012092326015e-01
5.406737270544506035e-01
4.437500160270195781e-01
2.463549180035862207e-01
5.021353824790333320e-01
4.143959434031612155e-01
3.269495695926529777e-01
6.291763679125961239e-01
5.272263483032794129e-01
3.797962448733434027e-01
3.922574473556037500e-01
3.654504193302827719e-01
4.650712444223705777e-01
4.408266178511535127e-01
5.670897000097602225e-01
1.189208774827132942e-01
3.278684572110031059e-01
1.706312888543530804e-01
7.346290985084737990e-01
8.715238541157146468e-01
5.488882577715197275e-01
4.350137517800927167e-01
6.051918363828063807e-01
3.972770392393476513e-01
4.060033973009058439e-01
6.983697609071963797e-01
4.258473590467439784e-01
5.074972412863087978e-01
5.113003366544732753e-01
4.568924686544201252e-01
6.220496093443554919e-01
5.036163494412995156e-01
5.335999123158774449e-01
4.503453290261840714e-01
2.580300833992184018e-01
3.073542171989543936e-01
2.916029046897290478e-01
5.816520408044234536e-01
2.719493433479702738e-01
3.501858419295895697e-01
9.018731448779260251e-01
5.783386901588833950e-01
7.760479957976358367e-01
5.116457000017800016e-01
3.638494196171462303e-01
3.509922995799810153e-01
8.325809849046306166e-01
3.290925666704203056e-01
6.314021742637161427e-01
4.283607178549571071e-01
6.584567585360394659e-01
4.709741613153466400e-01
6.039598540959523199e-01
5.384099018607184650e-01
4.439415861330875401e-01
2.495457581750999410e-01
3.956051444957320307e-01
3.461479003261609400e-01
3.056964840055815813e-01
5.069434197903603945e-01
3.376397494719556303e-01
7.558929685509334639e-01
4.624202446883707296e-01
2.225794073990052802e-01
3.706438056899936662e-01
2.552902233400016208e-01
3.364208885380470804e-01
4.285537648874644390e-01
5.846060929510865645e-01
3.853449187101731788e-01
9.115471237573100627e-01
6.613964597858350558e-01
4.401311393112097292e-01
7.393997448390217109e-01
5.485281230210683479e-01
4.713983941218169438e-01
4.984276100702240697e-01
4.711156775482645553e-01
3.143498379497680073e-01
6.193793122523272299e-01
7.285268314600026329e-01
5.698259713991746800e-01
4.607139526666619300e-01
4.674348530162166782e-01
5.045412600288476934e-01
4.475763613380887573e-01
4.367933510200887604e-01
4.489138384067259402e-01
5.651960769344117619e-01
6.745144517375023518e-01
4.876296468847178822e-01
4.661590660877901193e-01
6.501109607764783416e-01
4.151743276601327359e-01
5.212859252527628495e-01
4.624202446883707296e-01
6.135496478388096087e-01
7.898018321167428191e-01
4.256538178992663735e-01
3.372333186386062831e-01
7.420257711787865418e-01
3.841574225702477641e-01
7.711332528019571031e-01
4.837031067209798252e-01
2.272066875712988043e-01
7.175726819879533203e-01
5.662489611524470501e-01
6.731620761233552130e-01
6.568584462065381047e-01
5.589876517639662534e-01
5.238017973959149254e-01
3.890266574360050633e-01
4.487705814587856779e-01
4.846386501025368165e-01
3.540138011322699896e-01
5.634118585874385854e-01
3.221449060934120645e-01
5.311899200563841017e-01
6.858700545212190747e-01
2.542167827307313388e-01
4.232820219133434092e-01
3.759220439369010958e-01
3.920602329912785677e-01
6.162729804801281297e-01
4.433667707971651328e-01
4.544906936080476134e-01
4.545857657912751870e-01
4.367451348602062744e-01
6.720582779909503035e-01
5.707147296017243132e-01
1.952435025043213201e-01
3.912712933299682394e-01
5.369138272662221656e-01
4.815021286772945830e-01
6.030891380202716423e-01
7.006202553724146798e-01
4.923389051411359851e-01
3.879154182397570594e-01
3.632488698456226572e-01
4.739416751329386113e-01
4.893096527815932184e-01
6.440127868088527663e-01
8.882890716620293059e-01
7.820915459522757018e-01
5.062045184649341945e-01
4.481496622990586154e-01
7.988554648935921598e-01
7.435356898784628576e-01
5.469511925738081981e-01
5.367778402378513558e-01
2.420919575247619804e-01
3.540138011322699896e-01
6.221354078604133253e-01
5.603745295334099374e-01
3.726374132271710327e-01
2.740497031096793545e-01
5.253092670872261394e-01
5.074972412863087978e-01
6.870257638808023870e-01
4.939679500346880747e-01
4.711156775482645553e-01
5.460042046340980448e-01
4.431750956556077536e-01
4.567259977047681829e-01
6.311457555654917950e-01
3.566784651581897947e-01
5.276823171347582164e-01
5.166103690815784244e-01
4.180916046337948000e-01
6.175248303120934867e-01
3.686479755771847611e-01
6.852093664019693886e-01
7.354916082424161061e-01
3.317422222476158478e-01
5.153247258681740162e-01
4.099117798739280172e-01
6.740153860825051080e-01
6.150631344666794842e-01
4.149799208196736089e-01
6.404443648304416481e-01
6.243713646184363419e-01
5.612684128904696923e-01
5.934798200566062665e-01
6.512515871759805286e-01
5.119679158079024628e-01
5.240302229447579840e-01
6.351619627367761645e-01
6.977964987531442009e-01
7.735804688118215200e-01
5.347356731384099726e-01
8.541027964042142706e-01
5.568833498026326545e-01
4.955487124754467398e-01
6.749305480147795855e-01
7.055592306372537870e-01
5.767459249870101612e-01
3.684484193100827643e-01
6.968950117765215779e-01
7.183405349459113243e-01
8.141932076500386639e-01
4.784540108082266929e-01
8.966982681580606407e-01
6.499416443328511761e-01
5.492484993545434513e-01
6.016949203966368565e-01
4.233304525179450994e-01
6.301613600628592771e-01
8.638027619500217025e-01
5.240302229447579840e-01
5.443798427997630363e-01
7.191886166712639916e-01
4.880029386756257193e-01
6.562481831412818600e-01
5.978548627966346896e-01
7.860289101107407195e-01
5.632780751299679700e-01
7.705243717426946137e-01
5.216521522929267185e-01
7.225765545131941359e-01
9.327510601935273815e-01
7.828449235500675174e-01
7.331736432295263839e-01
