3.001854717731475830e-01
2.081851214170455933e-01
4.274940192699432373e-01
4.953602254390716553e-01
3.788402080535888672e-01
3.871611654758453369e-01
4.118047952651977539e-01
4.417165219783782959e-01
5.131180286407470703e-01
3.803801834583282471e-01
3.824126720428466797e-01
2.376559376716613770e-01
2.860034704208374023e-01
4.492404758930206299e-01
4.655009508132934570e-01
3.921339213848114014e-01
4.689282476902008057e-01
5.011476278305053711e-01
5.222715139389038086e-01
4.280274510383605957e-01
3.802193403244018555e-01
5.222522020339965820e-01
2.306062877178192139e-01
4.820973873138427734e-01
3.080568909645080566e-01
4.407446682453155518e-01
2.537443041801452637e-01
4.004361927509307861e-01
4.070176780223846436e-01
4.588514268398284912e-01
3.071175515651702881e-01
3.649556040763854980e-01
4.228152036666870117e-01
2.586691379547119141e-01
5.187834501266479492e-01
3.757326602935791016e-01
4.979752898216247559e-01
5.866479873657226562e-01
3.692331314086914062e-01
5.584190487861633301e-01
3.997537791728973389e-01
3.376770913600921631e-01
4.302107691764831543e-01
3.982023000717163086e-01
4.076161384582519531e-01
3.463668823242187500e-01
3.861906826496124268e-01
1.685330867767333984e-01
4.773447215557098389e-01
4.202584624290466309e-01
3.575930595397949219e-01
4.991299211978912354e-01
2.734222710132598877e-01
4.186855554580688477e-01
4.551219642162322998e-01
5.030144453048706055e-01
3.481186926364898682e-01
4.735019803047180176e-01
3.440230786800384521e-01
4.100106358528137207e-01
3.588294684886932373e-01
3.929520547389984131e-01
3.785071671009063721e-01
4.010453820228576660e-01
4.446763694286346436e-01
3.734092712402343750e-01
3.626700341701507568e-01
5.104521512985229492e-01
3.737017512321472168e-01
3.563650548458099365e-01
4.081248641014099121e-01
3.563077449798583984e-01
3.966458439826965332e-01
3.727140128612518311e-01
4.307028651237487793e-01
3.712491691112518311e-01
4.127352833747863770e-01
4.223770201206207275e-01
3.930623531341552734e-01
4.276747107505798340e-01
3.536684811115264893e-01
4.168136715888977051e-01
4.749066233634948730e-01
4.620596170425415039e-01
4.390431940555572510e-01
3.383460640907287598e-01
2.855057418346405029e-01
2.679349780082702637e-01
3.371857702732086182e-01
1.501016318798065186e-01
3.652325570583343506e-01
3.863418102264404297e-01
2.310346513986587524e-01
4.085172414779663086e-01
4.877408742904663086e-01
3.578776121139526367e-01
3.427634835243225098e-01
4.951324164867401123e-01
3.568156361579895020e-01
1.556622385978698730e-01
4.117192029953002930e-01
3.408875763416290283e-01
2.766361534595489502e-01
5.625096559524536133e-01
4.481047093868255615e-01
5.105443000793457031e-01
3.795192539691925049e-01
3.804545998573303223e-01
4.161549210548400879e-01
4.690493345260620117e-01
3.418642282485961914e-01
4.858477413654327393e-01
4.042391479015350342e-01
4.293882250785827637e-01
3.672038018703460693e-01
3.690823614597320557e-01
2.097646892070770264e-01
4.412571191787719727e-01
3.866168856620788574e-01
5.162507295608520508e-01
3.970179557800292969e-01
2.670353353023529053e-01
3.031067848205566406e-01
3.957647383213043213e-01
3.628329932689666748e-01
5.385011434555053711e-01
2.909391820430755615e-01
3.360388875007629395e-01
3.169316649436950684e-01
2.815555036067962646e-01
3.967771530151367188e-01
3.373017907142639160e-01
4.207442998886108398e-01
3.445175886154174805e-01
4.812905192375183105e-01
2.791585326194763184e-01
5.298418402671813965e-01
4.198035299777984619e-01
4.369953274726867676e-01
3.799605965614318848e-01
4.163225591182708740e-01
3.984589576721191406e-01
3.384172320365905762e-01
3.853878974914550781e-01
2.736776471138000488e-01
4.877890646457672119e-01
3.298572003841400146e-01
3.552111983299255371e-01
2.513589560985565186e-01
3.540840148925781250e-01
3.327347040176391602e-01
2.090760767459869385e-01
3.470430970191955566e-01
3.558248877525329590e-01
3.933598995208740234e-01
3.316573500633239746e-01
3.724454343318939209e-01
3.369655311107635498e-01
3.879001736640930176e-01
2.744016051292419434e-01
4.398705661296844482e-01
3.935343921184539795e-01
3.552313446998596191e-01
5.087766051292419434e-01
3.577463328838348389e-01
3.926365077495574951e-01
3.682138025760650635e-01
3.645437061786651611e-01
3.664885759353637695e-01
4.860507249832153320e-01
4.835549890995025635e-01
3.796467483043670654e-01
4.367117285728454590e-01
4.190816879272460938e-01
5.116010308265686035e-01
3.525695204734802246e-01
5.081594586372375488e-01
4.457339644432067871e-01
4.640374779701232910e-01
4.529710710048675537e-01
4.045190513134002686e-01
4.387846291065216064e-01
4.282283186912536621e-01
4.988615214824676514e-01
4.614983797073364258e-01
4.083017408847808838e-01
4.052605032920837402e-01
3.659264147281646729e-01
4.765160679817199707e-01
3.058860301971435547e-01
4.868282973766326904e-01
2.167163789272308350e-01
4.577849507331848145e-01
3.639183342456817627e-01
4.712511301040649414e-01
4.553962349891662598e-01
3.168202638626098633e-01
2.280816286802291870e-01
5.033240914344787598e-01
3.463359177112579346e-01
3.538755476474761963e-01
3.988914787769317627e-01
3.202207386493682861e-01
4.375437796115875244e-01
4.726594090461730957e-01
2.876688838005065918e-01
2.916627526283264160e-01
4.026015400886535645e-01
4.774788916110992432e-01
3.845882713794708252e-01
4.119836390018463135e-01
3.997335731983184814e-01
4.570099413394927979e-01
3.975713551044464111e-01
3.642949163913726807e-01
3.393506705760955811e-01
3.093254566192626953e-01
2.655718028545379639e-01
2.389497458934783936e-01
2.895617485046386719e-01
3.558577895164489746e-01
3.625866472721099854e-01
3.467252552509307861e-01
4.195637404918670654e-01
2.634544670581817627e-01
4.624553620815277100e-01
2.868914306163787842e-01
4.181270003318786621e-01
4.309213757514953613e-01
3.990492820739746094e-01
4.040139615535736084e-01
3.495873808860778809e-01
3.471523225307464600e-01
4.469313919544219971e-01
3.893182873725891113e-01
3.202411234378814697e-01
2.965273261070251465e-01
2.604206204414367676e-01
4.763742089271545410e-01
3.676824271678924561e-01
2.519233822822570801e-01
4.100309312343597412e-01
4.229666888713836670e-01
3.799379169940948486e-01
4.576746225357055664e-01
3.241281807422637939e-01
4.867790937423706055e-01
3.954229056835174561e-01
4.631757736206054688e-01
4.402385056018829346e-01
4.413679838180541992e-01
2.928282916545867920e-01
3.386405110359191895e-01
4.719117879867553711e-01
3.329030573368072510e-01
3.158375918865203857e-01
3.954584300518035889e-01
3.548257350921630859e-01
4.711027741432189941e-01
5.168273448944091797e-01
2.722888290882110596e-01
3.307735919952392578e-01
3.087001740932464600e-01
4.191666543483734131e-01
3.133517503738403320e-01
4.348585903644561768e-01
3.441290259361267090e-01
3.017503619194030762e-01
3.527305424213409424e-01
3.407933413982391357e-01
5.188279747962951660e-01
3.008947968482971191e-01
2.653090059757232666e-01
4.181838929653167725e-01
3.671813905239105225e-01
3.358107209205627441e-01
4.850213527679443359e-01
3.834681212902069092e-01
2.388774007558822632e-01
3.638777434825897217e-01
2.763553261756896973e-01
3.522411286830902100e-01
3.867488801479339600e-01
4.520794451236724854e-01
3.525832891464233398e-01
3.656103909015655518e-01
3.713853359222412109e-01
3.412704169750213623e-01
4.306229948997497559e-01
4.283327162265777588e-01
4.381998777389526367e-01
2.698660492897033691e-01
3.347752094268798828e-01
2.417649626731872559e-01
3.498854637145996094e-01
4.192861020565032959e-01
4.776341617107391357e-01
4.261069595813751221e-01
4.164592623710632324e-01
3.445796966552734375e-01
3.450870513916015625e-01
1.788939684629440308e-01
2.529965639114379883e-01
3.858023285865783691e-01
3.619018793106079102e-01
3.312753438949584961e-01
3.988748192787170410e-01
4.557170569896697998e-01
3.739689588546752930e-01
4.661768376827239990e-01
4.205134809017181396e-01
4.512408077716827393e-01
4.377867579460144043e-01
4.002086818218231201e-01
4.387455880641937256e-01
3.035317361354827881e-01
4.391094446182250977e-01
3.879527151584625244e-01
3.725941777229309082e-01
2.236531972885131836e-01
3.342323005199432373e-01
3.145831227302551270e-01
3.761611282825469971e-01
3.886830210685729980e-01
3.494188189506530762e-01
3.936568796634674072e-01
2.842114865779876709e-01
4.595873653888702393e-01
2.973752021789550781e-01
3.258913457393646240e-01
3.522812724113464355e-01
4.030939042568206787e-01
4.235271513462066650e-01
2.972199320793151855e-01
3.554421961307525635e-01
3.581791818141937256e-01
4.319972991943359375e-01
3.267731368541717529e-01
2.231592386960983276e-01
4.046267867088317871e-01
4.081945717334747314e-01
3.798860609531402588e-01
3.421452939510345459e-01
4.011063277721405029e-01
3.356828689575195312e-01
3.911020159721374512e-01
3.565210402011871338e-01
3.015274405479431152e-01
3.534533679485321045e-01
3.801915347576141357e-01
3.143718540668487549e-01
4.284670650959014893e-01
3.991221189498901367e-01
3.409812152385711670e-01
3.773714005947113037e-01
3.503858745098114014e-01
3.043651878833770752e-01
3.365184962749481201e-01
3.966729342937469482e-01
2.999766170978546143e-01
4.028455317020416260e-01
3.681121468544006348e-01
4.370082020759582520e-01
3.760031163692474365e-01
