5.795394154118689301e-01
4.523767345733688550e-01
7.313551815766164976e-01
6.682314732801890589e-01
1.420549158547387059e+00
3.816651904340123691e-01
5.904930617065249354e-01
1.380543253616770105e+00
1.390522586359610235e+00
2.651461470327723724e+00
5.452908178328905731e-01
3.870977266017124330e-01
8.630351343371716055e-01
3.841452612931798294e-01
2.212695600826690256e+00
4.961322704458222543e-01
6.516681428993209568e-01
5.861234130498967909e-01
5.759964570416298280e-01
5.471213463241807462e-01
1.965131384706229722e+00
4.773545910835548245e-01
6.394449365219958548e-01
6.235606731620904064e-01
2.925007381163271525e-01
1.635045763212282344e+00
7.950989075878359680e-01
2.863005609684086128e-01
7.432831414230883782e-01
3.140242102155300086e-01
5.739592559787423109e-01
1.264540891644523324e+00
5.239444936521996388e-01
6.245054620608209150e-01
4.962798937112489206e-01
9.283436669619131720e-01
4.937407735459107827e-01
1.532299970475346829e+00
8.948331857100679798e-01
3.302184824328314061e+00
4.081783289046354013e-01
1.273811632713315767e+00
9.725715972837318812e-01
7.576321228225568749e-01
4.465013286093888478e-01
2.754059639799232295e-01
9.190434012400354735e-01
4.065544729849424610e-01
1.562237968703867663e+00
1.543076468851491079e+00
6.482137584883378434e-01
9.091821671095365875e-01
1.240950693829347529e+00
1.003542958370239324e+00
1.031207558311189931e+00
4.416297608503100824e-01
6.486271036315323091e-01
5.982285208148804267e-01
2.761116031886625688e+00
4.117212872748745589e-01
5.263655152051963659e-01
9.918511957484500430e-01
8.022143489813995387e-01
3.930026572187776956e-01
3.957484499557130664e-01
7.503100088573959603e-01
1.663773250664304815e+00
2.016740478299380079e+00
1.022320637732506698e+00
1.663832299970475548e+00
4.205786832004724807e-01
4.055506347800413858e-01
1.508945969884854188e+00
8.423974018305285805e-01
4.291408325952170144e-01
1.192087392973132820e+00
8.018600531443755841e-01
5.373782108060229934e-01
7.315618541482137305e-01
1.420460584588131070e+00
5.182757602598170310e-01
1.915264245645113883e+00
8.004428697962799877e-01
1.076468851490995027e+00
1.410186005314437496e+00
3.832299970475346873e-01
6.030410392677886255e-01
5.499557130203720501e-01
5.300560968408620788e-01
5.800118098612341289e-01
4.519633894301741672e-01
3.537348686152937960e-01
4.104517271922055177e-01
4.713020372010629511e-01
4.366105698258044843e-01
6.777974608798347234e-01
