4.993518292903900146e-01
4.641653597354888916e-01
5.405805706977844238e-01
4.627935588359832764e-01
3.169535994529724121e-01
4.766574501991271973e-01
4.265759587287902832e-01
2.285109609365463257e-01
4.295446276664733887e-01
2.413981705904006958e-01
5.254401564598083496e-01
5.004941225051879883e-01
4.882086217403411865e-01
4.122157394886016846e-01
1.994930058717727661e-01
4.065553545951843262e-01
4.850794672966003418e-01
4.634132981300354004e-01
5.149450302124023438e-01
4.670844078063964844e-01
3.782085478305816650e-01
5.100120902061462402e-01
4.681718051433563232e-01
3.915098309516906738e-01
4.905301630496978760e-01
2.153412699699401855e-01
5.011619329452514648e-01
4.463404417037963867e-01
5.486986637115478516e-01
4.642725288867950439e-01
3.487750589847564697e-01
3.802588582038879395e-01
4.595156311988830566e-01
4.986201226711273193e-01
4.510434865951538086e-01
5.042853355407714844e-01
5.196192860603332520e-01
2.284139841794967651e-01
4.114893078804016113e-01
1.451780498027801514e-01
4.126593768596649170e-01
4.181467890739440918e-01
4.079778492450714111e-01
4.974539279937744141e-01
5.531491637229919434e-01
4.604342579841613770e-01
3.511920273303985596e-01
4.286880493164062500e-01
2.622464895248413086e-01
4.253425002098083496e-01
4.190014600753784180e-01
2.720654904842376709e-01
2.154162675142288208e-01
4.186950027942657471e-01
2.908675074577331543e-01
5.078260302543640137e-01
4.596717953681945801e-01
4.712985455989837646e-01
2.410063594579696655e-01
4.595293104648590088e-01
3.896272182464599609e-01
4.502305686473846436e-01
4.308269917964935303e-01
4.766916036605834961e-01
4.218804836273193359e-01
4.791389107704162598e-01
2.435345351696014404e-01
2.733084559440612793e-01
3.581566214561462402e-01
2.978311479091644287e-01
3.788220584392547607e-01
4.848591983318328857e-01
3.012248277664184570e-01
3.181195557117462158e-01
3.074210584163665771e-01
2.908639609813690186e-01
2.985097765922546387e-01
4.036760330200195312e-01
4.214730560779571533e-01
3.182345926761627197e-01
4.397934973239898682e-01
2.655196189880371094e-01
3.758827745914459229e-01
2.563128471374511719e-01
2.943018078804016113e-01
4.443258345127105713e-01
4.927327632904052734e-01
4.099196195602416992e-01
3.363266587257385254e-01
4.450055360794067383e-01
3.714844286441802979e-01
4.127690792083740234e-01
3.926055133342742920e-01
3.908603191375732422e-01
3.370783329010009766e-01
2.852099239826202393e-01
