1.124593720204829062e+01
1.087186272145869559e+01
1.151524164633742409e+01
1.058914192993441361e+01
1.061512154997704549e+01
1.138848517894507317e+01
1.090311963776566984e+01
1.053806989556643359e+01
1.110471144525630649e+01
1.064781363515342605e+01
1.088915277175347640e+01
1.118614220956746408e+01
1.106812886958940467e+01
1.054613302799940477e+01
1.055979498874765454e+01
1.074728953063922532e+01
1.128823905733419330e+01
1.103190437783111832e+01
1.080074568426339177e+01
1.083115006668813329e+01
1.062253278267483303e+01
1.120994696183029404e+01
1.103756999093515923e+01
1.063347889228643695e+01
1.090137803324032006e+01
1.057133706394359152e+01
1.099218799757298548e+01
1.110501108182326746e+01
1.093614137728993363e+01
1.115416879811942152e+01
1.063243547264463551e+01
1.094819472810297256e+01
1.103942407251854263e+01
1.106488114308539394e+01
1.109777901421742996e+01
1.094993857376230828e+01
1.106959786295947978e+01
1.053055963511305215e+01
1.072606369083289657e+01
1.059652080379746408e+01
1.105704373839352783e+01
1.077462901253116456e+01
1.080504250173065195e+01
1.082925912960959458e+01
1.098303722942364402e+01
1.078185285629312951e+01
1.068247763815085349e+01
1.082097631897782719e+01
1.055472533541685465e+01
1.066833170704931710e+01
1.088271254782738140e+01
1.073103817147126016e+01
1.056726502644133703e+01
1.077879509818513881e+01
1.061024638097454620e+01
1.079208653342723956e+01
1.065796207695710329e+01
1.078405307783606482e+01
1.060508831588657053e+01
1.070865746030372634e+01
1.077783271081124639e+01
1.065288470669141141e+01
1.073703010136519964e+01
1.076656585454913717e+01
1.068085906878997982e+01
1.078757111370938304e+01
1.057805758392452411e+01
1.059261695558561023e+01
1.071294233131262175e+01
1.055307604247937903e+01
1.062975350037614319e+01
1.071532223660598149e+01
1.053702300579154283e+01
1.058575371394894304e+01
1.058473407469374017e+01
1.054001009085795637e+01
1.054061612880400212e+01
1.059257436468666214e+01
1.068766479941967695e+01
1.057269568721691222e+01
1.065973687399909053e+01
1.051491266502058508e+01
1.063575257768839322e+01
1.053666168039056394e+01
1.053581866148412871e+01
1.061541540453920440e+01
1.067863959691532827e+01
1.061871033936841613e+01
1.071198770096716579e+01
1.052969899590148906e+01
1.051229939627657473e+01
1.054211649405259088e+01
1.053811446716179390e+01
1.050356030121885631e+01
1.051073572122430733e+01
1.053016452029953065e+01
