1.205603261970018463e+11
5.108741662579867554e+10
1.818387637087975769e+11
2.381497490298447418e+10
1.638948386673613548e+10
1.769188566891672058e+11
5.253093312050453949e+10
1.325030153066730309e+10
5.398535515575451660e+10
1.461464418063558388e+10
5.170578351647484589e+10
1.228619651774804993e+11
6.204468474533567810e+10
2.609259405879758453e+10
1.229137766598099899e+10
4.595921361775810242e+10
1.152962711599780121e+11
7.191178671654994202e+10
4.336718722028359985e+10
4.487783510469812012e+10
1.296726188429235077e+10
1.142478344103504486e+11
6.746946781512531281e+10
2.853109572824343109e+10
6.603361768130310822e+10
1.518425971271400070e+10
5.499063496759602356e+10
1.116442353836207123e+11
5.156767466010545349e+10
1.286820737725257568e+11
2.827264398943386078e+10
3.853873415332704926e+10
8.059271312124960327e+10
7.754061267784042358e+10
9.641893510537188721e+10
4.616474652320394135e+10
7.959041815830641174e+10
1.226802581261300850e+10
2.789173808253134537e+10
6.030463387878165245e+09
8.016328148830325317e+10
2.578133651186715698e+10
3.218441406708403015e+10
4.022499531577965546e+10
7.036316272885533142e+10
4.784297235681674957e+10
2.505884600217309189e+10
5.709592960746620941e+10
1.132255887770627975e+10
1.928442946788493347e+10
4.793277706005384827e+10
2.847120081904150009e+10
1.667423424980733299e+10
2.993098083051952362e+10
1.997788492173574829e+10
4.972329566507553101e+10
2.992230626534338760e+10
3.810184172456205750e+10
9.858300919132749557e+09
4.145515148416701508e+10
4.320445831562533569e+10
2.257249269666305161e+10
3.291797920191282654e+10
4.527207321732273102e+10
3.723214721972396088e+10
3.566007051066866302e+10
1.442632944384498215e+10
1.385551086812534714e+10
2.525967004876771545e+10
1.103405386672462273e+10
3.730375483502422333e+10
3.853391066871537018e+10
1.095580367801397324e+10
2.221358491506277084e+10
2.729378501879968643e+10
1.507472364086835289e+10
2.087749106928680801e+10
2.701407369291713333e+10
3.035472982611981583e+10
1.461881680571639252e+10
3.208329700465569687e+10
1.085341301551207161e+10
2.320963425812475586e+10
1.625471883331254578e+10
1.286628601030811501e+10
3.212178699382824707e+10
3.289232798171637344e+10
2.967457125048896027e+10
4.104752462236428070e+10
2.288593161433015823e+10
2.595635457158849335e+10
2.906391473191200256e+10
2.568138122175380325e+10
2.696488240046903992e+10
2.562302327561117172e+10
2.408339351066756821e+10
