7.096725914907233701e-01
1.334075224050248920e+00
5.050119963450684368e-01
1.053726336934939001e+00
1.640141176262901013e+00
1.163428522605261639e+00
9.240396453162811330e-01
1.808104509063463539e+00
1.014953240854518768e+00
1.057778172872438249e+00
1.137014198675609489e+00
4.124305915010540446e-01
1.187425630607641613e+00
5.387417237420243366e-01
1.356894250297579152e+00
3.093642355079060935e-01
9.361900366498945303e-01
6.521332730348584628e-01
8.025560118973263934e-01
1.799453451778185276e+00
1.005328132264857954e+00
4.782346471433777668e-01
1.025557085441579086e-01
6.892269083151393305e-01
3.249450961319899633e-01
1.666996231229019410e+00
7.186882293230489882e-01
7.254482144267005994e-01
9.680003005047944642e-01
5.111291206954476918e-01
1.934863459645867811e+00
1.890291954744902192e+00
8.016415922447116538e-01
6.199208100646684816e-01
1.007631837917939199e+00
4.308972937042033213e-01
9.683956709653550599e-01
2.364555983746495116e+00
6.019239443827347769e-01
1.564951311281336688e+00
6.076719388549509659e-01
8.013110284098703406e-01
1.078463149727176162e+00
1.134790508214489568e+00
6.213295860678336169e-01
1.145076644128156129e+00
1.559806875291501971e+00
6.375265728702541601e-01
1.356154358693660633e+00
7.864213422657932995e-01
1.066112382217850207e+00
3.495449070753323451e+00
1.595028416550140049e+00
1.273892803887239467e+00
1.099748421169797430e+00
9.511627802626944073e-01
8.513705641316737793e-01
7.494024455868748547e-01
9.322528794894884285e-01
3.745242259565709220e-01
2.965278463664455355e+00
9.556067118637157076e-01
5.814372993340367612e-01
1.239176030515310778e+00
1.337782352880429348e+00
1.154418639789887013e+00
7.900746517285651693e-01
6.923927924227073483e-01
1.139879221099887152e+00
9.040224036320225753e-01
4.322998895692192201e-01
5.796604112471673842e-01
8.797817450492358970e-01
9.827736608077320968e-01
4.017220297479078717e+00
1.158475942450405638e+00
1.069355948801341993e+00
7.520565081891418258e-01
1.534386463819418900e+00
6.911119040219364518e-01
6.690565981700041798e-01
5.386329405914253021e-01
7.678802639984502187e-01
2.039909512971393113e+00
1.409889578744442318e+00
5.905509884040756052e-01
7.217829906453547828e-01
1.329170433042959232e+00
5.346266756391294672e-01
7.291685535680632047e-01
1.274359429881483763e+00
1.836718784605474664e+00
6.068310778667168615e-01
9.641021544669354792e-01
5.065475855467188593e-01
8.211757726893941234e-01
