4.412911440475821845e-01
1.951444392774863701e-01
4.395557577591246989e-01
3.981649172533958669e-01
1.740862529113176294e-01
2.250080889838061982e-01
4.158223375505714081e-01
2.547038720009100476e-01
2.781287349125131092e-01
3.843612688498136976e-01
2.581051672187846258e-01
3.654271772266179941e-01
1.888453059761487918e-01
3.549605078242545897e-01
2.371990520269748881e-01
3.504327024588671513e-01
1.971117157437842771e-01
3.231165542633887000e-01
2.268808324449547165e-01
1.853987963500693947e-01
3.531514766720555976e-01
3.072143692124928993e-01
3.593715791800540238e-01
4.305171296239143075e-01
3.611715450552674955e-01
2.274726759818275212e-01
1.646566684216703713e-01
3.421048774115356128e-01
2.167068531218923066e-01
4.495113373853998340e-01
1.969605807831416033e-01
1.480168609583027983e-01
3.832989829076866029e-01
3.811143337658107200e-01
3.225323673675206670e-01
2.604879513490470089e-01
2.164833355945701143e-01
1.373279968838094778e-01
3.258273693076005895e-01
2.259929384006758024e-01
2.657437370133401977e-01
3.013913584523102429e-01
3.472364201738153966e-01
2.097569713116091972e-01
2.842219437126889403e-01
2.912181242658538061e-01
3.330900637967680877e-01
5.169931191293264394e-01
2.203545412848588736e-01
2.490399929254156763e-01
4.415224494178870973e-01
3.364082520945561594e-01
2.149166399287356644e-01
4.186495812993840104e-01
2.820949830025509808e-01
3.896744246646668408e-01
2.005856767940965568e-01
2.858500661864658010e-01
3.257587897727025616e-01
3.567502091287686472e-01
2.132549500648293073e-01
2.553558986261084129e-01
2.562245948247590110e-01
2.007036274326180481e-01
4.073554513498348628e-01
3.657591204423107367e-01
3.445383970117252836e-01
3.301388034849059849e-01
2.932575789611997497e-01
3.137031799234373253e-01
4.513931768902821329e-01
3.851449700830520406e-01
3.631682043649466785e-01
3.355922112983651395e-01
7.248715526585569613e-02
3.166761478340021085e-01
3.640988795118549337e-01
4.522250782550147896e-01
1.563610164418889337e-01
3.205375094183950946e-01
2.683994126219433340e-01
3.795492148296251145e-01
3.870044978104911770e-01
1.472727445773408528e-01
1.866376200626833626e-01
3.984876768952814174e-01
1.907836761327925679e-01
3.295921086087429952e-01
4.560228200689104838e-01
2.029220348616367353e-01
3.278824288856474478e-01
3.396666926651630281e-01
4.313018994889007418e-01
2.022817910157914678e-01
3.144060219033479875e-01
2.797514414899998636e-01
