1.108264448939109802e+10
5.111423556448469162e+09
1.137059711455618286e+10
2.620197375292569160e+09
2.793691434708392620e+09
1.748464052066913986e+10
5.370666097513978004e+09
3.723631714577801704e+09
3.453553450455294132e+09
1.722118386322636604e+09
4.456006425477927208e+09
6.024904146966854095e+09
5.147931134498157501e+09
2.164528896671659946e+09
2.094384262973119974e+09
2.692387925873965740e+09
1.131179814595194626e+10
6.084548047058503151e+09
2.985018147014307499e+09
5.955504487367172241e+09
1.015833629196110368e+09
5.720260032687693596e+09
3.783844770367443562e+07
3.778480957664295673e+09
3.108192688973644257e+09
4.974229804084758759e+09
4.585940878393767357e+09
9.856136356468471527e+09
3.242005244610417366e+09
6.291520930618371964e+09
4.799586710631029129e+09
8.755630895703720093e+09
7.796900590755919456e+09
6.548374356695664406e+09
1.043530378461258507e+10
2.032413208371365786e+09
7.839133055390226364e+09
5.239901923478920937e+09
1.979221882625188589e+09
3.712177341185081482e+09
4.835194068688503265e+09
3.223073902657073021e+09
2.668361929081944942e+09
3.406703429357864857e+09
2.747774293451038837e+09
4.112990218728264332e+09
3.122682409142752647e+09
5.593781001610816956e+09
3.146077058181190014e+09
2.148036913891514778e+09
5.844065162280927658e+09
1.064513339013429642e+10
3.480557915914565563e+09
4.465762967931326866e+09
2.747448483126468658e+09
2.072092367533252716e+09
2.966759964207543850e+09
2.002444103255190849e+09
1.295926287147231579e+09
3.151124323431609154e+09
9.764580437347862244e+09
1.762604137155798197e+09
2.926025294751323223e+09
3.346666425226416111e+09
5.229338217488053322e+09
2.760274675987273216e+09
1.175337987885915041e+09
1.155416109869797945e+09
3.766642802720236301e+09
2.297631841784792423e+09
2.705069933621681213e+09
1.253365609266715288e+09
2.408148972176011562e+09
2.877446537031920910e+09
8.954092959326730728e+09
3.532974686983495235e+09
2.964467655982512474e+09
1.748406460805662870e+09
7.197308278312172890e+09
1.803811924759837627e+09
2.799630004556461334e+09
1.579951241081031561e+09
2.537408177009590626e+09
4.891420565711784363e+09
3.265784633345883846e+09
2.051316623977057457e+09
2.508598906574288368e+09
4.006648979481432438e+09
4.449367349696496010e+09
8.940163137043203115e+08
5.192880459224139214e+09
5.094995251337245941e+09
2.844907720707464218e+09
4.440592390117243767e+09
2.725419681018648148e+09
4.338833359223488808e+09
