1.389263719320297241e-01
6.611179560422897339e-02
2.203198522329330444e-01
1.454565525054931641e-01
-1.173658519983291626e-01
8.882274478673934937e-02
7.250955700874328613e-02
-2.075817137956619263e-01
8.288870006799697876e-02
-1.069822683930397034e-01
1.212643161416053772e-01
1.607868522405624390e-01
1.057720407843589783e-01
8.002811670303344727e-02
-2.245999574661254883e-01
4.966432973742485046e-02
8.363455533981323242e-02
1.076990514993667603e-01
1.475594192743301392e-01
2.885821461677551270e-02
8.359103463590145111e-03
1.692173629999160767e-01
1.019581854343414307e-01
2.495423704385757446e-02
1.419273763895034790e-01
-2.248227000236511230e-01
6.503903865814208984e-02
7.611418515443801880e-02
1.776176095008850098e-01
1.252558678388595581e-01
-1.033098623156547546e-01
-6.947965919971466064e-02
8.704998344182968140e-02
1.329386979341506958e-01
7.334204763174057007e-02
1.302917748689651489e-01
1.161647513508796692e-01
-2.753702104091644287e-01
5.537305772304534912e-02
-3.158408403396606445e-01
3.186720609664916992e-02
4.090708494186401367e-02
3.680304437875747681e-02
1.178620234131813049e-01
2.137090563774108887e-01
7.237301766872406006e-02
3.667064011096954346e-03
1.155551895499229431e-01
-1.753496676683425903e-01
1.721891574561595917e-02
8.025218546390533447e-02
-1.769045442342758179e-01
-2.105448693037033081e-01
3.083606250584125519e-02
-9.045813977718353271e-02
1.593007296323776245e-01
5.917839333415031433e-02
1.109830662608146667e-01
-1.475860625505447388e-01
1.283743828535079956e-01
-4.810860380530357361e-02
6.195541843771934509e-02
5.189261958003044128e-02
8.795234560966491699e-02
5.915512517094612122e-02
1.324032396078109741e-01
-1.349228024482727051e-01
-1.137121543288230896e-01
-3.774952515959739685e-02
-1.064811348915100098e-01
3.189650177955627441e-02
1.702401340007781982e-01
-7.003953307867050171e-02
-6.020718440413475037e-02
-2.255815267562866211e-01
-9.384404867887496948e-02
-7.705584168434143066e-02
9.784086793661117554e-02
-1.395449414849281311e-02
-6.202623620629310608e-02
7.480252534151077271e-02
-1.074370667338371277e-01
1.755784451961517334e-02
-2.023245692253112793e-01
-1.957552284002304077e-01
1.024115905165672302e-01
1.054378896951675415e-01
6.835104525089263916e-02
-2.690059505403041840e-02
7.955265790224075317e-02
-1.598887331783771515e-02
3.497722791507840157e-03
2.708626724779605865e-02
-1.930303871631622314e-02
-4.402874410152435303e-02
-1.050271615386009216e-01
