4.010311961174011230e-01
4.207014441490173340e-01
3.794857263565063477e-01
3.860394060611724854e-01
5.110202431678771973e-01
4.121109247207641602e-01
4.079873263835906982e-01
4.746946692466735840e-01
4.147320091724395752e-01
4.596444368362426758e-01
4.147403836250305176e-01
3.925395309925079346e-01
4.200939238071441650e-01
3.834612667560577393e-01
5.083819627761840820e-01
4.305491149425506592e-01
4.306479990482330322e-01
3.774417638778686523e-01
4.036042690277099609e-01
4.677489697933197021e-01
4.421705603599548340e-01
3.954915106296539307e-01
4.220310151576995850e-01
4.207996726036071777e-01
3.790346682071685791e-01
4.669273495674133301e-01
4.617228806018829346e-01
4.108515977859497070e-01
4.234988987445831299e-01
3.681254386901855469e-01
4.653770923614501953e-01
4.766336977481842041e-01
4.285781085491180420e-01
3.953940868377685547e-01
3.941332995891571045e-01
4.410643279552459717e-01
4.265526533126831055e-01
5.181914567947387695e-01
4.247951209545135498e-01
4.838902652263641357e-01
3.975068628787994385e-01
4.261291921138763428e-01
4.185491204261779785e-01
4.287233054637908936e-01
3.836597800254821777e-01
4.006582796573638916e-01
4.093355238437652588e-01
3.541119992733001709e-01
4.665760993957519531e-01
4.467009007930755615e-01
3.994043767452239990e-01
4.618831276893615723e-01
4.679939746856689453e-01
4.134379029273986816e-01
4.147540330886840820e-01
4.045304656028747559e-01
4.244613051414489746e-01
3.946026265621185303e-01
4.602829813957214355e-01
3.807216882705688477e-01
4.503287374973297119e-01
4.458491206169128418e-01
4.342962205410003662e-01
4.340962767601013184e-01
3.906180560588836670e-01
3.837971389293670654e-01
4.385119378566741943e-01
4.738061428070068359e-01
4.307635426521301270e-01
4.569431841373443604e-01
3.986846506595611572e-01
3.632621169090270996e-01
4.265534579753875732e-01
4.264149963855743408e-01
5.413994193077087402e-01
4.394649863243103027e-01
4.288612306118011475e-01
3.851271569728851318e-01
4.611491858959197998e-01
4.443117976188659668e-01
4.109162986278533936e-01
4.743299186229705811e-01
4.144524335861206055e-01
5.021570920944213867e-01
5.116948485374450684e-01
3.712942302227020264e-01
4.415356218814849854e-01
3.881902396678924561e-01
4.071054458618164062e-01
4.387408494949340820e-01
4.015670418739318848e-01
4.242490530014038086e-01
3.983010947704315186e-01
4.281798899173736572e-01
4.176095426082611084e-01
4.153889119625091553e-01
