4.510011076927185059e-01
4.482304453849792480e-01
4.200074076652526855e-01
4.456827938556671143e-01
4.780353903770446777e-01
4.661564826965332031e-01
5.026041865348815918e-01
4.607717096805572510e-01
5.413661599159240723e-01
4.338216483592987061e-01
4.175457656383514404e-01
4.246618449687957764e-01
4.865877926349639893e-01
5.046225190162658691e-01
4.325757026672363281e-01
4.251375794410705566e-01
4.841409921646118164e-01
4.908969998359680176e-01
4.672158658504486084e-01
3.944563567638397217e-01
