4.728373191614997917e-01
5.213807696092903621e-01
2.364186595807498958e-01
7.231325656923530687e-01
5.769609290424171366e-01
3.304300757799429333e-01
7.366893022340320618e-01
3.976970770593444837e-01
1.002731030410392465e+00
5.422448577895875310e-01
3.382787127251254411e-01
4.024948331857099992e-01
3.509989174293868808e-01
2.991831512646392910e-01
4.024210215529966939e-01
2.511071744906996916e-01
1.134337171538234434e+00
9.238263950398581947e-01
2.917281763605944489e-01
3.585277039661450837e-01
