1.511737171673284141e-01
1.764563468996718232e-01
1.635505633224916266e-01
3.427761566504282653e-01
1.302150375394286463e-01
1.482009485290158857e-01
9.353393476543248042e-02
1.741194014868634454e-01
9.907722459992407416e-02
2.501173636997805483e-01
2.876747447410112901e-01
1.639706697719360839e-01
2.667085709127187121e-01
8.396716976132467813e-02
1.568360801041879249e-01
2.189364886179359093e-01
2.483805280071235133e-01
1.242008529201543698e-01
1.067356277474298398e-01
2.876825264960038431e-01
