4.894759356975555420e-01
5.360118746757507324e-01
4.826930165290832520e-01
3.564380407333374023e-01
3.482412993907928467e-01
4.850922822952270508e-01
3.394816517829895020e-01
3.584075570106506348e-01
2.718733847141265869e-01
4.979263246059417725e-01
5.202353596687316895e-01
4.091005921363830566e-01
4.176822304725646973e-01
3.752471804618835449e-01
4.896659851074218750e-01
4.173166751861572266e-01
3.421548902988433838e-01
2.895402908325195312e-01
4.410498440265655518e-01
4.049169421195983887e-01
