7.471853494644165039e-02
1.287573575973510742e-01
7.263904064893722534e-02
-6.970087066292762756e-03
-9.401077032089233398e-02
7.310301065444946289e-02
-1.288705766201019287e-01
-7.418047636747360229e-02
-2.207136005163192749e-01
1.243807300925254822e-01
1.322916597127914429e-01
1.813168823719024658e-02
1.742318086326122284e-02
-1.262112259864807129e-01
9.404851496219635010e-02
1.844645710662007332e-03
-6.598150730133056641e-02
-1.720035225152969360e-01
-1.011929474771022797e-02
4.262227565050125122e-02
