1.130951198418732417e+01
1.104050528546921939e+01
1.080755020696149948e+01
1.065828607535952166e+01
1.073267860847509958e+01
1.083739251707286044e+01
1.070695376110424313e+01
1.066431185387800973e+01
1.051868098742537150e+01
1.078270911811989308e+01
1.094007527052661821e+01
1.075681078103862554e+01
1.073638944402080142e+01
1.074110458862025297e+01
1.068696277455616261e+01
1.059582544377634861e+01
1.052120798329841023e+01
1.050529821194907854e+01
1.055576255618107595e+01
1.065085678877505337e+01
