1.684958733979328160e+00
1.699182472509001451e+00
2.929796902916981693e+00
1.693010128426306382e+00
4.496919383602857145e+00
2.016299870659218119e+00
7.192087385963612078e+00
3.301292641268575689e+00
4.764038509404023181e+00
2.231900783221794971e+00
2.053545142401353107e+00
2.482795229479253241e+00
1.363300974035392743e+00
7.101912229091270845e+00
1.996392783465131382e+00
3.089081452877631140e+00
1.543468868890098822e+00
4.967901101476111414e+00
5.076694818164574130e+00
1.584216730809683726e+00
